0 1
0 2
0 3
0 5
0 7
0 9
0 10
0 11
0 13
0 14
0 17
0 18
0 19
0 20
0 22
0 23
0 25
0 28
0 32
0 36
0 38
0 44
0 45
0 47
0 50
0 57
0 60
0 61
0 68
0 71
0 77
0 78
0 86
0 88
0 91
0 98
0 103
0 107
0 110
0 116
0 118
0 122
0 130
0 139
0 140
1 3
1 4
1 6
1 7
1 8
1 15
1 17
1 21
1 27
1 28
1 43
1 45
1 49
1 65
1 67
1 75
1 78
1 97
1 99
1 106
1 112
1 125
1 133
1 137
1 140
1 141
1 143
1 156
2 4
2 16
2 41
2 57
2 79
2 102
3 8
4 5
4 6
4 12
4 13
4 15
4 16
4 18
4 19
4 23
4 30
4 36
4 40
4 53
4 62
4 64
4 69
4 74
4 80
4 83
4 86
4 87
4 93
4 99
4 102
4 114
4 117
4 154
4 157
5 11
5 12
5 22
5 24
5 30
5 33
5 34
5 39
5 42
5 62
5 67
5 135
6 9
6 29
6 31
6 37
6 50
6 55
6 60
6 82
6 101
6 105
6 110
6 115
6 133
6 143
6 148
6 154
7 59
7 129
8 10
8 14
8 20
8 26
8 117
8 121
9 104
9 124
9 149
10 32
10 51
10 58
10 85
10 95
10 105
10 108
10 121
11 61
12 37
12 84
13 26
13 40
13 116
13 128
14 123
14 134
14 149
15 46
15 47
15 73
15 118
15 127
15 131
15 142
16 21
16 33
16 43
16 49
16 68
16 96
16 113
16 146
16 148
16 151
17 38
17 46
17 52
17 147
18 51
18 54
18 111
19 24
19 153
21 25
21 34
21 75
22 42
22 76
22 151
22 152
22 157
22 158
24 27
24 35
24 72
24 134
25 35
25 135
26 29
26 64
26 65
26 84
26 91
26 109
26 128
27 44
27 56
27 90
27 92
27 106
27 119
29 31
30 98
31 39
31 55
31 56
32 81
32 82
32 155
33 48
33 59
33 97
33 127
34 58
35 71
35 89
37 41
37 53
37 81
37 108
37 130
39 70
41 93
41 144
43 48
43 80
44 136
45 63
45 69
48 131
49 52
49 54
49 76
49 95
49 115
49 125
49 138
49 153
50 66
50 72
50 88
50 145
52 63
53 124
54 119
56 138
57 70
57 85
57 94
57 146
59 96
61 66
61 120
61 132
62 87
62 113
62 114
62 136
64 79
65 132
65 152
66 73
66 74
67 107
69 77
69 89
69 100
69 101
69 142
70 129
72 100
74 83
75 112
75 126
75 137
77 145
79 90
79 92
82 104
82 126
84 123
85 122
87 94
87 109
87 158
92 103
94 111
101 141
104 139
112 120
126 144
130 150
135 159
137 150
137 156
140 147
146 159
147 155
