0 1
0 2
0 3
0 4
0 5
0 6
0 7
0 8
0 9
0 10
0 11
0 13
0 14
0 17
0 18
0 19
0 20
0 22
0 23
0 24
0 26
0 27
0 29
0 32
0 34
0 37
0 38
0 48
0 52
0 53
0 54
0 55
0 61
0 62
0 64
0 69
0 70
0 77
0 78
0 80
0 85
0 88
0 89
0 94
0 99
0 105
0 114
0 116
0 117
0 125
0 130
0 135
0 139
0 141
0 143
0 148
1 8
1 10
1 13
1 36
1 37
1 57
1 97
1 102
2 8
2 9
2 10
2 11
2 13
2 14
2 18
2 19
2 21
2 25
2 30
2 40
2 41
2 42
2 44
2 47
2 49
2 68
2 70
2 73
2 98
2 115
2 121
2 147
3 8
3 11
3 12
3 15
3 16
3 17
3 19
3 25
3 28
3 29
3 46
3 47
3 48
3 53
3 83
3 99
3 104
3 119
3 145
4 8
4 9
4 10
4 11
4 12
4 13
4 15
4 16
4 19
4 20
4 28
4 29
4 31
4 34
4 35
4 37
4 52
4 57
4 60
4 64
4 66
4 67
4 86
4 89
4 91
4 112
4 119
4 142
4 147
5 8
5 9
5 12
5 14
5 16
5 20
5 33
5 41
5 127
6 8
6 9
6 10
6 12
6 17
6 24
6 25
6 28
6 30
6 33
6 35
6 40
6 45
6 46
6 58
6 77
6 87
6 106
6 131
7 9
7 16
7 21
7 60
8 9
8 10
8 11
8 12
8 13
8 14
8 15
8 16
8 17
8 21
8 24
8 29
8 33
8 36
8 41
8 43
8 44
8 46
8 53
8 55
8 57
8 60
8 61
8 68
8 70
8 73
8 74
8 75
8 76
8 94
8 100
8 106
8 111
8 116
8 121
8 149
9 10
9 11
9 12
9 13
9 14
9 15
9 17
9 18
9 20
9 22
9 23
9 24
9 26
9 27
9 28
9 29
9 30
9 32
9 35
9 36
9 43
9 44
9 45
9 47
9 50
9 54
9 55
9 58
9 59
9 60
9 61
9 62
9 63
9 77
9 78
9 83
9 85
9 87
9 91
9 93
9 94
9 97
9 99
9 108
9 111
9 122
9 139
9 141
9 147
10 11
10 14
10 15
10 20
10 21
10 22
10 23
10 32
10 33
10 34
10 36
10 38
10 39
10 42
10 51
10 77
10 80
10 90
10 91
10 97
10 98
10 107
10 114
10 119
10 131
10 134
10 138
10 144
11 12
11 15
11 16
11 19
11 20
11 21
11 24
11 26
11 28
11 29
11 31
11 32
11 52
11 56
11 63
11 74
11 76
11 85
11 89
11 94
11 101
11 104
11 109
11 112
11 119
11 120
11 126
11 134
11 138
11 143
11 145
12 13
12 15
12 23
12 40
12 42
12 44
12 49
12 53
12 59
12 61
12 63
12 72
12 77
12 94
12 133
12 136
12 146
13 14
13 16
13 17
13 18
13 22
13 23
13 24
13 26
13 31
13 34
13 35
13 39
13 40
13 41
13 43
13 51
13 59
13 63
13 66
13 74
13 79
13 84
13 88
13 90
13 101
13 114
13 115
13 120
13 127
13 133
13 135
14 17
14 18
14 20
14 26
14 30
14 37
14 38
14 40
14 49
14 50
14 53
14 56
14 58
14 62
14 63
14 73
14 76
14 79
14 82
14 83
14 86
14 93
14 95
14 101
14 104
14 109
14 115
14 117
14 119
14 123
14 126
14 130
14 140
14 143
14 145
14 146
14 148
15 18
15 23
15 24
15 27
15 30
15 31
15 35
15 37
15 42
15 44
15 45
15 50
15 61
15 76
15 95
15 107
15 111
15 123
15 130
16 19
16 22
16 25
16 26
16 28
16 34
16 38
16 42
16 45
16 46
16 47
16 49
16 52
16 53
16 55
16 62
16 73
16 81
16 85
16 118
16 139
17 18
17 21
17 22
17 40
17 41
17 50
17 53
17 54
17 55
17 58
17 65
17 70
17 75
17 78
17 86
17 100
17 110
17 118
17 125
17 142
17 143
18 19
18 21
18 48
18 52
18 57
18 58
18 65
18 72
18 74
18 82
18 84
18 93
18 113
18 120
18 124
18 127
18 133
19 32
19 57
19 69
19 78
19 80
19 103
19 106
19 110
19 141
20 22
20 25
20 26
20 27
20 28
20 32
20 35
20 38
20 39
20 51
20 52
20 56
20 64
20 71
20 72
20 78
20 84
20 92
20 100
20 105
20 108
20 113
20 116
20 124
20 135
20 146
20 148
21 23
21 25
21 27
21 31
21 33
21 37
21 39
21 42
21 45
21 50
21 51
21 57
21 59
21 75
21 98
21 108
21 113
21 114
21 120
21 123
21 132
21 140
22 32
22 39
22 47
22 54
22 72
22 96
22 106
22 123
23 27
23 35
23 38
23 54
23 59
23 60
23 71
23 95
23 96
23 104
23 118
23 129
23 131
23 134
23 142
23 149
24 25
24 30
24 37
24 40
24 46
24 47
24 49
24 65
24 71
24 75
24 78
24 81
24 83
24 90
24 95
24 98
24 104
24 107
24 111
24 112
24 116
24 121
24 134
24 136
24 146
25 27
25 30
25 43
25 64
25 90
25 115
26 31
26 34
26 36
26 41
26 50
26 52
26 58
26 81
26 87
26 91
26 110
26 144
26 145
26 148
27 31
27 48
27 50
27 70
27 73
27 122
27 130
28 29
28 43
28 46
28 49
28 62
28 67
28 68
28 81
28 92
28 104
28 119
28 129
29 45
29 55
29 63
29 66
29 67
29 75
29 107
29 124
29 125
30 33
30 36
30 67
30 68
30 71
30 86
30 96
30 100
30 117
30 139
30 143
31 33
31 74
31 96
31 147
32 47
32 56
32 59
32 60
32 65
32 72
32 97
32 101
32 136
33 34
33 39
33 41
33 48
33 55
33 66
33 71
33 91
33 105
33 112
33 117
33 133
33 137
34 36
34 58
34 69
34 106
35 38
35 39
35 43
35 45
35 64
35 79
35 88
35 92
35 128
36 44
36 56
36 67
36 70
36 84
36 145
37 44
37 51
37 68
37 92
37 109
37 116
37 124
38 62
38 63
38 64
38 66
38 85
38 89
38 95
38 108
38 112
39 94
39 129
39 148
40 42
40 43
40 46
40 59
40 61
40 65
40 80
40 85
40 103
40 111
40 124
40 126
40 132
40 140
41 72
41 75
41 83
41 86
41 94
41 113
42 51
42 98
42 103
42 108
42 143
43 51
43 93
43 111
43 113
43 114
43 118
43 128
43 134
43 141
44 73
44 80
44 82
44 105
45 48
45 124
45 127
45 129
46 48
46 54
46 84
46 89
46 102
46 103
46 110
46 132
46 133
46 137
47 49
47 56
47 68
47 83
47 92
47 103
47 105
47 131
47 137
48 69
48 76
48 84
48 117
48 129
49 54
49 115
49 126
50 62
50 87
51 76
51 82
51 109
51 111
51 122
51 130
52 66
52 96
52 97
53 60
53 84
53 139
54 71
54 78
54 88
54 92
54 104
55 56
55 57
55 66
55 67
55 69
55 73
55 110
55 127
55 139
56 61
56 69
56 82
56 100
56 105
56 117
57 68
57 77
57 80
57 88
57 99
57 138
58 64
58 71
58 105
59 65
59 67
59 77
59 101
59 107
59 114
59 119
59 133
59 140
59 144
60 65
60 72
60 96
60 109
61 69
61 74
61 79
61 97
61 121
62 87
62 121
63 79
63 87
63 89
63 140
63 141
64 90
65 75
65 80
65 95
65 102
65 118
65 132
65 140
66 74
66 86
66 125
66 138
66 148
67 70
67 85
67 86
67 90
67 115
67 120
67 122
67 133
67 142
68 93
69 79
69 91
69 99
69 122
69 135
69 147
70 89
70 101
70 102
70 137
71 76
71 79
71 81
71 100
71 122
71 137
71 145
72 82
72 103
72 108
72 122
72 125
72 128
73 81
73 92
73 141
74 81
74 91
74 103
74 136
74 143
74 149
75 93
75 117
75 126
75 131
75 136
75 138
76 87
76 107
76 118
76 145
77 83
77 102
77 112
77 146
78 100
78 108
78 116
78 118
78 138
78 141
79 144
80 82
80 142
82 106
82 137
82 144
83 113
84 99
84 109
85 88
85 93
85 102
85 107
85 132
86 88
86 106
86 129
86 134
87 109
87 110
87 115
87 125
87 126
87 132
87 139
87 148
88 120
88 121
89 90
89 95
89 99
90 116
91 97
92 135
92 137
93 98
93 102
93 126
94 98
94 128
94 144
95 96
95 121
97 123
98 123
99 101
99 138
101 129
101 149
103 124
103 128
103 140
105 134
107 112
107 125
107 127
107 132
109 110
109 127
110 114
110 147
112 113
116 131
117 136
117 144
118 120
118 123
118 135
118 136
122 128
122 130
123 147
124 128
127 130
127 131
127 142
128 149
132 135
133 142
135 146
140 149
142 146
145 149
