0 1
0 2
0 3
0 5
0 7
0 9
0 10
0 11
0 13
0 14
0 17
0 18
0 19
0 20
0 22
0 23
0 25
0 28
0 32
0 36
0 38
0 44
0 45
0 47
0 50
0 57
0 60
0 61
0 68
0 71
0 77
0 78
1 3
1 4
1 6
1 7
1 8
1 15
1 17
1 21
1 27
1 28
1 43
1 45
1 49
1 65
1 67
1 75
1 78
2 4
2 16
2 41
2 57
2 79
3 8
4 5
4 6
4 12
4 13
4 15
4 16
4 18
4 19
4 23
4 30
4 36
4 40
4 53
4 62
4 64
4 69
4 74
5 11
5 12
5 22
5 24
5 30
5 33
5 34
5 39
5 42
5 62
5 67
6 9
6 29
6 31
6 37
6 50
6 55
6 60
7 59
8 10
8 14
8 20
8 26
10 32
10 51
10 58
11 61
12 37
13 26
13 40
15 46
15 47
15 73
16 21
16 33
16 43
16 49
16 68
17 38
17 46
17 52
18 51
18 54
19 24
21 25
21 34
21 75
22 42
22 76
24 27
24 35
24 72
25 35
26 29
26 64
26 65
27 44
27 56
29 31
31 39
31 55
31 56
33 48
33 59
34 58
35 71
37 41
37 53
39 70
43 48
45 63
45 69
49 52
49 54
49 76
50 66
50 72
52 63
57 70
61 66
64 79
66 73
66 74
69 77
