0 1
0 2
0 3
0 4
0 5
0 6
0 7
0 8
0 9
0 10
0 11
0 12
0 13
0 14
0 15
0 16
0 17
0 18
0 19
0 20
0 21
0 22
0 23
0 24
0 25
0 26
0 27
0 28
0 29
0 30
0 31
0 32
0 34
0 35
0 36
0 37
0 38
0 39
0 41
0 49
0 50
0 54
0 58
0 60
0 63
0 64
0 65
0 66
0 67
0 69
0 71
0 72
0 78
0 79
0 83
0 87
0 89
0 90
0 92
0 99
0 106
0 110
0 111
0 112
0 113
0 115
0 117
0 119
0 124
0 127
0 130
0 136
0 141
0 142
0 144
0 151
0 152
0 157
0 162
0 172
0 178
0 179
0 181
0 186
0 200
0 209
0 213
0 215
0 217
0 219
0 226
0 228
0 230
0 232
0 233
0 234
0 235
0 237
0 240
0 248
0 251
0 252
0 254
0 256
0 259
0 265
0 271
0 282
0 288
0 289
0 293
1 17
1 20
1 21
1 22
1 23
1 24
1 25
1 30
1 31
1 33
1 37
1 41
1 44
1 48
1 50
1 55
1 59
1 74
1 75
1 89
1 117
1 119
1 120
1 121
1 133
1 139
1 140
1 145
1 155
1 159
1 170
1 176
1 180
1 193
1 198
1 237
1 244
1 269
1 270
1 273
1 295
2 16
2 18
2 21
2 24
2 31
2 33
2 45
2 57
2 58
2 69
2 71
2 76
2 82
2 83
2 97
2 100
2 121
2 125
2 129
2 150
2 152
2 171
2 210
2 225
2 231
2 246
2 247
2 249
2 250
2 265
2 270
2 285
3 16
3 17
3 18
3 19
3 20
3 21
3 22
3 24
3 29
3 30
3 35
3 36
3 78
3 84
3 85
3 88
3 101
3 113
3 117
3 173
3 227
3 259
3 261
3 280
3 298
4 16
4 17
4 18
4 19
4 21
4 22
4 23
4 25
4 29
4 34
4 41
4 54
4 56
4 59
4 73
4 78
4 79
4 82
4 102
4 112
4 133
4 144
4 160
4 172
4 183
4 184
4 240
4 248
4 259
4 284
5 16
5 17
5 18
5 19
5 23
5 25
5 32
5 44
5 48
5 52
5 53
5 57
5 67
5 72
5 74
5 87
5 92
5 96
5 101
5 102
5 103
5 116
5 127
5 129
5 133
5 134
5 138
5 141
5 142
5 143
5 157
5 163
5 185
5 232
5 254
5 258
5 275
6 16
6 18
6 19
6 20
6 21
6 22
6 23
6 25
6 26
6 27
6 28
6 29
6 32
6 36
6 38
6 39
6 41
6 42
6 45
6 46
6 49
6 51
6 52
6 53
6 55
6 57
6 61
6 62
6 66
6 67
6 70
6 71
6 75
6 78
6 81
6 82
6 84
6 88
6 91
6 92
6 95
6 103
6 104
6 106
6 112
6 130
6 136
6 138
6 145
6 146
6 147
6 153
6 177
6 183
6 192
6 197
6 199
6 200
6 211
6 214
6 216
6 222
6 236
6 243
6 245
6 258
6 264
6 296
6 297
7 16
7 17
7 18
7 19
7 20
7 21
7 22
7 23
7 26
7 27
7 29
7 35
7 37
7 40
7 43
7 62
7 72
7 73
7 76
7 79
7 80
7 81
7 87
7 92
7 94
7 95
7 96
7 100
7 101
7 103
7 109
7 110
7 115
7 119
7 137
7 139
7 140
7 146
7 153
7 166
7 168
7 170
7 172
7 186
7 194
7 199
7 211
7 212
7 215
7 220
7 222
7 230
7 232
7 243
7 250
7 265
7 287
8 16
8 17
8 19
8 25
8 26
8 28
8 40
8 41
8 53
8 56
8 58
8 59
8 82
8 84
8 85
8 102
8 103
8 105
8 107
8 108
8 109
8 116
8 119
8 144
8 146
8 157
8 164
8 206
8 213
8 216
8 219
8 222
8 234
8 242
8 276
8 288
8 294
8 297
9 16
9 17
9 19
9 20
9 21
9 26
9 27
9 29
9 30
9 31
9 34
9 38
9 41
9 44
9 52
9 57
9 61
9 66
9 75
9 83
9 89
9 93
9 95
9 108
9 114
9 117
9 126
9 132
9 137
9 152
9 186
9 193
9 282
9 295
10 16
10 17
10 18
10 19
10 20
10 22
10 24
10 27
10 28
10 32
10 33
10 37
10 40
10 44
10 45
10 49
10 50
10 52
10 61
10 64
10 70
10 77
10 79
10 91
10 96
10 115
10 133
10 140
10 144
10 148
10 149
10 155
10 164
10 165
10 167
10 169
10 177
10 181
10 204
10 205
10 221
10 242
10 243
10 276
10 278
10 285
11 16
11 17
11 18
11 19
11 20
11 23
11 24
11 25
11 26
11 29
11 32
11 36
11 44
11 45
11 53
11 55
11 72
11 93
11 109
11 126
11 158
11 167
11 176
11 182
11 218
11 219
11 221
11 253
11 276
11 286
12 16
12 17
12 18
12 19
12 20
12 25
12 28
12 33
12 34
12 38
12 43
12 45
12 46
12 48
12 51
12 53
12 55
12 57
12 88
12 100
12 117
12 125
12 132
12 137
12 168
12 185
12 259
13 16
13 17
13 18
13 20
13 21
13 22
13 23
13 34
13 43
13 48
13 53
13 61
13 77
13 99
13 147
13 148
13 156
13 184
13 185
13 217
13 226
13 230
13 232
13 234
13 239
13 247
13 253
14 16
14 17
14 18
14 19
14 20
14 22
14 24
14 25
14 28
14 33
14 35
14 36
14 47
14 54
14 59
14 65
14 75
14 76
14 82
14 83
14 91
14 101
14 105
14 111
14 114
14 115
14 119
14 123
14 145
14 161
14 166
14 170
14 176
14 187
14 188
14 192
14 201
14 209
14 215
14 240
14 257
14 269
14 273
14 286
14 289
15 16
15 17
15 18
15 21
15 24
15 25
15 27
15 29
15 32
15 42
15 71
15 76
15 86
15 118
15 176
15 230
15 267
15 299
16 17
16 18
16 19
16 20
16 21
16 22
16 23
16 24
16 25
16 26
16 27
16 28
16 29
16 30
16 31
16 33
16 36
16 37
16 38
16 39
16 40
16 43
16 44
16 45
16 47
16 48
16 50
16 52
16 56
16 61
16 63
16 64
16 65
16 72
16 73
16 78
16 80
16 83
16 84
16 85
16 86
16 89
16 96
16 101
16 107
16 108
16 109
16 113
16 116
16 118
16 120
16 125
16 126
16 127
16 132
16 138
16 140
16 141
16 146
16 149
16 151
16 155
16 157
16 160
16 164
16 173
16 174
16 175
16 176
16 177
16 178
16 185
16 186
16 189
16 195
16 197
16 199
16 213
16 215
16 220
16 221
16 226
16 228
16 234
16 238
16 247
16 252
16 256
16 261
16 262
16 266
16 272
16 283
16 288
16 298
17 18
17 19
17 20
17 21
17 22
17 23
17 24
17 25
17 27
17 28
17 29
17 30
17 31
17 35
17 36
17 37
17 39
17 40
17 41
17 42
17 43
17 44
17 45
17 47
17 51
17 54
17 55
17 60
17 61
17 63
17 66
17 68
17 69
17 74
17 75
17 78
17 85
17 86
17 89
17 92
17 94
17 95
17 98
17 99
17 100
17 102
17 109
17 112
17 115
17 116
17 118
17 121
17 125
17 129
17 134
17 158
17 160
17 161
17 163
17 172
17 173
17 175
17 177
17 178
17 180
17 181
17 182
17 183
17 191
17 194
17 200
17 203
17 204
17 209
17 213
17 216
17 218
17 224
17 227
17 228
17 234
17 258
17 266
17 272
17 275
17 276
17 292
17 294
17 295
18 19
18 20
18 21
18 22
18 23
18 24
18 26
18 27
18 28
18 29
18 32
18 33
18 34
18 36
18 37
18 38
18 41
18 42
18 43
18 45
18 46
18 49
18 54
18 55
18 56
18 63
18 64
18 69
18 72
18 73
18 78
18 83
18 84
18 85
18 86
18 87
18 90
18 93
18 99
18 113
18 114
18 118
18 120
18 121
18 124
18 127
18 128
18 132
18 137
18 141
18 143
18 147
18 148
18 150
18 156
18 159
18 168
18 178
18 198
18 203
18 211
18 212
18 215
18 218
18 222
18 230
18 231
18 239
18 244
18 252
18 256
18 258
18 267
18 268
18 278
18 283
18 289
18 298
18 299
19 20
19 21
19 22
19 23
19 24
19 26
19 27
19 28
19 30
19 31
19 32
19 34
19 37
19 38
19 39
19 40
19 41
19 43
19 47
19 48
19 51
19 55
19 58
19 59
19 60
19 66
19 68
19 70
19 71
19 79
19 86
19 95
19 103
19 118
19 122
19 123
19 124
19 126
19 133
19 146
19 147
19 152
19 154
19 161
19 165
19 177
19 178
19 186
19 190
19 208
19 210
19 214
19 222
19 237
19 247
19 253
19 261
19 279
19 285
19 290
19 291
19 299
20 21
20 22
20 23
20 24
20 26
20 27
20 28
20 29
20 31
20 32
20 33
20 35
20 36
20 43
20 44
20 46
20 47
20 49
20 50
20 51
20 52
20 56
20 57
20 59
20 63
20 66
20 67
20 79
20 88
20 89
20 94
20 98
20 102
20 103
20 104
20 110
20 111
20 118
20 121
20 125
20 129
20 131
20 134
20 136
20 137
20 143
20 152
20 160
20 162
20 164
20 168
20 183
20 188
20 204
20 205
20 212
20 217
20 218
20 231
20 243
20 253
20 262
20 277
20 280
20 292
20 294
21 22
21 23
21 24
21 25
21 26
21 27
21 30
21 32
21 34
21 36
21 37
21 38
21 39
21 42
21 45
21 47
21 48
21 49
21 54
21 55
21 57
21 58
21 61
21 67
21 69
21 71
21 72
21 73
21 78
21 82
21 84
21 86
21 88
21 91
21 94
21 95
21 97
21 100
21 104
21 107
21 109
21 116
21 122
21 128
21 129
21 132
21 136
21 141
21 143
21 144
21 145
21 162
21 164
21 169
21 182
21 183
21 187
21 188
21 195
21 206
21 207
21 214
21 215
21 234
21 245
21 254
21 256
21 262
21 263
21 272
21 284
21 288
21 292
21 297
22 23
22 24
22 26
22 27
22 28
22 30
22 32
22 34
22 36
22 39
22 40
22 42
22 44
22 45
22 51
22 55
22 59
22 60
22 62
22 63
22 65
22 74
22 81
22 90
22 102
22 103
22 106
22 120
22 125
22 132
22 134
22 156
22 158
22 198
22 208
22 216
22 220
22 226
22 240
22 241
22 249
22 251
22 268
22 270
22 272
22 274
22 278
22 279
22 281
22 291
22 292
22 295
23 25
23 26
23 27
23 28
23 31
23 33
23 38
23 39
23 41
23 43
23 44
23 46
23 54
23 64
23 69
23 74
23 79
23 84
23 88
23 89
23 90
23 91
23 106
23 108
23 116
23 121
23 130
23 132
23 144
23 145
23 152
23 165
23 167
23 168
23 171
23 175
23 179
23 181
23 184
23 188
23 204
23 205
23 206
23 207
23 209
23 218
23 234
23 235
23 240
23 246
23 252
23 253
23 257
23 262
23 268
23 269
23 271
23 272
23 277
23 282
23 294
23 297
24 25
24 26
24 29
24 30
24 33
24 35
24 36
24 39
24 40
24 47
24 50
24 57
24 59
24 61
24 66
24 69
24 72
24 73
24 77
24 80
24 81
24 83
24 90
24 94
24 98
24 100
24 103
24 109
24 110
24 113
24 127
24 133
24 136
24 139
24 140
24 148
24 155
24 157
24 166
24 176
24 179
24 180
24 182
24 201
24 214
24 217
24 218
24 219
24 222
24 229
24 230
24 246
24 279
24 287
24 292
24 295
25 26
25 28
25 30
25 31
25 33
25 34
25 35
25 36
25 38
25 39
25 40
25 42
25 43
25 46
25 47
25 56
25 57
25 58
25 59
25 61
25 62
25 65
25 68
25 70
25 74
25 93
25 94
25 98
25 99
25 100
25 109
25 110
25 111
25 115
25 123
25 124
25 126
25 128
25 130
25 135
25 136
25 138
25 146
25 152
25 155
25 157
25 165
25 169
25 172
25 179
25 181
25 196
25 197
25 204
25 215
25 221
25 223
25 224
25 238
25 242
25 246
25 250
25 251
25 252
25 255
25 257
25 275
25 276
25 277
25 280
25 281
25 282
25 284
25 287
25 291
25 293
25 298
26 27
26 29
26 30
26 31
26 33
26 34
26 35
26 41
26 44
26 45
26 48
26 49
26 51
26 55
26 57
26 61
26 64
26 67
26 70
26 73
26 79
26 80
26 91
26 94
26 95
26 99
26 104
26 107
26 118
26 123
26 130
26 132
26 143
26 148
26 155
26 157
26 167
26 174
26 178
26 180
26 192
26 204
26 235
26 236
26 238
26 244
26 271
26 276
26 292
26 297
27 28
27 30
27 31
27 35
27 41
27 44
27 46
27 47
27 48
27 53
27 55
27 56
27 57
27 63
27 65
27 67
27 68
27 69
27 72
27 77
27 81
27 86
27 91
27 94
27 96
27 97
27 100
27 105
27 106
27 108
27 111
27 113
27 116
27 125
27 128
27 130
27 136
27 141
27 143
27 168
27 169
27 171
27 179
27 181
27 188
27 189
27 195
27 205
27 213
27 214
27 230
27 231
27 238
27 241
27 256
27 257
27 264
27 265
27 269
27 274
27 282
27 289
27 293
27 298
27 299
28 29
28 30
28 31
28 32
28 33
28 34
28 35
28 37
28 40
28 42
28 44
28 47
28 51
28 54
28 58
28 64
28 75
28 79
28 83
28 85
28 87
28 88
28 90
28 95
28 99
28 100
28 104
28 108
28 109
28 113
28 114
28 115
28 120
28 128
28 140
28 142
28 156
28 183
28 186
28 210
28 213
28 214
28 226
28 227
28 236
28 244
28 256
28 262
28 264
28 265
28 266
28 273
28 279
28 280
28 282
28 284
28 287
28 290
28 297
29 30
29 31
29 32
29 33
29 34
29 35
29 37
29 39
29 40
29 42
29 43
29 48
29 49
29 50
29 53
29 67
29 70
29 72
29 73
29 74
29 77
29 88
29 89
29 92
29 103
29 106
29 108
29 124
29 126
29 128
29 131
29 138
29 139
29 144
29 150
29 156
29 158
29 164
29 170
29 183
29 184
29 187
29 203
29 211
29 212
29 219
29 221
29 222
29 223
29 228
29 232
29 234
29 237
29 245
29 263
29 265
29 266
29 286
29 292
30 31
30 32
30 33
30 35
30 36
30 37
30 38
30 40
30 43
30 44
30 46
30 48
30 49
30 51
30 52
30 53
30 54
30 58
30 60
30 61
30 63
30 68
30 71
30 73
30 74
30 77
30 78
30 83
30 84
30 86
30 88
30 90
30 93
30 94
30 95
30 96
30 99
30 100
30 108
30 112
30 120
30 121
30 133
30 138
30 153
30 161
30 164
30 171
30 174
30 180
30 189
30 196
30 212
30 214
30 217
30 225
30 228
30 229
30 239
30 241
30 243
30 244
30 248
30 251
30 262
30 264
30 266
30 271
30 274
30 281
30 283
31 32
31 37
31 39
31 42
31 48
31 49
31 50
31 52
31 56
31 60
31 64
31 66
31 72
31 81
31 86
31 88
31 92
31 95
31 100
31 116
31 118
31 122
31 123
31 125
31 129
31 131
31 134
31 135
31 136
31 141
31 143
31 144
31 145
31 147
31 155
31 160
31 162
31 167
31 169
31 177
31 186
31 209
31 210
31 223
31 226
31 242
31 246
31 257
31 268
31 269
31 285
31 299
32 34
32 36
32 38
32 39
32 50
32 51
32 52
32 80
32 82
32 87
32 88
32 91
32 93
32 98
32 107
32 110
32 116
32 132
32 134
32 140
32 146
32 154
32 163
32 182
32 188
32 189
32 199
32 200
32 201
32 206
32 209
32 214
32 236
32 243
32 256
32 279
32 280
32 283
32 285
32 291
33 34
33 35
33 38
33 39
33 40
33 42
33 51
33 53
33 54
33 60
33 61
33 65
33 66
33 67
33 68
33 75
33 76
33 77
33 80
33 84
33 90
33 97
33 102
33 109
33 112
33 115
33 122
33 123
33 126
33 127
33 129
33 131
33 139
33 143
33 147
33 148
33 151
33 152
33 164
33 169
33 170
33 175
33 177
33 190
33 192
33 198
33 203
33 205
33 208
33 214
33 217
33 222
33 232
33 235
33 247
33 254
33 255
33 256
33 259
33 263
33 269
33 277
33 278
33 283
33 289
34 35
34 37
34 41
34 46
34 47
34 52
34 54
34 58
34 59
34 62
34 63
34 64
34 65
34 71
34 72
34 74
34 76
34 77
34 87
34 92
34 94
34 101
34 102
34 110
34 114
34 117
34 122
34 131
34 133
34 135
34 140
34 142
34 147
34 161
34 163
34 164
34 168
34 172
34 184
34 195
34 196
34 197
34 208
34 222
34 236
34 237
34 239
34 245
34 248
34 254
34 274
34 276
34 281
34 289
34 290
34 295
34 297
35 37
35 38
35 42
35 46
35 47
35 49
35 52
35 53
35 54
35 55
35 56
35 57
35 59
35 60
35 63
35 68
35 70
35 75
35 81
35 82
35 84
35 91
35 93
35 101
35 102
35 104
35 106
35 112
35 113
35 121
35 127
35 128
35 135
35 161
35 169
35 173
35 174
35 183
35 187
35 202
35 203
35 207
35 210
35 247
35 250
35 252
35 273
35 294
35 295
36 39
36 40
36 43
36 49
36 53
36 56
36 62
36 68
36 70
36 76
36 80
36 86
36 105
36 113
36 126
36 128
36 130
36 134
36 139
36 140
36 142
36 144
36 150
36 155
36 165
36 171
36 179
36 211
36 212
36 224
36 236
36 241
36 260
36 264
36 268
36 270
36 286
37 38
37 42
37 43
37 45
37 48
37 50
37 52
37 59
37 62
37 63
37 64
37 67
37 68
37 69
37 100
37 110
37 116
37 119
37 120
37 124
37 180
37 190
37 201
37 204
37 207
37 214
37 223
37 224
37 238
37 243
37 251
37 285
37 293
38 40
38 41
38 42
38 46
38 47
38 58
38 62
38 67
38 68
38 75
38 81
38 87
38 96
38 97
38 101
38 105
38 106
38 120
38 129
38 131
38 149
38 151
38 152
38 156
38 159
38 185
38 190
38 191
38 201
38 206
38 207
38 219
38 225
38 232
38 233
38 246
38 247
38 265
38 273
39 43
39 46
39 49
39 54
39 55
39 60
39 64
39 66
39 69
39 73
39 75
39 76
39 79
39 80
39 82
39 83
39 88
39 90
39 93
39 94
39 103
39 108
39 110
39 111
39 112
39 114
39 115
39 118
39 120
39 124
39 130
39 134
39 142
39 146
39 154
39 163
39 185
39 191
39 200
39 201
39 206
39 215
39 220
39 225
39 227
39 229
39 239
39 240
39 242
39 245
39 248
39 252
39 253
39 267
39 270
39 284
39 288
39 290
39 296
39 299
40 41
40 42
40 44
40 45
40 46
40 48
40 50
40 56
40 68
40 70
40 72
40 86
40 96
40 97
40 104
40 112
40 118
40 123
40 142
40 147
40 165
40 174
40 179
40 185
40 195
40 201
40 213
40 215
40 220
40 239
40 241
40 264
40 277
41 45
41 46
41 48
41 74
41 82
41 101
41 120
41 135
41 145
41 174
41 183
41 184
41 187
41 194
41 196
41 242
41 274
41 278
41 297
42 46
42 51
42 52
42 58
42 62
42 63
42 65
42 70
42 85
42 97
42 101
42 113
42 117
42 121
42 123
42 124
42 131
42 132
42 139
42 143
42 144
42 146
42 147
42 153
42 165
42 167
42 170
42 185
42 188
42 194
42 199
42 200
42 206
42 217
42 241
42 254
42 260
42 263
42 266
42 271
42 272
42 274
42 275
42 286
42 288
42 289
42 298
43 45
43 49
43 56
43 75
43 84
43 86
43 87
43 89
43 97
43 106
43 121
43 124
43 135
43 137
43 149
43 194
43 196
43 238
43 262
43 275
44 50
44 59
44 60
44 62
44 64
44 65
44 71
44 85
44 87
44 93
44 135
44 142
44 155
44 176
44 193
44 197
44 218
44 223
44 238
44 240
44 259
44 278
44 279
44 293
45 47
45 50
45 52
45 53
45 56
45 58
45 60
45 61
45 74
45 81
45 83
45 92
45 93
45 105
45 109
45 114
45 122
45 125
45 128
45 131
45 134
45 135
45 139
45 158
45 162
45 165
45 167
45 171
45 173
45 189
45 200
45 203
45 205
45 214
45 221
45 233
45 259
45 274
45 284
46 47
46 50
46 51
46 60
46 62
46 63
46 65
46 70
46 74
46 81
46 87
46 99
46 111
46 122
46 128
46 149
46 153
46 163
46 164
46 176
46 185
46 187
46 196
46 201
46 225
46 266
46 286
46 294
47 49
47 51
47 55
47 66
47 75
47 80
47 83
47 87
47 95
47 111
47 116
47 117
47 119
47 143
47 169
47 174
47 195
47 216
47 226
47 231
47 239
47 241
47 260
47 262
47 271
48 50
48 51
48 52
48 54
48 55
48 58
48 60
48 62
48 69
48 71
48 72
48 73
48 76
48 77
48 80
48 90
48 105
48 113
48 135
48 141
48 151
48 167
48 192
48 203
48 209
48 213
48 215
48 219
48 241
48 255
48 259
48 266
48 271
48 276
48 283
49 65
49 66
49 67
49 91
49 97
49 101
49 107
49 115
49 119
49 120
49 121
49 137
49 166
49 209
49 212
49 217
49 227
49 229
49 233
49 256
49 289
49 293
50 53
50 56
50 69
50 129
50 212
50 218
50 237
50 242
50 253
50 269
50 296
51 53
51 60
51 67
51 69
51 71
51 79
51 82
51 93
51 122
51 127
51 141
51 158
51 159
51 165
51 170
51 171
51 189
51 201
51 208
51 209
51 213
51 235
51 270
51 278
52 54
52 57
52 61
52 63
52 65
52 66
52 68
52 70
52 78
52 86
52 87
52 90
52 98
52 100
52 101
52 102
52 103
52 105
52 107
52 109
52 116
52 121
52 122
52 123
52 134
52 146
52 153
52 154
52 156
52 167
52 172
52 173
52 177
52 183
52 185
52 187
52 189
52 191
52 196
52 198
52 202
52 222
52 233
52 246
52 261
52 264
52 267
52 277
53 57
53 59
53 70
53 73
53 75
53 76
53 83
53 96
53 98
53 99
53 105
53 106
53 107
53 111
53 113
53 115
53 129
53 135
53 141
53 174
53 182
53 194
53 196
53 202
53 205
53 210
53 211
53 228
53 229
53 235
53 240
53 249
53 251
53 253
53 257
53 263
53 292
53 294
53 299
54 62
54 67
54 73
54 78
54 79
54 82
54 83
54 97
54 99
54 101
54 117
54 130
54 131
54 138
54 139
54 141
54 154
54 157
54 160
54 163
54 166
54 174
54 186
54 187
54 188
54 196
54 209
54 211
54 216
55 56
55 58
55 59
55 60
55 62
55 66
55 72
55 77
55 80
55 89
55 107
55 111
55 130
55 139
55 149
55 163
55 170
55 178
55 193
55 194
55 230
55 240
55 245
55 246
55 251
55 260
55 261
55 274
56 57
56 64
56 69
56 73
56 84
56 124
56 131
56 135
56 161
56 175
56 222
56 224
56 238
56 239
56 265
57 58
57 64
57 70
57 71
57 78
57 91
57 92
57 95
57 98
57 120
57 128
57 131
57 140
57 142
57 148
57 174
57 176
57 208
57 224
57 229
57 235
57 245
57 263
57 272
57 290
57 295
58 74
58 75
58 83
58 89
58 104
58 114
58 124
58 125
58 130
58 140
58 143
58 161
58 197
58 211
58 232
58 249
58 262
58 285
59 63
59 65
59 69
59 70
59 76
59 87
59 94
59 97
59 104
59 108
59 124
59 127
59 142
59 148
59 154
59 159
59 163
59 193
59 195
59 197
59 206
59 218
59 221
59 227
59 238
59 253
59 259
59 263
59 283
60 61
60 62
60 74
60 80
60 82
60 86
60 106
60 107
60 110
60 114
60 139
60 144
60 149
60 160
60 173
60 176
60 188
60 203
60 204
60 205
60 208
60 211
60 227
60 229
60 241
60 244
60 258
60 262
60 271
60 288
60 298
61 71
61 73
61 76
61 94
61 104
61 109
61 119
61 123
61 133
61 165
61 180
61 247
61 266
61 277
61 281
61 285
61 288
62 64
62 68
62 76
62 81
62 92
62 93
62 96
62 100
62 102
62 107
62 110
62 113
62 125
62 127
62 145
62 151
62 157
62 159
62 169
62 174
62 175
62 180
62 185
62 197
62 205
62 212
62 216
62 226
62 229
62 247
62 249
62 251
62 253
62 255
62 256
62 268
62 274
62 285
62 291
62 293
62 295
63 65
63 85
63 87
63 119
63 122
63 166
63 178
63 181
63 186
63 190
63 230
63 231
63 246
63 256
63 267
63 291
64 67
64 79
64 85
64 102
64 105
64 108
64 110
64 126
64 144
64 145
64 147
64 155
64 160
64 174
64 183
64 196
64 202
64 239
64 243
64 257
64 261
64 278
65 66
65 68
65 71
65 76
65 77
65 80
65 84
65 85
65 91
65 95
65 105
65 112
65 114
65 119
65 126
65 127
65 130
65 137
65 140
65 142
65 146
65 149
65 150
65 157
65 159
65 184
65 198
65 199
65 202
65 229
65 267
65 282
65 296
66 71
66 78
66 98
66 103
66 111
66 172
66 220
66 263
67 68
67 77
67 79
67 86
67 105
67 106
67 114
67 119
67 123
67 125
67 128
67 145
67 149
67 153
67 158
67 159
67 163
67 175
67 189
67 204
67 228
67 236
67 264
67 271
67 281
67 285
67 298
68 78
68 79
68 82
68 97
68 107
68 143
68 146
68 148
68 159
68 170
68 175
68 198
68 199
68 200
68 243
68 245
69 74
69 77
69 81
69 82
69 89
69 94
69 99
69 122
69 145
69 147
69 157
69 190
69 191
69 231
69 232
69 265
69 281
69 283
70 84
70 85
70 105
70 133
70 141
70 152
70 156
70 161
70 171
70 173
70 175
70 224
70 280
71 76
71 77
71 80
71 85
71 90
71 96
71 114
71 115
71 117
71 138
71 139
71 150
71 153
71 154
71 181
71 204
71 206
71 208
71 221
71 239
71 266
72 75
72 81
72 92
72 95
72 108
72 116
72 123
72 156
72 164
72 172
72 181
72 205
72 212
72 270
72 271
72 279
72 286
73 81
73 90
73 91
73 93
73 96
73 97
73 98
73 106
73 117
73 118
73 123
73 138
73 141
73 144
73 153
73 169
73 191
73 199
73 223
73 240
73 245
73 275
73 284
74 80
74 98
74 99
74 105
74 110
74 113
74 116
74 122
74 124
74 126
74 160
74 161
74 162
74 164
74 177
74 193
74 206
74 216
74 248
74 249
74 251
74 252
74 287
75 85
75 89
75 111
75 124
75 125
75 127
75 129
75 130
75 155
75 159
75 166
75 194
75 201
75 231
75 242
75 254
75 255
75 281
75 299
76 77
76 78
76 84
76 88
76 90
76 92
76 94
76 103
76 104
76 113
76 118
76 129
76 139
76 156
76 162
76 170
76 174
76 179
76 193
76 202
76 206
76 216
76 224
76 236
76 261
76 268
76 273
76 278
76 281
76 286
76 287
76 299
77 89
77 98
77 99
77 167
77 175
77 180
77 216
77 279
78 132
78 133
78 141
78 142
78 156
78 168
78 173
78 198
78 215
78 234
78 238
78 241
78 244
78 249
78 252
79 91
79 98
79 104
79 115
79 121
79 147
79 149
79 150
79 157
79 160
79 169
79 189
79 193
79 199
79 207
79 221
79 237
79 250
79 258
79 264
79 277
79 278
79 280
80 81
80 92
80 95
80 112
80 138
80 151
80 167
80 170
80 171
80 173
80 178
80 182
80 192
80 221
80 245
80 249
81 85
81 89
81 117
81 126
81 149
81 168
81 197
81 204
81 225
81 230
81 234
81 238
82 97
82 123
82 138
82 142
82 143
82 160
82 162
82 166
82 167
82 193
82 206
82 210
82 219
82 220
82 231
82 237
82 240
82 249
83 88
83 104
83 112
83 114
83 134
83 136
83 145
83 147
83 178
83 186
83 188
83 192
83 228
83 242
83 254
83 286
83 287
84 96
84 100
84 136
84 147
84 149
84 154
84 171
84 206
84 229
84 235
84 236
84 252
84 291
85 123
85 128
85 131
85 133
85 135
85 148
85 176
85 194
85 227
85 243
85 284
85 294
86 88
86 96
86 99
86 105
86 108
86 109
86 118
86 133
86 151
86 172
86 180
86 200
86 207
86 212
86 223
86 228
86 254
86 260
86 263
86 267
86 268
86 297
87 98
87 111
87 136
87 149
87 160
87 177
87 179
87 249
88 109
88 185
88 248
88 279
89 90
89 115
89 120
89 154
89 158
89 183
89 214
89 221
89 259
89 273
89 282
89 294
89 299
90 91
90 93
90 103
90 112
90 118
90 132
90 145
90 209
90 211
90 219
90 224
90 249
90 255
91 92
91 93
91 101
91 128
91 137
91 140
91 145
91 149
91 157
91 160
91 181
91 185
91 191
91 208
91 248
91 264
91 278
91 284
92 111
92 117
92 145
92 157
92 158
92 210
92 220
92 284
93 98
93 117
93 137
93 142
93 151
93 154
93 155
93 168
93 202
93 203
93 205
93 218
93 228
93 260
94 107
94 143
94 150
94 151
94 175
94 187
94 190
94 192
94 205
94 208
94 214
94 218
94 232
94 237
94 250
94 266
95 96
95 102
95 116
95 136
95 150
95 158
95 159
95 161
95 162
95 166
95 175
95 184
95 185
95 196
95 221
95 224
95 228
95 244
95 245
95 257
95 261
95 262
95 264
95 290
95 295
96 97
96 106
96 110
96 115
96 143
96 154
96 170
96 179
96 182
96 188
96 197
96 210
96 217
96 241
96 270
96 289
97 104
97 112
97 126
97 127
97 137
97 139
97 148
97 152
97 156
97 158
97 172
97 192
97 199
97 233
97 270
97 278
97 288
98 103
98 117
98 125
98 129
98 132
98 136
98 148
98 161
98 195
98 235
98 256
98 276
98 298
99 161
99 224
99 225
99 232
99 278
99 280
100 101
100 102
100 119
100 138
100 150
100 151
100 152
100 153
100 178
100 181
100 183
100 190
100 200
100 201
100 203
100 217
100 219
100 239
100 248
100 267
101 102
101 119
101 127
101 135
101 142
101 148
101 154
101 238
101 250
101 255
101 257
101 267
101 275
101 294
101 298
102 108
102 112
102 120
102 133
102 136
102 137
102 138
102 157
102 168
102 173
102 190
102 203
102 207
102 209
102 231
102 247
102 253
102 279
102 280
102 285
102 299
103 104
103 114
103 128
103 137
103 153
103 187
103 191
103 194
103 209
103 210
104 106
104 107
104 119
104 122
104 136
104 151
104 159
104 162
104 163
104 180
104 189
104 240
104 296
105 107
105 118
105 172
105 182
105 189
105 190
105 194
105 226
105 243
105 252
105 277
105 296
106 108
106 125
106 144
106 150
106 254
106 258
107 111
107 126
107 127
107 133
107 146
107 291
108 139
108 150
108 196
108 197
108 205
108 213
108 216
108 228
108 247
108 249
108 268
108 275
108 281
109 110
109 120
109 129
109 155
109 166
109 167
109 227
109 234
109 258
109 269
110 131
110 207
110 208
110 218
110 219
110 220
110 236
110 251
110 259
110 260
110 283
111 130
111 131
111 135
111 149
111 153
111 179
111 186
111 193
111 194
111 204
111 223
111 245
111 250
111 293
112 114
112 121
112 124
112 132
112 211
112 219
112 228
112 239
112 248
112 251
113 162
113 188
113 221
113 225
113 265
113 291
114 191
114 199
114 222
114 234
114 243
114 254
114 291
115 148
115 211
115 232
115 233
115 267
115 282
116 177
116 179
116 202
116 214
116 227
116 231
116 236
116 242
116 248
116 277
116 283
117 122
117 153
117 165
117 166
117 170
117 172
117 180
117 184
117 191
117 192
117 221
117 235
117 237
117 262
117 264
117 287
117 289
117 296
118 140
118 152
118 154
118 158
118 167
118 173
118 175
118 179
118 184
118 185
118 187
118 189
118 195
118 290
119 134
119 138
119 160
119 182
119 202
119 204
119 208
119 217
119 219
119 230
119 242
119 244
119 246
119 259
119 260
119 264
119 275
119 289
119 290
120 121
120 129
120 151
120 187
120 222
120 267
120 269
120 273
120 280
120 284
121 122
121 126
121 134
121 151
121 195
121 220
121 221
121 224
121 225
121 229
121 256
121 280
122 131
122 154
122 198
122 236
122 244
122 270
123 146
123 150
123 182
123 189
123 190
123 212
123 223
123 266
123 273
123 295
124 132
124 138
124 147
124 168
124 210
124 223
124 225
124 239
124 255
124 276
125 130
125 135
125 159
125 161
125 166
125 179
125 198
125 257
126 165
126 192
126 204
126 234
126 263
126 285
127 137
127 146
127 152
127 156
127 165
127 169
127 171
127 177
127 187
127 236
127 246
127 272
128 134
128 162
128 170
128 171
128 196
128 231
128 251
128 279
128 287
129 165
129 188
129 222
129 230
129 235
129 250
129 254
129 260
129 261
129 274
130 144
130 164
130 166
130 192
130 202
130 223
130 271
130 287
131 159
131 169
131 207
131 213
131 244
131 265
131 268
132 137
132 140
132 141
132 178
132 184
132 186
132 190
132 191
132 194
132 203
132 242
132 263
132 284
133 134
133 188
133 225
133 237
133 263
133 272
134 168
134 192
134 196
134 207
134 215
134 259
135 155
135 163
135 206
135 213
135 218
135 279
136 148
136 160
136 162
136 163
136 168
136 181
136 195
136 208
136 216
136 245
136 255
136 258
136 267
136 276
136 278
136 283
136 291
137 150
137 171
137 186
137 192
137 199
137 207
137 239
137 271
137 276
137 280
137 294
137 297
138 163
138 197
138 206
138 226
138 229
138 238
138 295
139 164
139 176
139 177
139 189
139 193
139 200
139 205
139 213
139 232
139 233
139 282
139 297
140 153
140 167
140 176
140 186
140 201
140 244
140 286
141 233
141 239
141 261
141 268
141 282
142 158
142 281
143 152
143 156
143 162
143 165
143 191
143 222
143 227
143 230
143 241
143 248
143 266
143 279
143 291
144 156
144 180
144 181
144 269
144 277
144 283
145 153
145 155
145 161
145 172
145 173
145 178
145 190
145 193
145 246
145 247
145 250
145 252
145 253
145 260
145 281
145 293
146 177
146 196
146 263
147 151
147 202
147 213
147 276
148 150
148 154
148 169
148 176
148 179
148 184
148 200
148 203
148 210
148 252
148 266
149 158
149 188
149 233
149 260
150 174
150 227
150 295
151 182
151 195
151 223
151 264
152 158
152 168
152 282
153 229
154 186
154 224
154 288
154 297
155 159
155 197
155 211
155 231
155 268
155 280
156 195
156 216
156 236
156 273
156 290
157 227
157 269
157 274
157 289
158 178
158 246
158 252
158 254
158 299
159 171
159 178
159 217
159 235
159 248
159 271
160 173
160 193
160 212
160 249
161 162
161 163
161 166
161 170
161 176
161 184
161 193
161 199
161 202
161 205
161 224
161 232
161 251
161 293
162 164
162 182
162 234
162 246
162 260
162 268
163 166
163 175
163 191
163 219
163 243
163 247
163 267
165 173
165 177
165 180
165 197
165 230
165 273
165 283
165 289
166 169
166 203
166 241
166 273
167 172
167 187
167 198
167 200
168 171
168 174
168 181
168 182
168 187
168 191
168 194
168 203
168 217
168 226
168 232
168 251
168 275
169 180
169 181
169 182
169 212
169 229
169 257
169 264
169 274
169 298
170 175
170 208
170 253
170 270
171 202
171 229
171 244
171 250
171 296
172 199
172 210
172 212
172 261
173 193
173 195
173 211
173 236
173 296
174 184
174 238
174 288
175 195
175 207
175 219
175 255
175 274
175 292
176 191
176 199
176 233
176 237
176 250
176 251
177 183
177 202
177 208
177 293
177 296
178 220
178 265
178 291
179 190
179 240
180 220
180 263
181 200
181 207
181 218
181 257
182 183
182 198
182 201
182 245
182 252
182 255
182 262
182 291
183 184
183 201
183 276
185 189
185 213
185 215
185 265
186 198
186 218
186 223
187 190
187 192
187 207
187 210
187 225
187 267
187 293
188 202
188 234
188 258
188 282
189 198
189 200
189 209
189 224
189 255
189 257
189 258
189 290
190 225
190 256
190 287
190 295
191 194
191 197
191 198
191 235
191 245
191 285
191 286
192 261
192 285
192 289
193 214
193 215
193 260
193 275
194 220
194 226
195 237
195 254
195 265
195 266
195 288
195 292
196 226
196 255
196 293
197 258
198 201
198 231
198 289
199 210
199 217
199 240
199 288
199 296
200 216
200 225
200 276
201 204
201 244
201 272
201 291
202 261
202 269
203 220
203 277
204 211
204 216
205 215
205 225
205 297
206 209
206 223
206 226
206 256
208 258
208 280
208 287
209 223
209 228
209 230
209 247
209 287
210 253
210 290
211 220
211 227
211 231
211 259
212 244
213 235
213 272
214 217
214 254
214 262
215 237
215 255
216 233
216 235
216 250
217 226
217 292
218 257
218 277
218 295
219 227
219 284
219 297
221 269
221 271
222 233
222 298
223 249
224 285
225 228
225 233
226 233
227 238
227 248
227 275
227 284
228 247
229 255
229 259
229 273
229 275
229 281
231 242
231 278
232 246
232 250
233 237
233 270
233 286
234 241
234 286
235 240
235 243
235 248
235 257
235 258
235 268
235 271
235 290
236 243
237 249
238 241
238 299
239 242
239 265
239 272
239 279
239 282
240 279
240 293
241 242
241 284
242 272
242 298
243 268
243 281
243 283
243 290
243 292
243 299
244 269
244 292
244 298
245 250
245 253
245 261
247 287
248 273
249 294
250 261
251 269
251 275
251 280
251 294
251 296
252 283
253 273
253 281
254 275
255 260
255 270
256 258
256 260
256 267
257 263
257 277
257 298
258 262
259 277
259 287
260 270
261 270
261 294
263 272
263 286
263 296
264 272
264 293
265 282
267 274
271 274
271 292
272 286
272 292
274 290
275 294
278 288
282 296
286 290
286 299
287 288
289 296
290 297
