0 1
0 2
0 3
0 4
0 5
0 6
0 7
0 8
0 9
0 10
0 11
0 12
0 13
0 14
0 15
0 17
0 18
0 19
0 20
0 21
0 22
0 24
0 25
0 26
0 27
0 32
0 34
0 35
0 36
0 37
0 38
0 45
0 49
1 10
1 12
1 13
1 15
1 16
1 24
1 26
1 28
1 30
1 31
1 32
1 38
1 43
1 44
1 46
1 49
2 10
2 11
2 12
2 13
2 14
2 15
2 16
2 17
2 20
2 22
2 24
2 25
2 26
2 30
2 32
2 33
2 37
2 40
2 41
2 46
2 48
3 10
3 13
3 17
3 21
3 27
4 10
4 11
4 15
4 16
4 25
4 27
4 36
4 37
4 44
5 10
5 11
5 12
5 15
5 19
5 20
5 22
5 23
5 24
5 40
5 41
5 44
6 10
6 11
6 13
6 14
6 15
6 17
6 21
6 22
6 39
6 42
7 11
7 12
7 15
7 19
7 20
7 23
7 29
7 30
7 34
7 35
7 38
7 43
7 46
8 10
8 11
8 12
8 14
8 16
8 18
8 19
8 23
8 24
8 25
8 28
8 29
8 31
8 35
8 39
8 40
8 41
9 10
9 11
9 12
9 13
9 14
9 16
9 17
9 20
9 31
9 37
9 38
9 39
9 47
10 11
10 12
10 13
10 14
10 15
10 17
10 18
10 19
10 21
10 26
10 28
10 29
10 33
10 36
10 40
10 43
10 49
11 12
11 13
11 14
11 16
11 18
11 20
11 21
11 22
11 23
11 25
11 27
11 32
11 34
11 35
11 37
11 38
11 39
11 45
12 13
12 14
12 15
12 16
12 18
12 19
12 20
12 21
12 22
12 23
12 24
12 27
12 29
12 31
12 32
12 33
12 34
12 35
12 40
12 41
12 42
12 46
12 47
13 14
13 16
13 17
13 19
13 20
13 23
13 24
13 25
13 26
13 28
13 29
13 31
13 38
13 49
14 16
14 18
14 22
14 23
14 31
14 36
14 40
15 17
15 18
15 21
15 22
15 25
15 27
15 29
15 31
15 33
15 36
15 38
15 43
15 44
16 17
16 18
16 19
16 21
16 24
16 26
16 28
16 31
16 33
16 35
16 36
16 37
16 38
16 49
17 18
17 20
17 22
17 28
17 29
17 31
17 32
17 34
17 37
17 39
17 40
18 19
18 21
18 23
18 33
18 36
18 48
19 26
19 33
19 42
19 45
19 48
20 26
20 30
20 34
20 35
20 39
20 49
21 24
21 25
21 27
21 32
21 33
21 39
21 41
21 42
21 49
22 23
22 26
22 27
22 28
22 29
22 36
22 45
23 30
23 38
23 43
24 25
24 27
24 28
24 30
24 34
24 35
24 42
25 28
25 29
25 30
25 32
25 41
25 47
25 48
26 30
26 32
26 39
26 40
26 44
26 46
26 47
27 30
27 34
27 40
27 42
27 43
27 46
27 47
28 36
28 41
28 42
28 44
29 39
29 46
30 41
30 45
30 48
31 34
31 42
31 43
31 44
31 46
31 47
32 33
32 37
32 48
33 35
33 44
33 45
33 46
33 48
34 37
35 41
37 42
37 43
37 47
38 45
39 43
39 45
40 47
41 45
41 49
42 44
43 49
46 47
46 48
47 48
