0 1
0 2
0 3
0 4
0 5
0 6
0 7
0 8
0 9
0 10
0 11
0 12
0 13
0 14
0 15
0 17
0 18
0 19
0 20
0 21
0 22
0 24
0 25
0 26
0 27
0 32
0 34
0 35
0 36
0 37
0 38
0 45
0 49
0 51
0 52
0 54
0 55
0 57
0 58
0 59
0 64
0 67
0 71
0 74
0 75
0 79
0 81
0 91
0 97
0 102
0 103
0 106
0 111
0 121
1 10
1 12
1 13
1 15
1 16
1 24
1 26
1 28
1 30
1 31
1 32
1 38
1 43
1 44
1 46
1 49
1 50
1 55
1 67
1 87
1 122
1 126
1 129
2 10
2 11
2 12
2 13
2 14
2 15
2 16
2 17
2 20
2 22
2 24
2 25
2 26
2 30
2 32
2 33
2 37
2 40
2 41
2 46
2 48
2 53
2 54
2 63
2 66
2 68
2 72
2 78
2 80
2 82
2 92
2 93
2 99
2 105
2 117
3 10
3 13
3 17
3 21
3 27
3 94
3 102
3 117
4 10
4 11
4 15
4 16
4 25
4 27
4 36
4 37
4 44
4 51
4 84
4 87
4 104
4 112
4 126
5 10
5 11
5 12
5 15
5 19
5 20
5 22
5 23
5 24
5 40
5 41
5 44
5 61
5 65
5 69
5 108
5 129
6 10
6 11
6 13
6 14
6 15
6 17
6 21
6 22
6 39
6 42
6 50
6 103
6 104
7 11
7 12
7 15
7 19
7 20
7 23
7 29
7 30
7 34
7 35
7 38
7 43
7 46
7 58
7 64
7 66
7 68
7 70
7 71
7 75
7 76
7 80
7 82
7 93
7 97
7 104
7 112
7 113
8 10
8 11
8 12
8 14
8 16
8 18
8 19
8 23
8 24
8 25
8 28
8 29
8 31
8 35
8 39
8 40
8 41
8 51
8 52
8 60
8 65
8 66
8 71
8 73
8 74
8 83
8 84
8 85
8 90
8 92
8 93
8 94
8 95
8 96
8 98
8 99
8 106
8 112
8 116
8 129
9 10
9 11
9 12
9 13
9 14
9 16
9 17
9 20
9 31
9 37
9 38
9 39
9 47
9 62
9 119
10 11
10 12
10 13
10 14
10 15
10 17
10 18
10 19
10 21
10 26
10 28
10 29
10 33
10 36
10 40
10 43
10 49
10 51
10 58
10 61
10 63
10 70
10 77
10 79
10 83
10 84
10 93
10 96
10 107
10 118
10 120
10 127
10 129
11 12
11 13
11 14
11 16
11 18
11 20
11 21
11 22
11 23
11 25
11 27
11 32
11 34
11 35
11 37
11 38
11 39
11 45
11 50
11 52
11 55
11 56
11 59
11 60
11 61
11 68
11 69
11 72
11 74
11 76
11 81
11 90
11 97
11 100
11 111
12 13
12 14
12 15
12 16
12 18
12 19
12 20
12 21
12 22
12 23
12 24
12 27
12 29
12 31
12 32
12 33
12 34
12 35
12 40
12 41
12 42
12 46
12 47
12 50
12 55
12 57
12 61
12 62
12 64
12 67
12 68
12 70
12 72
12 74
12 78
12 79
12 90
12 92
12 106
12 111
12 118
12 122
12 124
12 125
13 14
13 16
13 17
13 19
13 20
13 23
13 24
13 25
13 26
13 28
13 29
13 31
13 38
13 49
13 51
13 52
13 58
13 60
13 70
13 73
13 75
13 83
13 86
13 87
13 96
13 98
13 100
13 115
13 117
13 121
13 128
13 129
14 16
14 18
14 22
14 23
14 31
14 36
14 40
14 51
14 60
14 68
14 69
14 70
14 84
14 86
14 88
14 91
14 105
14 107
14 113
14 114
14 117
14 118
15 17
15 18
15 21
15 22
15 25
15 27
15 29
15 31
15 33
15 36
15 38
15 43
15 44
15 50
15 54
15 56
15 57
15 65
15 72
15 76
15 78
15 86
15 89
15 94
15 101
15 106
15 123
15 128
16 17
16 18
16 19
16 21
16 24
16 26
16 28
16 31
16 33
16 35
16 36
16 37
16 38
16 49
16 56
16 60
16 62
16 67
16 70
16 73
16 76
16 77
16 88
16 90
16 92
16 97
16 110
16 116
16 122
16 123
17 18
17 20
17 22
17 28
17 29
17 31
17 32
17 34
17 37
17 39
17 40
17 61
17 72
17 87
17 91
17 94
17 95
17 97
17 119
17 124
17 129
18 19
18 21
18 23
18 33
18 36
18 48
18 50
18 55
18 67
18 75
18 78
18 79
18 84
18 87
18 89
18 91
18 124
19 26
19 33
19 42
19 45
19 48
19 70
19 79
19 88
19 96
19 107
19 108
19 110
19 114
20 26
20 30
20 34
20 35
20 39
20 49
20 55
20 56
20 57
20 62
20 72
20 74
20 85
20 95
20 101
20 116
21 24
21 25
21 27
21 32
21 33
21 39
21 41
21 42
21 49
21 52
21 60
21 62
21 84
21 85
21 86
21 105
21 107
21 116
21 118
21 119
21 124
22 23
22 26
22 27
22 28
22 29
22 36
22 45
22 52
22 54
22 59
22 73
22 81
22 82
22 83
22 106
23 30
23 38
23 43
23 55
23 58
23 67
23 91
23 100
23 105
24 25
24 27
24 28
24 30
24 34
24 35
24 42
24 50
24 58
24 59
24 109
24 110
25 28
25 29
25 30
25 32
25 41
25 47
25 48
25 64
25 85
25 87
25 94
25 104
25 113
25 126
26 30
26 32
26 39
26 40
26 44
26 46
26 47
26 52
26 54
26 77
26 90
26 91
26 106
26 108
26 110
26 111
26 117
26 119
26 125
27 30
27 34
27 40
27 42
27 43
27 46
27 47
27 50
27 61
27 67
27 69
27 71
27 80
27 82
27 83
27 94
27 114
27 119
27 120
28 36
28 41
28 42
28 44
28 71
28 78
28 90
28 99
29 39
29 46
29 68
29 77
29 85
29 88
29 99
29 123
30 41
30 45
30 48
30 53
30 61
30 63
30 78
30 81
30 82
30 86
30 110
31 34
31 42
31 43
31 44
31 46
31 47
31 51
31 54
31 70
31 72
31 79
31 88
31 93
31 105
31 123
32 33
32 37
32 48
32 53
32 61
32 62
32 65
32 90
33 35
33 44
33 45
33 46
33 48
33 66
33 71
33 82
34 37
34 53
34 54
34 56
34 58
34 70
34 83
34 88
34 93
34 104
34 107
34 124
35 41
35 50
35 62
35 83
35 93
35 115
35 122
36 59
36 63
36 72
36 75
36 76
36 79
36 109
36 110
36 118
37 42
37 43
37 47
37 57
37 69
37 81
37 86
37 102
38 45
38 59
38 68
38 85
39 43
39 45
39 60
39 61
39 65
39 75
39 81
39 96
39 98
39 115
40 47
40 56
40 69
40 76
40 77
40 96
40 99
40 117
41 45
41 49
41 53
41 59
41 63
41 92
41 95
41 101
41 105
41 122
41 125
42 44
42 51
42 56
42 83
42 89
42 112
43 49
43 52
43 57
43 80
43 81
43 87
43 89
43 90
43 92
43 94
43 95
43 129
44 53
44 59
44 66
44 81
44 99
44 102
44 105
44 117
44 126
45 75
45 77
45 97
45 100
45 102
45 110
45 111
45 114
45 115
45 116
46 47
46 48
46 51
46 52
46 56
46 57
46 66
46 76
46 80
46 88
46 100
46 101
46 109
46 113
46 117
46 123
46 128
47 48
47 73
47 77
47 85
47 111
47 113
47 119
47 125
48 53
48 55
48 63
48 64
48 69
48 73
48 78
48 100
48 125
49 53
49 57
49 60
49 93
49 125
50 65
50 71
50 80
50 121
51 54
51 57
51 58
51 64
51 65
51 66
51 72
51 74
51 80
51 85
51 101
51 114
51 116
51 120
52 53
52 54
52 59
52 62
52 63
52 89
52 92
52 109
52 114
52 116
52 127
53 67
54 55
54 56
54 65
54 86
54 96
54 101
54 103
54 107
55 101
55 115
55 118
56 58
56 65
56 69
56 74
57 63
57 64
57 67
57 73
57 77
57 89
58 66
58 74
58 75
58 95
58 96
58 98
58 100
58 105
58 126
58 129
59 60
59 62
59 64
59 79
59 91
59 100
59 113
60 68
60 81
60 92
60 102
60 109
60 114
60 118
60 123
61 68
61 71
61 75
61 76
61 103
61 107
61 112
61 126
62 63
62 64
62 69
62 71
62 80
62 85
62 98
62 99
62 105
62 109
62 115
62 128
62 129
63 109
63 125
64 66
64 74
64 78
64 79
64 84
64 86
64 100
64 112
64 114
64 121
64 124
65 96
65 98
65 104
65 108
65 125
65 127
66 73
66 87
66 108
66 110
66 111
66 119
66 126
67 78
67 103
67 104
68 82
68 118
69 73
69 82
69 83
69 99
69 120
69 128
70 93
70 103
70 113
70 122
71 80
71 84
71 90
71 91
71 102
71 107
71 109
71 113
73 76
73 89
73 95
73 104
73 128
74 86
74 98
74 112
75 89
75 98
75 99
75 112
75 124
76 77
76 82
76 88
76 91
76 94
76 95
76 123
77 88
77 97
77 127
79 89
79 104
79 108
79 115
79 119
80 87
80 106
80 122
81 84
81 101
82 94
82 108
82 120
82 124
83 103
84 116
85 97
85 120
86 122
87 101
87 120
87 127
88 92
88 95
88 121
89 106
89 115
90 108
90 121
90 124
90 128
91 112
92 97
93 110
93 115
95 98
95 102
95 113
95 128
96 103
96 111
96 127
97 119
98 111
99 106
101 102
102 103
102 125
103 108
103 109
103 121
104 107
105 120
105 127
106 120
107 114
107 117
107 123
109 121
109 123
109 127
112 116
112 118
112 127
113 122
113 126
114 126
117 121
118 128
