0 1
0 2
0 3
0 4
0 5
0 6
0 7
0 8
0 9
0 10
0 11
0 12
0 13
0 14
0 15
0 16
0 17
0 18
0 19
0 20
0 21
0 22
0 23
0 24
0 25
0 26
0 27
0 28
0 29
0 30
0 31
0 32
0 33
0 34
0 35
0 36
0 37
0 38
0 39
0 40
0 41
0 42
0 43
0 44
0 45
0 46
0 47
0 48
0 49
0 50
0 51
0 52
0 53
0 54
0 55
0 56
0 57
0 58
0 59
0 60
0 61
0 62
0 63
0 64
0 65
0 66
0 67
0 68
0 69
0 70
0 71
0 72
0 73
0 74
0 75
0 76
0 77
0 78
0 79
0 80
0 81
0 82
0 83
0 84
0 85
0 86
0 87
0 88
0 91
0 92
0 93
0 94
0 95
0 96
0 97
0 101
0 102
0 103
0 105
0 110
0 112
0 113
0 114
0 115
0 117
0 120
0 121
0 125
0 127
0 130
0 131
0 133
0 134
0 137
0 140
0 142
0 143
0 148
0 149
0 153
0 157
0 160
0 162
0 167
0 168
0 170
0 172
0 173
0 175
0 180
0 181
0 184
0 188
0 191
0 192
0 193
0 197
0 200
0 203
0 204
0 205
0 206
0 208
0 209
0 217
0 219
0 223
0 224
0 225
0 226
0 229
0 231
0 234
0 241
0 244
1 51
1 52
1 53
1 54
1 56
1 57
1 58
1 59
1 60
1 61
1 63
1 65
1 66
1 68
1 69
1 70
1 71
1 73
1 74
1 77
1 78
1 79
1 80
1 81
1 84
1 85
1 86
1 88
1 90
1 91
1 92
1 97
1 99
1 104
1 105
1 109
1 112
1 113
1 115
1 120
1 123
1 124
1 126
1 127
1 129
1 132
1 136
1 141
1 142
1 144
1 145
1 155
1 156
1 160
1 162
1 164
1 180
1 181
1 185
1 189
1 204
1 205
1 211
1 213
1 215
1 220
1 222
1 229
1 235
1 236
1 239
1 244
1 245
2 51
2 52
2 53
2 54
2 55
2 56
2 57
2 58
2 59
2 60
2 62
2 63
2 65
2 70
2 71
2 73
2 74
2 75
2 76
2 77
2 80
2 81
2 85
2 88
2 91
2 95
2 104
2 107
2 110
2 111
2 112
2 114
2 119
2 120
2 128
2 129
2 131
2 138
2 142
2 144
2 146
2 152
2 159
2 161
2 163
2 165
2 166
2 169
2 170
2 171
2 174
2 177
2 179
2 181
2 182
2 185
2 192
2 230
2 237
2 240
2 244
2 246
2 249
3 51
3 52
3 53
3 54
3 55
3 56
3 57
3 58
3 59
3 60
3 62
3 63
3 67
3 70
3 71
3 73
3 75
3 77
3 78
3 79
3 81
3 85
3 87
3 88
3 89
3 93
3 100
3 102
3 107
3 112
3 116
3 128
3 130
3 133
3 141
3 144
3 148
3 158
3 176
3 185
3 190
3 192
3 218
3 224
3 228
3 231
3 233
3 236
3 243
3 244
3 248
4 51
4 52
4 53
4 54
4 55
4 56
4 57
4 58
4 59
4 60
4 61
4 62
4 63
4 64
4 65
4 66
4 67
4 68
4 69
4 70
4 71
4 72
4 74
4 77
4 81
4 82
4 90
4 93
4 94
4 95
4 97
4 101
4 102
4 104
4 105
4 107
4 110
4 111
4 112
4 113
4 114
4 116
4 117
4 118
4 120
4 123
4 125
4 126
4 134
4 142
4 143
4 145
4 154
4 157
4 163
4 164
4 168
4 171
4 176
4 177
4 184
4 186
4 190
4 192
4 202
4 204
4 206
4 210
4 211
4 222
4 233
4 238
4 248
5 51
5 52
5 53
5 54
5 55
5 56
5 58
5 59
5 60
5 61
5 62
5 63
5 66
5 68
5 70
5 71
5 72
5 73
5 75
5 77
5 78
5 79
5 80
5 82
5 83
5 84
5 85
5 86
5 88
5 90
5 91
5 94
5 95
5 98
5 101
5 102
5 103
5 118
5 119
5 125
5 132
5 133
5 139
5 155
5 158
5 159
5 161
5 162
5 173
5 174
5 177
5 178
5 179
5 180
5 183
5 189
5 192
5 196
5 199
5 207
5 208
5 218
5 226
5 231
5 243
5 244
5 247
5 248
6 51
6 52
6 53
6 54
6 55
6 56
6 57
6 58
6 62
6 63
6 64
6 65
6 66
6 67
6 68
6 69
6 73
6 74
6 76
6 80
6 81
6 83
6 85
6 87
6 91
6 101
6 103
6 106
6 108
6 116
6 117
6 118
6 121
6 125
6 126
6 132
6 135
6 136
6 144
6 152
6 158
6 167
6 174
6 177
6 178
6 188
6 190
6 194
6 195
6 200
6 203
6 205
6 211
6 214
6 217
6 240
7 51
7 52
7 53
7 58
7 59
7 63
7 73
7 75
7 76
7 77
7 78
7 81
7 85
7 86
7 91
7 92
7 93
7 94
7 104
7 119
7 128
7 132
7 137
7 139
7 144
7 154
7 156
7 172
7 178
7 180
7 201
7 213
7 225
7 226
7 235
7 247
7 248
8 51
8 52
8 53
8 54
8 55
8 56
8 57
8 58
8 59
8 60
8 61
8 63
8 64
8 65
8 68
8 70
8 71
8 72
8 75
8 77
8 78
8 79
8 80
8 83
8 84
8 85
8 86
8 91
8 97
8 104
8 107
8 109
8 115
8 118
8 120
8 131
8 132
8 137
8 139
8 141
8 142
8 143
8 144
8 154
8 161
8 172
8 182
8 191
8 218
8 226
8 228
8 238
8 240
9 51
9 52
9 53
9 54
9 55
9 56
9 57
9 58
9 59
9 61
9 62
9 64
9 65
9 67
9 68
9 71
9 73
9 74
9 75
9 77
9 78
9 81
9 84
9 85
9 86
9 87
9 88
9 90
9 91
9 93
9 96
9 98
9 100
9 105
9 109
9 114
9 115
9 124
9 125
9 126
9 127
9 129
9 130
9 131
9 132
9 135
9 136
9 137
9 140
9 141
9 142
9 143
9 147
9 152
9 156
9 160
9 161
9 166
9 168
9 173
9 175
9 180
9 183
9 185
9 191
9 195
9 199
9 208
9 210
9 212
9 216
9 221
9 231
9 234
9 245
9 246
9 247
9 249
10 51
10 52
10 53
10 54
10 55
10 56
10 57
10 59
10 61
10 62
10 63
10 64
10 65
10 67
10 69
10 70
10 72
10 78
10 79
10 81
10 82
10 83
10 91
10 92
10 95
10 98
10 100
10 101
10 105
10 110
10 112
10 119
10 122
10 125
10 129
10 130
10 134
10 138
10 142
10 144
10 149
10 153
10 157
10 158
10 159
10 164
10 165
10 166
10 171
10 175
10 178
10 179
10 180
10 187
10 188
10 203
10 215
10 217
10 218
10 232
10 233
10 236
10 237
10 238
10 241
10 248
11 51
11 52
11 53
11 54
11 55
11 56
11 57
11 58
11 59
11 60
11 63
11 65
11 68
11 70
11 71
11 72
11 74
11 75
11 76
11 79
11 80
11 81
11 82
11 84
11 85
11 90
11 91
11 99
11 101
11 102
11 107
11 110
11 114
11 122
11 125
11 126
11 130
11 132
11 138
11 139
11 140
11 141
11 144
11 147
11 152
11 154
11 156
11 165
11 170
11 177
11 178
11 186
11 193
11 203
11 206
11 217
11 219
11 226
11 227
11 228
11 231
11 238
11 239
11 241
11 242
12 51
12 52
12 53
12 54
12 55
12 56
12 57
12 60
12 61
12 63
12 64
12 65
12 66
12 67
12 68
12 70
12 72
12 76
12 77
12 81
12 87
12 90
12 92
12 97
12 98
12 104
12 106
12 108
12 110
12 116
12 126
12 129
12 133
12 135
12 153
12 156
12 163
12 169
12 184
12 186
12 194
12 202
12 204
12 212
12 214
12 223
12 224
12 227
12 242
12 244
13 51
13 52
13 53
13 54
13 55
13 56
13 57
13 58
13 59
13 60
13 61
13 62
13 63
13 64
13 65
13 67
13 68
13 70
13 72
13 75
13 76
13 78
13 79
13 80
13 84
13 88
13 89
13 90
13 92
13 93
13 97
13 102
13 103
13 106
13 108
13 110
13 112
13 116
13 121
13 123
13 124
13 126
13 134
13 135
13 142
13 145
13 155
13 165
13 166
13 167
13 170
13 171
13 172
13 173
13 174
13 176
13 191
13 194
13 206
13 209
13 216
13 223
13 232
13 233
14 51
14 52
14 53
14 54
14 59
14 61
14 63
14 64
14 65
14 67
14 69
14 70
14 72
14 74
14 77
14 79
14 80
14 84
14 86
14 87
14 89
14 91
14 93
14 98
14 103
14 104
14 106
14 107
14 108
14 110
14 118
14 122
14 134
14 138
14 140
14 156
14 160
14 169
14 174
14 175
14 185
14 198
14 200
14 202
14 203
14 212
14 220
14 230
14 233
14 247
14 248
15 51
15 52
15 53
15 54
15 55
15 56
15 58
15 60
15 62
15 63
15 64
15 65
15 66
15 67
15 68
15 69
15 70
15 73
15 74
15 76
15 78
15 79
15 80
15 85
15 89
15 91
15 94
15 97
15 98
15 99
15 100
15 103
15 104
15 107
15 108
15 111
15 115
15 132
15 140
15 147
15 155
15 170
15 175
15 179
15 185
15 187
15 189
15 197
15 202
15 206
15 208
15 218
15 220
15 221
15 233
15 249
16 51
16 52
16 53
16 54
16 55
16 56
16 57
16 58
16 59
16 60
16 61
16 62
16 64
16 65
16 66
16 67
16 69
16 70
16 71
16 73
16 74
16 75
16 77
16 78
16 79
16 80
16 81
16 82
16 83
16 84
16 87
16 90
16 98
16 102
16 105
16 110
16 113
16 117
16 118
16 121
16 122
16 123
16 124
16 126
16 127
16 128
16 132
16 133
16 134
16 136
16 137
16 139
16 142
16 143
16 144
16 145
16 151
16 152
16 154
16 161
16 162
16 164
16 170
16 173
16 175
16 180
16 181
16 182
16 183
16 186
16 190
16 198
16 199
16 203
16 206
16 207
16 208
16 209
16 211
16 213
16 215
16 216
16 218
16 222
16 224
16 225
16 228
16 229
16 232
16 239
16 240
16 242
16 245
16 249
17 51
17 52
17 53
17 54
17 55
17 56
17 57
17 58
17 59
17 60
17 61
17 62
17 64
17 65
17 66
17 67
17 68
17 70
17 71
17 72
17 74
17 77
17 80
17 82
17 89
17 90
17 91
17 94
17 97
17 109
17 110
17 112
17 113
17 117
17 119
17 120
17 127
17 129
17 136
17 137
17 140
17 148
17 151
17 154
17 160
17 163
17 175
17 178
17 188
17 210
17 217
17 220
17 222
17 223
17 227
17 243
17 245
17 246
17 248
18 51
18 52
18 53
18 54
18 55
18 56
18 57
18 58
18 59
18 61
18 62
18 63
18 64
18 65
18 66
18 67
18 68
18 69
18 70
18 72
18 74
18 75
18 77
18 78
18 80
18 81
18 82
18 83
18 84
18 85
18 86
18 88
18 91
18 93
18 102
18 104
18 106
18 108
18 111
18 112
18 114
18 115
18 120
18 121
18 129
18 130
18 136
18 138
18 146
18 148
18 151
18 152
18 157
18 166
18 174
18 181
18 188
18 190
18 201
18 202
18 206
18 219
18 220
18 221
18 222
18 223
18 225
18 229
18 230
18 231
18 232
18 233
18 237
18 242
18 246
19 51
19 52
19 53
19 54
19 55
19 56
19 57
19 58
19 59
19 62
19 64
19 65
19 66
19 67
19 68
19 70
19 71
19 72
19 73
19 74
19 76
19 77
19 78
19 79
19 81
19 83
19 85
19 88
19 89
19 93
19 95
19 96
19 97
19 98
19 99
19 101
19 105
19 108
19 109
19 115
19 122
19 128
19 129
19 143
19 144
19 149
19 154
19 163
19 164
19 172
19 175
19 178
19 183
19 185
19 188
19 192
19 193
19 194
19 195
19 201
19 203
19 214
19 222
19 227
19 230
19 231
19 232
19 234
19 238
19 244
19 248
20 51
20 52
20 53
20 54
20 55
20 56
20 57
20 58
20 59
20 60
20 62
20 64
20 65
20 66
20 67
20 69
20 71
20 72
20 73
20 74
20 75
20 76
20 78
20 79
20 82
20 83
20 84
20 86
20 88
20 89
20 90
20 92
20 97
20 102
20 103
20 107
20 113
20 117
20 121
20 123
20 125
20 126
20 127
20 128
20 130
20 134
20 135
20 137
20 138
20 141
20 149
20 151
20 156
20 157
20 171
20 172
20 182
20 183
20 184
20 186
20 187
20 188
20 195
20 199
20 202
20 204
20 208
20 214
20 220
20 223
20 247
21 51
21 52
21 53
21 54
21 55
21 56
21 57
21 59
21 60
21 61
21 64
21 65
21 66
21 69
21 72
21 75
21 79
21 83
21 84
21 85
21 87
21 90
21 92
21 95
21 96
21 97
21 103
21 105
21 106
21 109
21 111
21 113
21 118
21 126
21 136
21 139
21 144
21 147
21 149
21 151
21 160
21 168
21 171
21 176
21 177
21 180
21 181
21 187
21 195
21 196
21 197
21 198
21 202
21 231
21 236
21 240
21 243
22 51
22 52
22 53
22 54
22 55
22 56
22 57
22 58
22 59
22 60
22 61
22 62
22 63
22 66
22 68
22 69
22 70
22 71
22 72
22 73
22 74
22 76
22 77
22 80
22 81
22 84
22 87
22 89
22 90
22 93
22 96
22 99
22 103
22 106
22 107
22 110
22 111
22 113
22 114
22 116
22 118
22 119
22 123
22 125
22 126
22 128
22 130
22 141
22 142
22 144
22 149
22 151
22 157
22 163
22 170
22 178
22 179
22 202
22 203
22 205
22 211
22 212
22 217
22 218
22 219
22 226
22 228
22 233
22 234
22 237
23 51
23 52
23 53
23 54
23 55
23 58
23 59
23 61
23 62
23 63
23 64
23 65
23 66
23 67
23 68
23 69
23 70
23 71
23 72
23 73
23 76
23 78
23 79
23 84
23 86
23 87
23 91
23 93
23 100
23 101
23 102
23 103
23 105
23 106
23 107
23 115
23 118
23 120
23 122
23 123
23 126
23 130
23 133
23 136
23 139
23 146
23 150
23 159
23 166
23 167
23 175
23 179
23 182
23 187
23 195
23 197
23 199
23 209
23 214
23 219
23 222
23 223
23 235
23 237
23 242
23 244
23 246
24 51
24 52
24 53
24 54
24 55
24 56
24 57
24 58
24 59
24 60
24 61
24 62
24 63
24 64
24 65
24 66
24 67
24 68
24 69
24 70
24 72
24 73
24 74
24 75
24 76
24 77
24 78
24 79
24 83
24 84
24 86
24 88
24 89
24 91
24 92
24 93
24 95
24 96
24 97
24 99
24 101
24 102
24 105
24 106
24 107
24 109
24 110
24 114
24 117
24 119
24 123
24 128
24 136
24 154
24 155
24 160
24 161
24 164
24 165
24 170
24 171
24 173
24 174
24 176
24 177
24 179
24 183
24 184
24 185
24 191
24 199
24 203
24 206
24 211
24 213
24 216
24 217
24 222
24 224
24 227
24 229
24 232
24 236
24 237
24 242
24 243
24 245
24 246
25 51
25 52
25 53
25 54
25 55
25 56
25 57
25 58
25 60
25 61
25 62
25 63
25 64
25 66
25 67
25 68
25 69
25 71
25 73
25 74
25 76
25 78
25 80
25 81
25 83
25 86
25 88
25 92
25 95
25 96
25 97
25 100
25 101
25 105
25 106
25 107
25 109
25 112
25 120
25 124
25 126
25 136
25 139
25 141
25 147
25 150
25 152
25 153
25 160
25 161
25 163
25 165
25 170
25 173
25 175
25 178
25 181
25 189
25 190
25 191
25 192
25 196
25 197
25 198
25 214
25 219
25 221
25 226
25 231
25 232
25 236
25 247
26 51
26 52
26 53
26 54
26 55
26 56
26 57
26 58
26 59
26 60
26 61
26 62
26 63
26 64
26 66
26 67
26 68
26 69
26 71
26 74
26 75
26 76
26 77
26 78
26 79
26 80
26 81
26 82
26 85
26 86
26 88
26 89
26 91
26 92
26 93
26 94
26 95
26 97
26 98
26 100
26 101
26 108
26 111
26 113
26 114
26 116
26 117
26 118
26 122
26 126
26 127
26 129
26 131
26 134
26 135
26 136
26 137
26 138
26 143
26 144
26 146
26 148
26 149
26 150
26 152
26 153
26 155
26 156
26 159
26 162
26 164
26 166
26 167
26 169
26 173
26 174
26 181
26 184
26 186
26 187
26 190
26 199
26 205
26 210
26 215
26 219
26 239
26 246
27 51
27 52
27 53
27 54
27 55
27 56
27 58
27 59
27 60
27 61
27 62
27 63
27 64
27 65
27 66
27 67
27 69
27 70
27 73
27 74
27 75
27 76
27 77
27 78
27 82
27 83
27 85
27 86
27 90
27 91
27 96
27 101
27 102
27 104
27 106
27 108
27 113
27 114
27 117
27 118
27 120
27 121
27 129
27 130
27 131
27 137
27 139
27 140
27 143
27 150
27 151
27 166
27 173
27 174
27 177
27 178
27 185
27 186
27 191
27 192
27 194
27 213
27 216
27 225
27 229
27 236
27 245
28 51
28 52
28 53
28 54
28 55
28 56
28 57
28 58
28 60
28 61
28 62
28 63
28 64
28 65
28 66
28 69
28 70
28 72
28 73
28 76
28 79
28 83
28 88
28 92
28 93
28 94
28 96
28 108
28 111
28 117
28 121
28 122
28 130
28 132
28 145
28 150
28 161
28 164
28 165
28 167
28 170
28 180
28 186
28 187
28 204
28 206
28 234
28 243
28 246
29 52
29 53
29 55
29 57
29 58
29 59
29 60
29 62
29 63
29 64
29 68
29 76
29 77
29 80
29 82
29 83
29 84
29 87
29 98
29 106
29 113
29 119
29 120
29 124
29 131
29 132
29 134
29 139
29 141
29 142
29 147
29 148
29 150
29 152
29 166
29 174
29 182
29 193
29 200
29 202
29 207
29 209
29 231
29 235
29 244
29 245
30 51
30 52
30 53
30 54
30 55
30 57
30 58
30 59
30 60
30 61
30 63
30 64
30 66
30 68
30 69
30 71
30 75
30 76
30 77
30 78
30 80
30 82
30 83
30 84
30 86
30 89
30 90
30 97
30 99
30 100
30 102
30 104
30 109
30 111
30 122
30 126
30 129
30 132
30 133
30 134
30 136
30 148
30 150
30 151
30 153
30 154
30 161
30 164
30 169
30 170
30 177
30 181
30 188
30 192
30 198
30 201
30 213
30 217
30 219
30 224
30 226
30 230
30 231
30 240
30 248
31 51
31 52
31 54
31 56
31 57
31 58
31 59
31 60
31 63
31 65
31 66
31 67
31 69
31 70
31 71
31 72
31 73
31 74
31 75
31 76
31 77
31 79
31 80
31 82
31 83
31 84
31 86
31 88
31 89
31 90
31 92
31 93
31 96
31 101
31 103
31 108
31 111
31 114
31 118
31 121
31 123
31 129
31 131
31 132
31 135
31 146
31 149
31 151
31 152
31 154
31 157
31 160
31 161
31 163
31 164
31 165
31 169
31 177
31 180
31 185
31 186
31 187
31 190
31 192
31 198
31 201
31 203
31 206
31 212
31 220
31 228
31 230
31 233
31 236
31 248
32 51
32 52
32 53
32 54
32 55
32 56
32 57
32 58
32 60
32 61
32 62
32 63
32 69
32 72
32 76
32 81
32 82
32 83
32 84
32 90
32 94
32 100
32 102
32 109
32 113
32 116
32 117
32 121
32 124
32 125
32 126
32 131
32 134
32 137
32 139
32 159
32 167
32 168
32 185
32 195
32 199
32 201
32 206
32 213
32 216
32 217
32 221
32 223
32 225
32 234
32 244
32 245
32 249
33 51
33 52
33 53
33 55
33 56
33 57
33 58
33 59
33 60
33 61
33 63
33 64
33 66
33 67
33 68
33 69
33 70
33 71
33 72
33 76
33 77
33 78
33 80
33 81
33 85
33 89
33 91
33 93
33 94
33 96
33 100
33 104
33 107
33 108
33 111
33 112
33 114
33 117
33 118
33 120
33 122
33 132
33 138
33 140
33 142
33 155
33 156
33 157
33 159
33 164
33 175
33 178
33 189
33 190
33 192
33 196
33 199
33 206
33 217
33 223
33 232
33 238
33 241
33 248
34 51
34 52
34 53
34 54
34 55
34 56
34 57
34 58
34 59
34 60
34 62
34 64
34 65
34 67
34 68
34 69
34 71
34 72
34 73
34 75
34 78
34 79
34 81
34 83
34 87
34 89
34 91
34 92
34 93
34 94
34 99
34 100
34 104
34 105
34 123
34 124
34 125
34 128
34 130
34 133
34 138
34 142
34 146
34 156
34 158
34 159
34 168
34 170
34 186
34 188
34 194
34 195
34 206
34 207
34 209
34 214
34 229
34 236
34 246
34 247
35 51
35 52
35 53
35 54
35 55
35 56
35 57
35 58
35 60
35 61
35 62
35 63
35 64
35 66
35 67
35 68
35 70
35 72
35 73
35 75
35 79
35 80
35 84
35 89
35 90
35 95
35 96
35 99
35 100
35 102
35 106
35 108
35 109
35 111
35 113
35 114
35 118
35 121
35 122
35 125
35 128
35 138
35 139
35 140
35 142
35 149
35 151
35 156
35 159
35 162
35 172
35 176
35 178
35 182
35 185
35 191
35 194
35 199
35 203
35 224
35 226
35 227
35 228
35 229
35 244
36 51
36 52
36 53
36 54
36 55
36 56
36 57
36 58
36 59
36 60
36 61
36 62
36 65
36 66
36 67
36 68
36 71
36 73
36 74
36 78
36 80
36 81
36 94
36 95
36 98
36 99
36 107
36 121
36 127
36 130
36 143
36 154
36 155
36 156
36 165
36 169
36 183
36 189
36 196
36 198
36 213
36 221
36 223
36 228
36 233
37 51
37 54
37 55
37 56
37 57
37 58
37 59
37 60
37 61
37 62
37 63
37 64
37 67
37 69
37 71
37 75
37 78
37 90
37 93
37 98
37 100
37 101
37 106
37 108
37 111
37 114
37 120
37 124
37 125
37 128
37 131
37 139
37 142
37 153
37 154
37 159
37 160
37 161
37 162
37 170
37 172
37 188
37 196
37 198
37 199
37 209
37 212
37 215
37 219
37 228
37 231
37 238
38 51
38 52
38 53
38 54
38 55
38 56
38 57
38 59
38 61
38 62
38 63
38 64
38 65
38 66
38 67
38 70
38 72
38 73
38 76
38 79
38 81
38 82
38 83
38 84
38 85
38 87
38 92
38 93
38 94
38 95
38 96
38 98
38 99
38 118
38 121
38 124
38 125
38 132
38 133
38 134
38 139
38 140
38 146
38 147
38 148
38 149
38 150
38 156
38 157
38 159
38 171
38 188
38 189
38 195
38 196
38 198
38 199
38 208
38 210
38 211
38 212
38 213
38 217
38 222
38 225
38 227
38 228
38 229
38 231
38 232
38 238
38 240
38 242
38 244
38 245
38 249
39 51
39 52
39 53
39 54
39 55
39 56
39 57
39 59
39 60
39 61
39 62
39 64
39 65
39 66
39 67
39 70
39 72
39 73
39 74
39 75
39 80
39 82
39 83
39 85
39 86
39 89
39 92
39 94
39 99
39 100
39 101
39 103
39 106
39 107
39 108
39 109
39 110
39 113
39 114
39 115
39 116
39 119
39 121
39 123
39 124
39 126
39 127
39 129
39 131
39 134
39 135
39 147
39 153
39 154
39 159
39 161
39 164
39 166
39 167
39 169
39 170
39 172
39 174
39 177
39 179
39 183
39 187
39 189
39 191
39 197
39 203
39 204
39 205
39 209
39 212
39 214
39 216
39 217
39 227
39 229
39 232
39 235
39 236
39 241
39 242
39 243
39 244
39 248
40 51
40 52
40 53
40 54
40 55
40 56
40 57
40 58
40 59
40 60
40 61
40 62
40 65
40 67
40 71
40 74
40 75
40 76
40 77
40 80
40 82
40 83
40 84
40 85
40 89
40 92
40 94
40 95
40 97
40 101
40 103
40 104
40 120
40 127
40 128
40 133
40 135
40 139
40 151
40 153
40 155
40 156
40 165
40 168
40 172
40 179
40 183
40 184
40 188
40 189
40 193
40 196
40 198
40 200
40 201
40 204
40 208
40 210
40 220
40 223
40 239
41 51
41 52
41 53
41 54
41 55
41 56
41 57
41 58
41 59
41 60
41 61
41 63
41 64
41 65
41 66
41 68
41 69
41 70
41 71
41 73
41 75
41 77
41 79
41 81
41 82
41 84
41 86
41 88
41 89
41 90
41 91
41 94
41 102
41 103
41 106
41 109
41 112
41 113
41 116
41 120
41 123
41 125
41 126
41 130
41 133
41 134
41 137
41 139
41 140
41 141
41 142
41 146
41 158
41 159
41 160
41 163
41 176
41 178
41 181
41 182
41 193
41 194
41 202
41 203
41 206
41 209
41 210
41 212
41 214
41 219
41 228
41 240
42 51
42 52
42 53
42 54
42 55
42 56
42 57
42 58
42 60
42 61
42 64
42 65
42 66
42 67
42 69
42 70
42 71
42 72
42 75
42 76
42 77
42 78
42 79
42 81
42 91
42 92
42 94
42 95
42 96
42 97
42 98
42 100
42 105
42 109
42 110
42 112
42 118
42 126
42 135
42 136
42 137
42 139
42 141
42 151
42 152
42 153
42 154
42 155
42 158
42 160
42 168
42 170
42 188
42 193
42 207
42 215
42 220
42 221
42 226
42 231
42 233
42 234
42 235
42 237
42 238
42 244
43 51
43 52
43 53
43 54
43 55
43 56
43 57
43 58
43 59
43 60
43 61
43 62
43 63
43 64
43 65
43 68
43 69
43 70
43 71
43 74
43 75
43 76
43 79
43 80
43 81
43 82
43 84
43 85
43 86
43 87
43 90
43 91
43 92
43 94
43 95
43 100
43 102
43 104
43 106
43 112
43 114
43 115
43 116
43 117
43 118
43 119
43 121
43 122
43 127
43 129
43 133
43 135
43 136
43 142
43 145
43 146
43 147
43 149
43 154
43 158
43 171
43 173
43 177
43 183
43 187
43 191
43 194
43 200
43 203
43 209
43 212
43 216
43 222
43 226
43 228
43 231
43 233
43 234
43 244
43 245
43 249
44 51
44 52
44 53
44 56
44 57
44 58
44 59
44 60
44 61
44 62
44 63
44 64
44 66
44 67
44 68
44 69
44 71
44 72
44 73
44 74
44 76
44 77
44 81
44 83
44 84
44 88
44 89
44 90
44 92
44 97
44 98
44 99
44 100
44 101
44 102
44 106
44 109
44 110
44 111
44 112
44 114
44 116
44 117
44 120
44 121
44 122
44 124
44 126
44 128
44 135
44 140
44 146
44 150
44 157
44 167
44 171
44 174
44 178
44 182
44 187
44 191
44 195
44 197
44 203
44 206
44 214
44 216
44 221
44 228
44 229
44 236
44 238
44 242
44 247
44 249
45 51
45 52
45 53
45 54
45 55
45 56
45 59
45 60
45 61
45 62
45 63
45 66
45 68
45 69
45 70
45 72
45 73
45 74
45 78
45 82
45 84
45 85
45 87
45 88
45 95
45 101
45 108
45 112
45 116
45 117
45 122
45 126
45 148
45 153
45 161
45 166
45 171
45 181
45 198
45 200
45 210
45 213
45 221
45 241
45 242
46 51
46 52
46 54
46 55
46 57
46 58
46 59
46 61
46 62
46 63
46 64
46 65
46 66
46 67
46 68
46 71
46 72
46 74
46 76
46 77
46 78
46 79
46 81
46 82
46 84
46 86
46 92
46 93
46 94
46 99
46 101
46 102
46 103
46 107
46 109
46 111
46 113
46 119
46 121
46 124
46 127
46 129
46 132
46 133
46 134
46 136
46 137
46 141
46 142
46 143
46 145
46 149
46 150
46 151
46 155
46 157
46 166
46 167
46 168
46 171
46 172
46 174
46 175
46 183
46 186
46 193
46 194
46 195
46 198
46 199
46 200
46 207
46 213
46 224
46 233
46 242
46 246
47 51
47 53
47 54
47 55
47 56
47 57
47 59
47 60
47 61
47 62
47 64
47 66
47 68
47 69
47 73
47 75
47 77
47 86
47 87
47 91
47 95
47 96
47 98
47 100
47 103
47 104
47 106
47 109
47 112
47 115
47 116
47 130
47 133
47 135
47 136
47 139
47 151
47 153
47 157
47 158
47 164
47 187
47 188
47 193
47 196
47 198
47 201
47 215
47 218
47 229
47 241
47 246
47 247
48 51
48 52
48 53
48 54
48 55
48 56
48 57
48 58
48 59
48 60
48 61
48 62
48 63
48 65
48 66
48 67
48 69
48 70
48 71
48 72
48 74
48 77
48 82
48 87
48 89
48 92
48 93
48 94
48 98
48 99
48 101
48 102
48 105
48 106
48 109
48 112
48 120
48 123
48 124
48 125
48 131
48 134
48 137
48 141
48 145
48 148
48 150
48 151
48 156
48 157
48 192
48 200
48 201
48 202
48 211
48 216
48 219
48 221
48 223
48 227
48 229
48 231
48 232
48 238
48 243
49 51
49 52
49 53
49 54
49 55
49 56
49 57
49 58
49 59
49 60
49 61
49 62
49 63
49 64
49 65
49 66
49 68
49 69
49 71
49 73
49 78
49 81
49 83
49 84
49 86
49 87
49 92
49 94
49 98
49 99
49 101
49 113
49 118
49 119
49 120
49 123
49 124
49 127
49 131
49 133
49 134
49 151
49 156
49 157
49 159
49 169
49 170
49 171
49 177
49 180
49 183
49 192
49 193
49 194
49 195
49 205
49 216
49 222
49 236
49 238
49 242
49 248
50 51
50 52
50 53
50 54
50 55
50 56
50 57
50 58
50 60
50 61
50 62
50 65
50 66
50 67
50 68
50 71
50 72
50 74
50 75
50 76
50 83
50 84
50 87
50 91
50 94
50 98
50 107
50 108
50 111
50 112
50 116
50 117
50 120
50 121
50 123
50 130
50 131
50 146
50 150
50 151
50 152
50 153
50 163
50 167
50 175
50 176
50 186
50 187
50 190
50 193
50 201
50 203
50 212
50 213
50 223
50 225
50 233
50 238
50 240
50 242
50 243
51 52
51 53
51 54
51 55
51 56
51 57
51 58
51 59
51 60
51 61
51 62
51 63
51 64
51 65
51 66
51 67
51 68
51 69
51 70
51 71
51 72
51 73
51 74
51 75
51 76
51 77
51 78
51 79
51 80
51 82
51 83
51 84
51 85
51 86
51 87
51 88
51 89
51 90
51 91
51 92
51 93
51 94
51 95
51 99
51 100
51 101
51 103
51 104
51 105
51 107
51 108
51 109
51 113
51 115
51 116
51 117
51 118
51 119
51 120
51 121
51 123
51 125
51 127
51 128
51 129
51 131
51 136
51 138
51 139
51 140
51 142
51 144
51 147
51 148
51 151
51 153
51 154
51 160
51 161
51 163
51 165
51 167
51 169
51 170
51 171
51 172
51 173
51 174
51 175
51 181
51 184
51 187
51 190
51 191
51 192
51 193
51 198
51 199
51 200
51 202
51 206
51 207
51 208
51 213
51 215
51 216
51 217
51 219
51 220
51 224
51 225
51 226
51 227
51 229
51 233
51 242
51 243
51 245
51 246
52 53
52 54
52 55
52 56
52 57
52 58
52 59
52 60
52 61
52 62
52 63
52 64
52 65
52 66
52 67
52 68
52 69
52 70
52 72
52 73
52 74
52 75
52 77
52 78
52 79
52 80
52 81
52 82
52 83
52 85
52 86
52 89
52 92
52 93
52 94
52 96
52 97
52 98
52 100
52 102
52 104
52 105
52 106
52 107
52 108
52 110
52 111
52 113
52 114
52 115
52 116
52 117
52 118
52 119
52 120
52 121
52 122
52 123
52 124
52 125
52 127
52 128
52 130
52 133
52 134
52 135
52 137
52 138
52 141
52 143
52 145
52 147
52 150
52 151
52 152
52 153
52 155
52 159
52 160
52 161
52 163
52 166
52 169
52 173
52 174
52 175
52 176
52 178
52 181
52 182
52 188
52 190
52 196
52 199
52 200
52 201
52 205
52 209
52 214
52 216
52 224
52 227
52 228
52 233
52 236
52 237
52 238
52 239
52 241
52 242
52 245
52 246
52 248
52 249
53 54
53 55
53 56
53 57
53 58
53 59
53 60
53 61
53 62
53 63
53 64
53 65
53 66
53 67
53 68
53 69
53 70
53 71
53 72
53 73
53 74
53 75
53 76
53 77
53 78
53 79
53 80
53 81
53 82
53 83
53 84
53 85
53 86
53 87
53 88
53 89
53 90
53 91
53 92
53 93
53 94
53 95
53 96
53 97
53 98
53 99
53 101
53 104
53 105
53 107
53 108
53 109
53 112
53 113
53 115
53 117
53 119
53 122
53 123
53 124
53 125
53 127
53 128
53 129
53 130
53 131
53 133
53 134
53 135
53 136
53 137
53 139
53 140
53 142
53 144
53 146
53 147
53 151
53 152
53 153
53 155
53 156
53 158
53 159
53 162
53 163
53 165
53 166
53 169
53 170
53 171
53 173
53 176
53 179
53 183
53 184
53 185
53 187
53 189
53 191
53 194
53 198
53 203
53 205
53 206
53 209
53 211
53 213
53 216
53 217
53 218
53 220
53 221
53 226
53 227
53 230
53 232
53 234
53 235
53 238
53 239
53 244
53 246
54 55
54 56
54 57
54 58
54 59
54 60
54 61
54 62
54 63
54 64
54 65
54 66
54 67
54 68
54 69
54 70
54 71
54 72
54 73
54 74
54 75
54 76
54 77
54 78
54 79
54 81
54 82
54 83
54 84
54 85
54 86
54 87
54 88
54 89
54 90
54 91
54 93
54 95
54 96
54 99
54 100
54 101
54 102
54 103
54 104
54 106
54 108
54 109
54 110
54 111
54 112
54 113
54 114
54 115
54 116
54 121
54 123
54 124
54 125
54 126
54 127
54 128
54 132
54 134
54 137
54 139
54 141
54 142
54 143
54 144
54 146
54 147
54 148
54 149
54 151
54 153
54 154
54 155
54 157
54 159
54 160
54 163
54 165
54 169
54 171
54 174
54 175
54 176
54 177
54 178
54 179
54 180
54 182
54 183
54 188
54 192
54 196
54 197
54 200
54 202
54 203
54 204
54 206
54 208
54 209
54 211
54 214
54 218
54 219
54 222
54 224
54 226
54 231
54 233
54 241
54 244
54 246
54 247
54 248
55 56
55 57
55 58
55 59
55 60
55 61
55 62
55 63
55 64
55 65
55 66
55 67
55 68
55 69
55 70
55 71
55 72
55 73
55 74
55 75
55 76
55 77
55 78
55 80
55 81
55 82
55 83
55 84
55 85
55 86
55 87
55 88
55 89
55 90
55 91
55 92
55 93
55 94
55 95
55 97
55 100
55 101
55 102
55 103
55 104
55 106
55 107
55 109
55 110
55 114
55 115
55 118
55 119
55 120
55 121
55 122
55 125
55 126
55 127
55 129
55 132
55 133
55 134
55 135
55 138
55 141
55 144
55 145
55 148
55 154
55 156
55 164
55 165
55 166
55 167
55 168
55 173
55 179
55 180
55 184
55 185
55 186
55 188
55 189
55 190
55 192
55 193
55 197
55 200
55 204
55 208
55 209
55 210
55 211
55 212
55 214
55 217
55 218
55 219
55 223
55 224
55 225
55 227
55 228
55 230
55 233
55 241
55 242
55 248
56 57
56 58
56 59
56 60
56 61
56 62
56 63
56 64
56 65
56 66
56 67
56 68
56 69
56 70
56 71
56 72
56 73
56 74
56 75
56 76
56 77
56 78
56 79
56 80
56 81
56 82
56 83
56 84
56 85
56 86
56 87
56 88
56 89
56 90
56 91
56 92
56 93
56 95
56 96
56 97
56 98
56 100
56 102
56 103
56 104
56 105
56 106
56 107
56 108
56 109
56 110
56 111
56 112
56 113
56 115
56 121
56 122
56 123
56 124
56 128
56 130
56 132
56 133
56 134
56 135
56 136
56 137
56 139
56 140
56 144
56 147
56 148
56 150
56 151
56 152
56 153
56 154
56 157
56 158
56 159
56 160
56 162
56 165
56 166
56 168
56 169
56 171
56 172
56 179
56 181
56 182
56 183
56 186
56 187
56 188
56 190
56 192
56 193
56 194
56 197
56 198
56 200
56 205
56 207
56 210
56 211
56 212
56 213
56 214
56 219
56 223
56 224
56 228
56 232
56 235
56 239
56 240
56 241
56 244
56 247
57 58
57 59
57 60
57 61
57 62
57 63
57 64
57 65
57 66
57 67
57 68
57 69
57 70
57 71
57 73
57 74
57 75
57 76
57 78
57 79
57 80
57 81
57 82
57 83
57 84
57 86
57 88
57 90
57 91
57 93
57 95
57 97
57 99
57 100
57 101
57 102
57 104
57 105
57 106
57 114
57 116
57 117
57 118
57 120
57 121
57 123
57 124
57 125
57 128
57 129
57 130
57 131
57 133
57 135
57 138
57 141
57 143
57 148
57 149
57 150
57 153
57 154
57 155
57 156
57 157
57 159
57 160
57 162
57 166
57 167
57 170
57 172
57 173
57 176
57 178
57 183
57 188
57 189
57 191
57 193
57 197
57 198
57 202
57 204
57 207
57 208
57 209
57 214
57 216
57 217
57 219
57 226
57 229
57 236
57 240
57 241
58 59
58 60
58 61
58 62
58 63
58 64
58 65
58 66
58 67
58 68
58 69
58 70
58 71
58 72
58 73
58 75
58 76
58 77
58 78
58 79
58 80
58 81
58 83
58 84
58 85
58 87
58 88
58 89
58 92
58 93
58 94
58 95
58 96
58 97
58 98
58 100
58 101
58 102
58 103
58 104
58 105
58 108
58 109
58 110
58 111
58 112
58 113
58 114
58 117
58 118
58 119
58 120
58 121
58 122
58 124
58 125
58 126
58 128
58 129
58 132
58 134
58 136
58 137
58 140
58 141
58 145
58 147
58 148
58 153
58 158
58 163
58 164
58 166
58 167
58 168
58 170
58 171
58 173
58 174
58 176
58 177
58 178
58 182
58 185
58 186
58 191
58 195
58 197
58 198
58 201
58 202
58 203
58 205
58 206
58 207
58 208
58 210
58 213
58 215
58 217
58 218
58 222
58 224
58 226
58 227
58 229
58 230
58 231
58 232
58 237
58 238
58 239
58 242
58 243
58 244
58 246
58 249
59 60
59 61
59 62
59 63
59 64
59 65
59 66
59 67
59 68
59 69
59 70
59 71
59 72
59 73
59 74
59 75
59 76
59 77
59 78
59 79
59 80
59 81
59 82
59 85
59 87
59 88
59 89
59 90
59 91
59 92
59 93
59 94
59 95
59 96
59 97
59 98
59 99
59 100
59 101
59 102
59 103
59 106
59 108
59 110
59 113
59 114
59 115
59 116
59 117
59 121
59 124
59 125
59 126
59 127
59 128
59 130
59 131
59 132
59 134
59 137
59 139
59 140
59 143
59 145
59 147
59 149
59 150
59 152
59 155
59 158
59 159
59 160
59 162
59 163
59 164
59 165
59 167
59 171
59 172
59 174
59 176
59 178
59 179
59 180
59 183
59 185
59 186
59 189
59 190
59 191
59 192
59 193
59 195
59 196
59 197
59 199
59 202
59 203
59 205
59 207
59 215
59 217
59 218
59 219
59 220
59 222
59 224
59 228
59 230
59 234
59 237
59 238
59 239
59 240
59 243
59 245
59 246
60 61
60 62
60 63
60 64
60 65
60 66
60 67
60 68
60 69
60 70
60 71
60 72
60 73
60 74
60 75
60 76
60 77
60 78
60 79
60 80
60 81
60 82
60 83
60 84
60 85
60 86
60 87
60 89
60 91
60 93
60 94
60 95
60 96
60 98
60 99
60 100
60 103
60 104
60 105
60 106
60 107
60 109
60 110
60 113
60 114
60 117
60 118
60 123
60 126
60 128
60 129
60 130
60 134
60 137
60 138
60 139
60 140
60 141
60 142
60 143
60 145
60 146
60 147
60 148
60 150
60 158
60 159
60 161
60 162
60 163
60 166
60 167
60 168
60 169
60 172
60 174
60 176
60 180
60 182
60 183
60 184
60 186
60 190
60 192
60 193
60 194
60 195
60 197
60 199
60 200
60 201
60 202
60 204
60 207
60 208
60 209
60 210
60 212
60 214
60 215
60 220
60 224
60 225
60 229
60 230
60 234
60 235
60 238
60 246
61 62
61 63
61 64
61 65
61 66
61 67
61 68
61 69
61 70
61 71
61 72
61 73
61 74
61 76
61 78
61 79
61 80
61 81
61 82
61 83
61 84
61 85
61 87
61 88
61 89
61 90
61 92
61 94
61 95
61 96
61 98
61 99
61 102
61 104
61 107
61 108
61 110
61 111
61 112
61 113
61 117
61 118
61 119
61 121
61 122
61 124
61 125
61 126
61 129
61 130
61 131
61 132
61 133
61 134
61 135
61 146
61 147
61 148
61 149
61 155
61 161
61 163
61 165
61 168
61 172
61 173
61 178
61 179
61 180
61 182
61 185
61 186
61 189
61 192
61 195
61 200
61 201
61 203
61 205
61 206
61 207
61 208
61 210
61 211
61 212
61 214
61 222
61 224
61 226
61 228
61 229
61 230
61 231
61 232
61 234
61 236
61 238
61 239
61 240
61 242
61 243
61 246
62 63
62 64
62 65
62 67
62 68
62 69
62 70
62 71
62 72
62 73
62 74
62 75
62 76
62 77
62 78
62 79
62 80
62 81
62 82
62 83
62 84
62 85
62 86
62 87
62 88
62 89
62 90
62 91
62 92
62 94
62 95
62 96
62 97
62 98
62 99
62 100
62 101
62 102
62 103
62 104
62 105
62 106
62 107
62 108
62 109
62 110
62 111
62 115
62 117
62 121
62 124
62 126
62 128
62 130
62 132
62 134
62 138
62 139
62 140
62 141
62 143
62 144
62 148
62 149
62 150
62 152
62 153
62 155
62 156
62 157
62 160
62 161
62 163
62 165
62 166
62 168
62 169
62 172
62 173
62 177
62 181
62 186
62 188
62 189
62 190
62 192
62 193
62 195
62 197
62 200
62 204
62 206
62 207
62 208
62 210
62 212
62 214
62 215
62 219
62 220
62 221
62 224
62 226
62 227
62 233
62 234
62 235
62 236
62 237
62 238
62 239
62 241
62 243
62 244
62 246
62 247
62 249
63 64
63 65
63 66
63 67
63 68
63 69
63 70
63 72
63 73
63 74
63 75
63 76
63 77
63 78
63 79
63 80
63 82
63 83
63 85
63 86
63 87
63 88
63 91
63 92
63 93
63 94
63 95
63 96
63 97
63 99
63 100
63 101
63 102
63 105
63 106
63 107
63 108
63 109
63 110
63 112
63 113
63 116
63 117
63 119
63 123
63 124
63 129
63 130
63 132
63 133
63 136
63 137
63 138
63 140
63 142
63 144
63 146
63 150
63 154
63 155
63 156
63 157
63 158
63 159
63 161
63 167
63 168
63 169
63 173
63 176
63 177
63 179
63 183
63 184
63 187
63 188
63 189
63 192
63 194
63 196
63 200
63 202
63 203
63 204
63 205
63 207
63 209
63 210
63 211
63 212
63 213
63 215
63 218
63 223
63 227
63 229
63 230
63 234
63 237
63 238
63 240
63 242
63 243
63 248
64 65
64 66
64 67
64 68
64 69
64 70
64 71
64 72
64 73
64 74
64 75
64 76
64 77
64 78
64 79
64 80
64 81
64 82
64 83
64 85
64 86
64 87
64 89
64 90
64 91
64 92
64 93
64 94
64 95
64 96
64 97
64 98
64 99
64 100
64 101
64 102
64 104
64 105
64 111
64 112
64 113
64 114
64 115
64 116
64 118
64 121
64 122
64 123
64 125
64 126
64 129
64 130
64 131
64 133
64 135
64 136
64 137
64 138
64 139
64 144
64 145
64 146
64 147
64 148
64 149
64 150
64 151
64 156
64 157
64 158
64 160
64 161
64 163
64 166
64 171
64 174
64 176
64 179
64 180
64 181
64 182
64 183
64 184
64 185
64 187
64 188
64 190
64 192
64 196
64 204
64 205
64 209
64 211
64 212
64 214
64 223
64 226
64 228
64 232
64 234
64 235
64 236
64 240
64 246
64 247
64 248
64 249
65 66
65 67
65 68
65 69
65 71
65 72
65 73
65 74
65 75
65 76
65 77
65 79
65 80
65 81
65 82
65 83
65 84
65 85
65 86
65 87
65 88
65 89
65 90
65 91
65 92
65 93
65 94
65 96
65 97
65 98
65 102
65 103
65 104
65 105
65 107
65 109
65 111
65 112
65 114
65 115
65 116
65 117
65 119
65 122
65 125
65 128
65 131
65 132
65 136
65 137
65 138
65 139
65 141
65 142
65 143
65 147
65 149
65 154
65 159
65 160
65 163
65 166
65 168
65 169
65 171
65 172
65 174
65 175
65 177
65 180
65 181
65 185
65 186
65 189
65 190
65 192
65 194
65 195
65 196
65 197
65 198
65 201
65 205
65 206
65 209
65 210
65 215
65 218
65 220
65 221
65 222
65 230
65 234
65 237
65 240
65 241
65 243
65 245
66 67
66 68
66 69
66 70
66 71
66 72
66 73
66 74
66 75
66 77
66 78
66 79
66 80
66 81
66 82
66 83
66 84
66 85
66 86
66 87
66 88
66 92
66 94
66 95
66 96
66 97
66 98
66 99
66 104
66 106
66 108
66 109
66 110
66 111
66 112
66 113
66 115
66 116
66 117
66 118
66 120
66 121
66 124
66 127
66 128
66 129
66 131
66 133
66 138
66 140
66 141
66 143
66 145
66 146
66 151
66 152
66 153
66 154
66 156
66 157
66 159
66 161
66 163
66 164
66 166
66 167
66 168
66 173
66 175
66 179
66 180
66 181
66 184
66 186
66 194
66 196
66 197
66 200
66 203
66 206
66 209
66 215
66 216
66 224
66 229
66 233
66 235
66 242
66 243
66 246
67 68
67 69
67 70
67 71
67 72
67 73
67 74
67 75
67 77
67 78
67 79
67 82
67 83
67 85
67 86
67 88
67 89
67 91
67 94
67 95
67 96
67 97
67 98
67 99
67 101
67 102
67 104
67 105
67 106
67 107
67 110
67 113
67 116
67 120
67 122
67 125
67 126
67 131
67 134
67 139
67 141
67 144
67 148
67 149
67 150
67 151
67 154
67 155
67 157
67 161
67 163
67 164
67 169
67 170
67 172
67 174
67 175
67 179
67 180
67 182
67 184
67 194
67 195
67 198
67 207
67 208
67 211
67 212
67 213
67 214
67 216
67 222
67 226
67 231
67 232
67 240
67 247
67 249
68 69
68 70
68 71
68 72
68 73
68 74
68 75
68 76
68 77
68 79
68 80
68 81
68 83
68 85
68 87
68 88
68 89
68 90
68 92
68 94
68 95
68 96
68 97
68 98
68 99
68 100
68 101
68 102
68 103
68 104
68 106
68 108
68 109
68 110
68 111
68 112
68 113
68 115
68 116
68 117
68 118
68 121
68 124
68 127
68 130
68 134
68 138
68 140
68 142
68 144
68 145
68 146
68 147
68 149
68 150
68 152
68 153
68 158
68 159
68 160
68 161
68 163
68 165
68 166
68 167
68 168
68 169
68 171
68 172
68 173
68 182
68 183
68 189
68 193
68 196
68 200
68 201
68 203
68 204
68 213
68 216
68 219
68 222
68 223
68 230
68 231
68 232
68 236
68 246
68 249
69 70
69 71
69 72
69 75
69 76
69 77
69 78
69 79
69 80
69 82
69 83
69 85
69 86
69 88
69 89
69 91
69 93
69 95
69 97
69 98
69 100
69 101
69 102
69 103
69 104
69 105
69 107
69 109
69 110
69 114
69 119
69 124
69 125
69 128
69 129
69 130
69 131
69 135
69 137
69 140
69 141
69 143
69 144
69 145
69 146
69 148
69 149
69 150
69 151
69 152
69 153
69 156
69 158
69 159
69 160
69 162
69 163
69 165
69 166
69 172
69 174
69 175
69 179
69 180
69 186
69 187
69 189
69 192
69 196
69 198
69 199
69 201
69 206
69 207
69 214
69 219
69 220
69 221
69 222
69 225
69 226
69 230
69 231
69 232
69 233
69 234
69 235
69 237
69 239
69 241
70 71
70 73
70 74
70 76
70 79
70 80
70 81
70 82
70 83
70 84
70 85
70 86
70 87
70 88
70 89
70 90
70 91
70 92
70 93
70 94
70 95
70 96
70 98
70 99
70 100
70 102
70 103
70 104
70 105
70 106
70 108
70 111
70 113
70 114
70 115
70 117
70 123
70 125
70 126
70 127
70 132
70 135
70 139
70 145
70 147
70 148
70 150
70 155
70 156
70 158
70 159
70 162
70 163
70 164
70 166
70 167
70 170
70 177
70 180
70 182
70 184
70 185
70 187
70 191
70 194
70 195
70 197
70 198
70 204
70 208
70 209
70 210
70 211
70 216
70 218
70 224
70 227
70 228
70 232
70 233
70 236
70 240
70 247
71 72
71 73
71 74
71 75
71 76
71 77
71 79
71 80
71 82
71 83
71 84
71 85
71 87
71 88
71 89
71 91
71 93
71 94
71 95
71 96
71 97
71 98
71 100
71 101
71 102
71 103
71 104
71 106
71 107
71 109
71 110
71 114
71 118
71 121
71 124
71 125
71 126
71 127
71 132
71 133
71 135
71 138
71 140
71 144
71 146
71 147
71 149
71 150
71 152
71 157
71 160
71 163
71 164
71 165
71 167
71 173
71 175
71 176
71 177
71 183
71 184
71 187
71 189
71 193
71 194
71 195
71 196
71 200
71 202
71 204
71 205
71 209
71 214
71 216
71 217
71 219
71 221
71 222
71 224
71 228
71 230
71 232
71 234
71 236
71 239
71 242
71 243
71 244
71 248
71 249
72 73
72 74
72 75
72 78
72 79
72 81
72 82
72 86
72 87
72 88
72 89
72 90
72 91
72 93
72 96
72 97
72 98
72 99
72 101
72 102
72 103
72 104
72 105
72 108
72 109
72 112
72 113
72 115
72 116
72 117
72 118
72 119
72 120
72 121
72 122
72 123
72 126
72 128
72 131
72 133
72 134
72 135
72 136
72 137
72 138
72 140
72 142
72 143
72 144
72 151
72 152
72 153
72 154
72 155
72 157
72 159
72 160
72 164
72 166
72 168
72 169
72 170
72 171
72 172
72 173
72 176
72 177
72 180
72 181
72 184
72 185
72 186
72 187
72 188
72 190
72 191
72 193
72 194
72 201
72 202
72 205
72 206
72 207
72 209
72 212
72 215
72 216
72 219
72 222
72 226
72 236
72 237
72 238
72 239
72 241
72 245
72 247
72 249
73 74
73 75
73 76
73 78
73 80
73 82
73 83
73 85
73 86
73 87
73 88
73 89
73 90
73 92
73 93
73 97
73 98
73 100
73 101
73 103
73 106
73 107
73 108
73 111
73 112
73 113
73 114
73 115
73 116
73 119
73 120
73 121
73 123
73 124
73 125
73 128
73 129
73 131
73 132
73 136
73 137
73 138
73 139
73 141
73 143
73 144
73 145
73 146
73 147
73 149
73 151
73 154
73 155
73 156
73 158
73 159
73 164
73 166
73 170
73 171
73 175
73 177
73 179
73 184
73 186
73 189
73 190
73 191
73 195
73 196
73 201
73 204
73 205
73 206
73 209
73 213
73 216
73 218
73 219
73 222
73 228
73 229
73 230
73 236
73 238
73 244
73 245
74 75
74 76
74 77
74 78
74 80
74 81
74 82
74 84
74 86
74 87
74 88
74 90
74 91
74 92
74 99
74 101
74 104
74 105
74 106
74 107
74 108
74 109
74 110
74 112
74 114
74 115
74 116
74 119
74 120
74 123
74 124
74 127
74 130
74 131
74 135
74 136
74 138
74 143
74 144
74 145
74 148
74 151
74 153
74 154
74 161
74 176
74 177
74 178
74 180
74 188
74 190
74 194
74 196
74 204
74 207
74 209
74 210
74 214
74 219
74 220
74 223
74 227
74 229
74 237
74 242
74 247
75 76
75 78
75 79
75 82
75 83
75 84
75 87
75 88
75 89
75 90
75 92
75 93
75 96
75 97
75 98
75 99
75 100
75 102
75 103
75 105
75 107
75 108
75 109
75 111
75 112
75 113
75 114
75 115
75 116
75 117
75 118
75 119
75 120
75 122
75 123
75 124
75 125
75 126
75 129
75 132
75 133
75 135
75 136
75 138
75 140
75 142
75 146
75 153
75 156
75 166
75 167
75 170
75 172
75 177
75 178
75 181
75 186
75 188
75 199
75 201
75 206
75 207
75 208
75 212
75 213
75 216
75 220
75 221
75 224
75 228
75 229
75 232
75 235
75 237
75 238
75 245
76 77
76 78
76 80
76 81
76 82
76 84
76 85
76 86
76 87
76 88
76 89
76 90
76 93
76 94
76 95
76 98
76 99
76 100
76 102
76 103
76 105
76 106
76 109
76 110
76 111
76 112
76 114
76 115
76 117
76 119
76 120
76 123
76 125
76 130
76 131
76 133
76 134
76 135
76 136
76 137
76 138
76 139
76 141
76 142
76 148
76 149
76 152
76 154
76 155
76 156
76 160
76 161
76 162
76 164
76 165
76 167
76 168
76 177
76 178
76 181
76 186
76 189
76 190
76 192
76 193
76 194
76 201
76 202
76 208
76 214
76 216
76 217
76 220
76 223
76 228
76 230
76 235
76 240
76 241
76 242
76 246
76 247
76 249
77 79
77 80
77 81
77 82
77 83
77 85
77 86
77 87
77 88
77 89
77 90
77 96
77 97
77 99
77 102
77 103
77 105
77 106
77 109
77 110
77 111
77 115
77 116
77 117
77 118
77 119
77 125
77 127
77 128
77 129
77 133
77 137
77 140
77 142
77 146
77 147
77 148
77 151
77 155
77 158
77 159
77 161
77 162
77 173
77 174
77 178
77 180
77 182
77 183
77 186
77 188
77 191
77 193
77 197
77 203
77 206
77 211
77 215
77 221
77 225
77 226
77 230
77 232
77 236
77 237
77 239
77 241
77 242
77 244
77 247
77 249
78 79
78 80
78 81
78 82
78 84
78 85
78 86
78 87
78 88
78 89
78 90
78 91
78 94
78 95
78 96
78 97
78 99
78 105
78 106
78 107
78 109
78 111
78 113
78 114
78 115
78 116
78 117
78 118
78 119
78 120
78 123
78 124
78 125
78 127
78 132
78 133
78 134
78 135
78 137
78 139
78 141
78 142
78 144
78 145
78 146
78 148
78 149
78 152
78 153
78 154
78 161
78 162
78 166
78 167
78 171
78 174
78 175
78 177
78 178
78 179
78 180
78 184
78 190
78 191
78 193
78 195
78 196
78 200
78 201
78 205
78 213
78 214
78 215
78 216
78 220
78 221
78 226
78 227
78 229
78 235
78 238
78 241
78 242
78 247
78 249
79 80
79 82
79 83
79 84
79 85
79 86
79 88
79 90
79 91
79 93
79 94
79 96
79 98
79 99
79 100
79 101
79 102
79 103
79 104
79 107
79 108
79 109
79 112
79 114
79 115
79 116
79 119
79 121
79 122
79 123
79 124
79 127
79 131
79 133
79 135
79 139
79 140
79 143
79 144
79 145
79 146
79 148
79 149
79 150
79 151
79 157
79 158
79 159
79 166
79 176
79 177
79 179
79 180
79 183
79 187
79 188
79 191
79 194
79 196
79 197
79 201
79 204
79 205
79 207
79 210
79 212
79 224
79 233
79 240
79 241
79 243
79 244
79 245
79 247
79 248
79 249
80 81
80 84
80 87
80 89
80 90
80 91
80 92
80 94
80 95
80 96
80 97
80 101
80 103
80 105
80 107
80 108
80 110
80 113
80 115
80 116
80 122
80 123
80 126
80 127
80 130
80 134
80 135
80 138
80 139
80 140
80 143
80 148
80 149
80 150
80 151
80 152
80 154
80 157
80 158
80 160
80 161
80 166
80 169
80 170
80 179
80 180
80 182
80 184
80 185
80 189
80 193
80 194
80 196
80 201
80 209
80 211
80 213
80 216
80 222
80 223
80 227
80 230
80 231
80 232
80 234
80 240
80 243
80 244
80 246
80 248
80 249
81 83
81 84
81 85
81 86
81 87
81 88
81 90
81 91
81 92
81 94
81 95
81 96
81 100
81 101
81 102
81 103
81 104
81 105
81 108
81 109
81 110
81 111
81 116
81 117
81 120
81 121
81 122
81 124
81 126
81 127
81 128
81 132
81 134
81 136
81 138
81 141
81 142
81 146
81 156
81 158
81 161
81 162
81 163
81 164
81 165
81 169
81 172
81 174
81 177
81 178
81 179
81 180
81 182
81 185
81 189
81 190
81 194
81 198
81 202
81 205
81 207
81 208
81 209
81 214
81 217
81 226
81 228
81 229
81 230
81 231
81 234
81 236
81 237
81 238
81 239
81 241
81 246
82 85
82 86
82 87
82 88
82 90
82 93
82 96
82 97
82 98
82 99
82 100
82 105
82 106
82 107
82 112
82 119
82 124
82 127
82 130
82 131
82 132
82 134
82 135
82 137
82 139
82 140
82 141
82 142
82 143
82 145
82 146
82 149
82 150
82 151
82 152
82 153
82 165
82 168
82 170
82 171
82 174
82 175
82 177
82 178
82 179
82 180
82 182
82 184
82 188
82 194
82 195
82 196
82 202
82 212
82 213
82 215
82 216
82 217
82 223
82 224
82 227
82 234
82 237
82 238
82 241
82 243
82 249
83 86
83 87
83 88
83 90
83 92
83 94
83 95
83 96
83 97
83 99
83 100
83 101
83 104
83 105
83 107
83 110
83 111
83 112
83 113
83 114
83 115
83 116
83 117
83 119
83 120
83 122
83 124
83 125
83 131
83 134
83 135
83 137
83 139
83 142
83 146
83 152
83 153
83 154
83 158
83 161
83 165
83 167
83 170
83 171
83 172
83 174
83 176
83 178
83 180
83 188
83 192
83 193
83 199
83 201
83 211
83 215
83 216
83 218
83 219
83 220
83 221
83 225
83 226
83 236
83 240
83 243
83 244
84 85
84 86
84 87
84 88
84 89
84 92
84 93
84 94
84 95
84 96
84 97
84 98
84 99
84 100
84 101
84 103
84 105
84 107
84 109
84 112
84 114
84 118
84 119
84 122
84 124
84 126
84 128
84 129
84 131
84 137
84 138
84 143
84 144
84 146
84 147
84 148
84 149
84 150
84 156
84 160
84 162
84 163
84 165
84 173
84 174
84 179
84 180
84 181
84 183
84 185
84 188
84 191
84 193
84 195
84 197
84 198
84 206
84 208
84 213
84 221
84 222
84 223
84 226
84 228
84 233
84 234
84 235
84 237
84 238
84 240
84 241
84 243
85 86
85 87
85 89
85 90
85 92
85 93
85 96
85 98
85 100
85 101
85 102
85 103
85 106
85 107
85 110
85 111
85 119
85 120
85 121
85 124
85 127
85 128
85 130
85 133
85 136
85 138
85 139
85 143
85 144
85 150
85 152
85 155
85 159
85 165
85 166
85 167
85 172
85 174
85 181
85 182
85 183
85 184
85 186
85 191
85 193
85 197
85 199
85 200
85 201
85 205
85 208
85 220
85 222
85 223
85 227
85 232
85 234
85 235
85 238
85 242
85 247
86 87
86 88
86 89
86 91
86 92
86 93
86 94
86 95
86 96
86 97
86 99
86 100
86 103
86 105
86 106
86 108
86 109
86 111
86 112
86 113
86 114
86 118
86 120
86 122
86 123
86 124
86 125
86 127
86 128
86 129
86 130
86 131
86 134
86 135
86 137
86 144
86 146
86 149
86 150
86 152
86 153
86 155
86 157
86 162
86 164
86 165
86 169
86 172
86 174
86 175
86 176
86 178
86 180
86 183
86 184
86 185
86 187
86 190
86 193
86 200
86 203
86 204
86 206
86 207
86 212
86 217
86 223
86 225
86 233
86 238
86 239
86 245
87 88
87 89
87 90
87 92
87 93
87 97
87 98
87 99
87 102
87 105
87 106
87 109
87 112
87 113
87 115
87 116
87 117
87 119
87 120
87 125
87 128
87 129
87 132
87 133
87 141
87 148
87 149
87 152
87 157
87 165
87 168
87 176
87 179
87 181
87 185
87 192
87 196
87 201
87 203
87 204
87 205
87 208
87 210
87 211
87 213
87 215
87 217
87 218
87 221
87 222
87 226
87 228
87 231
87 234
87 235
87 239
87 248
88 89
88 90
88 91
88 92
88 93
88 94
88 95
88 96
88 98
88 99
88 100
88 102
88 103
88 107
88 108
88 110
88 113
88 114
88 115
88 118
88 119
88 121
88 122
88 123
88 124
88 127
88 129
88 131
88 132
88 135
88 138
88 139
88 144
88 145
88 147
88 149
88 150
88 155
88 157
88 159
88 161
88 163
88 164
88 175
88 176
88 177
88 180
88 182
88 184
88 187
88 189
88 195
88 205
88 213
88 216
88 219
88 221
88 229
88 231
88 234
88 235
88 237
88 243
88 245
88 247
88 249
89 90
89 91
89 93
89 94
89 95
89 96
89 97
89 98
89 99
89 103
89 104
89 106
89 107
89 108
89 110
89 114
89 117
89 119
89 120
89 121
89 122
89 123
89 125
89 128
89 130
89 136
89 139
89 145
89 147
89 151
89 154
89 155
89 163
89 164
89 166
89 171
89 172
89 173
89 175
89 176
89 178
89 179
89 182
89 184
89 189
89 199
89 201
89 202
89 203
89 204
89 206
89 217
89 218
89 220
89 225
89 226
89 233
89 235
89 236
89 243
90 98
90 99
90 102
90 103
90 104
90 113
90 115
90 116
90 117
90 122
90 124
90 127
90 128
90 129
90 131
90 133
90 135
90 136
90 142
90 146
90 147
90 148
90 150
90 151
90 153
90 156
90 162
90 166
90 168
90 169
90 170
90 171
90 172
90 173
90 176
90 177
90 179
90 181
90 188
90 190
90 191
90 193
90 194
90 196
90 200
90 201
90 202
90 204
90 205
90 206
90 207
90 208
90 211
90 214
90 215
90 216
90 217
90 219
90 220
90 223
90 233
90 234
90 241
90 245
90 248
91 92
91 93
91 95
91 96
91 97
91 98
91 99
91 105
91 108
91 109
91 111
91 112
91 115
91 118
91 119
91 120
91 122
91 123
91 125
91 127
91 129
91 131
91 139
91 140
91 143
91 144
91 145
91 147
91 149
91 150
91 158
91 164
91 167
91 171
91 173
91 176
91 178
91 179
91 180
91 188
91 189
91 192
91 193
91 197
91 200
91 209
91 211
91 220
91 224
91 225
91 226
91 229
91 231
91 233
91 236
91 239
91 243
91 244
91 245
91 247
91 248
92 94
92 95
92 96
92 100
92 101
92 102
92 104
92 106
92 107
92 108
92 109
92 110
92 111
92 112
92 114
92 115
92 116
92 117
92 120
92 122
92 125
92 128
92 131
92 135
92 137
92 141
92 142
92 145
92 146
92 147
92 148
92 153
92 155
92 160
92 162
92 165
92 166
92 168
92 170
92 179
92 185
92 188
92 189
92 190
92 194
92 195
92 201
92 204
92 214
92 216
92 219
92 221
92 222
92 223
92 229
92 231
92 234
92 237
92 240
92 241
92 244
92 247
92 249
93 95
93 96
93 97
93 99
93 101
93 103
93 104
93 105
93 107
93 108
93 110
93 111
93 114
93 115
93 116
93 117
93 118
93 119
93 120
93 122
93 123
93 124
93 127
93 128
93 129
93 132
93 134
93 138
93 142
93 143
93 146
93 149
93 152
93 153
93 154
93 156
93 158
93 167
93 168
93 169
93 174
93 180
93 181
93 185
93 191
93 195
93 199
93 202
93 203
93 209
93 210
93 213
93 215
93 221
93 222
93 223
93 228
93 231
93 232
93 234
93 236
93 245
93 247
94 95
94 98
94 99
94 100
94 101
94 103
94 105
94 107
94 108
94 112
94 113
94 115
94 117
94 119
94 121
94 122
94 125
94 130
94 137
94 140
94 143
94 144
94 145
94 148
94 151
94 160
94 162
94 168
94 169
94 172
94 173
94 177
94 183
94 184
94 185
94 186
94 187
94 190
94 194
94 196
94 199
94 201
94 206
94 207
94 208
94 209
94 213
94 216
94 217
94 221
94 226
94 228
94 230
94 232
94 238
94 244
94 245
94 248
95 96
95 97
95 99
95 101
95 103
95 104
95 105
95 107
95 109
95 110
95 111
95 113
95 115
95 117
95 119
95 121
95 122
95 123
95 127
95 129
95 131
95 132
95 133
95 136
95 140
95 141
95 144
95 145
95 154
95 160
95 161
95 162
95 164
95 166
95 169
95 171
95 172
95 173
95 174
95 176
95 179
95 181
95 183
95 188
95 190
95 194
95 197
95 200
95 202
95 204
95 207
95 211
95 212
95 213
95 219
95 223
95 225
95 227
95 228
95 230
95 231
95 239
95 243
95 246
95 248
95 249
96 97
96 99
96 100
96 104
96 105
96 106
96 107
96 109
96 111
96 114
96 115
96 116
96 118
96 120
96 122
96 123
96 127
96 132
96 135
96 136
96 138
96 142
96 148
96 149
96 154
96 155
96 158
96 166
96 170
96 172
96 177
96 180
96 186
96 187
96 191
96 192
96 194
96 197
96 203
96 207
96 211
96 218
96 225
96 229
96 232
96 233
96 234
96 237
96 239
96 241
96 243
96 244
96 245
97 98
97 102
97 103
97 106
97 108
97 110
97 112
97 120
97 122
97 125
97 127
97 130
97 134
97 135
97 137
97 138
97 140
97 141
97 147
97 150
97 152
97 153
97 163
97 164
97 165
97 170
97 172
97 181
97 183
97 185
97 186
97 189
97 193
97 200
97 202
97 206
97 209
97 210
97 212
97 218
97 220
97 225
97 227
97 243
98 100
98 101
98 103
98 105
98 106
98 107
98 108
98 110
98 111
98 114
98 116
98 117
98 118
98 120
98 123
98 124
98 125
98 126
98 128
98 129
98 130
98 131
98 133
98 134
98 136
98 138
98 143
98 144
98 145
98 149
98 150
98 154
98 155
98 156
98 159
98 162
98 164
98 165
98 171
98 176
98 184
98 187
98 188
98 194
98 199
98 203
98 204
98 207
98 213
98 218
98 220
98 223
98 227
98 229
98 232
98 236
98 242
99 100
99 104
99 105
99 109
99 110
99 111
99 113
99 114
99 115
99 116
99 119
99 122
99 124
99 126
99 133
99 135
99 137
99 138
99 141
99 142
99 145
99 147
99 151
99 153
99 154
99 155
99 157
99 159
99 161
99 166
99 168
99 170
99 174
99 177
99 179
99 184
99 186
99 187
99 193
99 196
99 197
99 198
99 199
99 200
99 207
99 216
99 217
99 228
99 236
99 238
99 241
99 244
100 101
100 103
100 104
100 107
100 108
100 110
100 111
100 113
100 117
100 118
100 119
100 125
100 127
100 129
100 130
100 131
100 133
100 135
100 140
100 144
100 145
100 149
100 152
100 157
100 158
100 162
100 164
100 171
100 173
100 174
100 175
100 182
100 184
100 188
100 191
100 201
100 207
100 209
100 210
100 217
100 221
100 225
100 226
100 231
100 237
100 241
101 102
101 105
101 106
101 111
101 112
101 114
101 115
101 118
101 122
101 123
101 127
101 128
101 129
101 130
101 134
101 135
101 138
101 140
101 141
101 142
101 145
101 147
101 148
101 152
101 154
101 155
101 157
101 158
101 162
101 164
101 168
101 172
101 173
101 174
101 181
101 184
101 190
101 209
101 211
101 212
101 216
101 217
101 218
101 221
101 222
101 224
101 225
101 227
101 228
101 229
101 232
101 237
101 247
102 103
102 104
102 106
102 111
102 112
102 115
102 116
102 118
102 120
102 121
102 124
102 126
102 128
102 132
102 134
102 138
102 142
102 143
102 147
102 149
102 158
102 160
102 162
102 167
102 174
102 176
102 182
102 183
102 185
102 192
102 197
102 204
102 214
102 217
102 225
102 230
102 234
102 240
103 104
103 105
103 107
103 108
103 109
103 110
103 113
103 117
103 119
103 121
103 123
103 125
103 126
103 128
103 129
103 132
103 133
103 136
103 140
103 141
103 144
103 145
103 146
103 148
103 149
103 155
103 156
103 160
103 161
103 162
103 164
103 165
103 166
103 168
103 170
103 171
103 172
103 174
103 176
103 177
103 178
103 184
103 190
103 194
103 196
103 197
103 204
103 207
103 210
103 212
103 214
103 215
103 220
103 221
103 227
103 232
103 241
103 243
103 249
104 108
104 111
104 113
104 117
104 118
104 119
104 121
104 122
104 126
104 128
104 129
104 132
104 134
104 136
104 137
104 143
104 145
104 147
104 150
104 151
104 153
104 155
104 158
104 162
104 163
104 165
104 168
104 169
104 175
104 178
104 181
104 183
104 185
104 186
104 190
104 197
104 198
104 200
104 203
104 204
104 205
104 208
104 213
104 215
104 217
104 218
104 221
104 222
104 223
104 224
104 229
104 234
104 236
104 240
104 246
104 249
105 109
105 116
105 120
105 124
105 125
105 127
105 129
105 130
105 138
105 142
105 147
105 150
105 152
105 153
105 154
105 155
105 156
105 157
105 158
105 160
105 163
105 165
105 166
105 169
105 173
105 176
105 183
105 184
105 191
105 199
105 210
105 214
105 216
105 218
105 220
105 222
105 223
105 225
105 227
105 230
105 240
105 243
105 248
105 249
106 108
106 112
106 114
106 115
106 118
106 119
106 122
106 123
106 125
106 126
106 127
106 128
106 129
106 130
106 131
106 133
106 134
106 135
106 136
106 137
106 139
106 142
106 143
106 149
106 152
106 153
106 155
106 168
106 169
106 171
106 173
106 191
106 192
106 198
106 200
106 201
106 205
106 209
106 211
106 216
106 218
106 219
106 225
106 235
106 237
106 239
106 242
106 246
106 247
107 110
107 111
107 112
107 114
107 116
107 118
107 121
107 122
107 124
107 127
107 130
107 134
107 135
107 136
107 137
107 138
107 139
107 142
107 145
107 146
107 160
107 161
107 167
107 170
107 171
107 172
107 176
107 180
107 189
107 191
107 193
107 194
107 197
107 200
107 203
107 204
107 205
107 211
107 213
107 215
107 222
107 223
107 236
107 239
107 246
108 110
108 111
108 112
108 119
108 120
108 121
108 122
108 127
108 128
108 131
108 132
108 133
108 136
108 137
108 142
108 144
108 147
108 149
108 153
108 161
108 162
108 164
108 165
108 167
108 168
108 172
108 173
108 177
108 182
108 189
108 194
108 198
108 203
108 207
108 211
108 213
108 217
108 218
108 220
108 224
108 225
108 231
108 233
108 236
108 237
108 243
108 245
109 110
109 112
109 113
109 114
109 115
109 122
109 123
109 127
109 132
109 134
109 140
109 143
109 144
109 153
109 163
109 176
109 177
109 184
109 188
109 194
109 197
109 198
109 206
109 211
109 212
109 222
109 247
110 111
110 116
110 119
110 122
110 123
110 129
110 133
110 135
110 136
110 138
110 143
110 145
110 147
110 152
110 155
110 156
110 157
110 158
110 161
110 166
110 181
110 190
110 191
110 192
110 197
110 206
110 208
110 214
110 218
110 222
110 227
110 229
110 243
110 247
111 116
111 118
111 120
111 124
111 129
111 132
111 137
111 141
111 142
111 146
111 155
111 157
111 159
111 161
111 163
111 165
111 166
111 167
111 169
111 173
111 175
111 176
111 177
111 180
111 181
111 183
111 185
111 186
111 187
111 190
111 202
111 205
111 206
111 208
111 212
111 219
111 221
111 223
111 247
111 249
112 113
112 114
112 115
112 117
112 118
112 119
112 123
112 126
112 128
112 130
112 134
112 137
112 141
112 146
112 147
112 152
112 158
112 163
112 165
112 168
112 175
112 176
112 177
112 178
112 179
112 183
112 187
112 189
112 190
112 193
112 197
112 198
112 199
112 201
112 202
112 204
112 205
112 207
112 208
112 209
112 211
112 214
112 220
112 241
112 243
112 245
112 247
113 116
113 117
113 122
113 123
113 126
113 127
113 130
113 135
113 136
113 141
113 142
113 144
113 145
113 149
113 152
113 155
113 159
113 162
113 163
113 167
113 170
113 171
113 173
113 174
113 175
113 181
113 184
113 185
113 188
113 191
113 192
113 195
113 198
113 199
113 202
113 203
113 204
113 210
113 212
113 214
113 216
113 220
113 222
113 224
113 232
113 235
113 237
113 240
113 241
113 245
113 246
114 115
114 116
114 119
114 121
114 128
114 130
114 131
114 133
114 136
114 139
114 140
114 144
114 147
114 148
114 151
114 156
114 157
114 160
114 161
114 167
114 172
114 174
114 178
114 184
114 185
114 186
114 187
114 194
114 195
114 199
114 201
114 202
114 204
114 205
114 207
114 218
114 219
114 220
114 221
114 236
114 243
115 118
115 125
115 126
115 129
115 136
115 140
115 143
115 145
115 146
115 149
115 154
115 156
115 158
115 163
115 165
115 167
115 174
115 181
115 182
115 183
115 189
115 191
115 194
115 195
115 196
115 199
115 202
115 208
115 211
115 212
115 218
115 223
115 226
115 227
115 229
115 230
115 241
116 118
116 119
116 120
116 126
116 127
116 128
116 129
116 132
116 133
116 136
116 140
116 144
116 145
116 146
116 151
116 156
116 158
116 159
116 162
116 167
116 178
116 180
116 189
116 190
116 192
116 196
116 197
116 200
116 209
116 216
116 219
116 221
116 222
116 226
116 229
116 230
116 232
116 234
116 237
116 239
116 243
117 131
117 132
117 136
117 137
117 138
117 143
117 145
117 146
117 150
117 154
117 156
117 158
117 159
117 161
117 171
117 176
117 182
117 191
117 197
117 205
117 207
117 212
117 213
117 217
117 224
117 229
117 237
117 240
117 241
117 248
118 120
118 121
118 124
118 128
118 130
118 132
118 135
118 138
118 145
118 146
118 152
118 154
118 162
118 164
118 165
118 169
118 170
118 186
118 190
118 191
118 195
118 198
118 201
118 205
118 206
118 214
118 217
118 232
118 240
118 242
118 244
118 245
119 121
119 123
119 127
119 133
119 134
119 139
119 140
119 143
119 146
119 150
119 156
119 162
119 167
119 168
119 169
119 177
119 178
119 179
119 186
119 189
119 192
119 196
119 201
119 203
119 204
119 206
119 208
119 219
119 221
119 229
119 230
119 246
120 121
120 123
120 131
120 139
120 141
120 143
120 146
120 147
120 149
120 151
120 153
120 160
120 162
120 163
120 168
120 171
120 180
120 190
120 194
120 197
120 199
120 210
120 212
120 214
120 217
120 218
120 221
120 224
120 232
120 240
120 244
121 129
121 140
121 145
121 148
121 150
121 152
121 153
121 154
121 158
121 163
121 169
121 173
121 183
121 191
121 194
121 199
121 214
121 221
121 222
121 225
121 239
121 240
121 248
122 128
122 130
122 132
122 135
122 136
122 138
122 140
122 141
122 145
122 149
122 151
122 154
122 157
122 158
122 161
122 164
122 167
122 173
122 176
122 182
122 185
122 187
122 188
122 202
122 207
122 213
122 216
122 224
122 231
122 232
122 238
122 240
122 241
122 246
122 248
123 126
123 141
123 146
123 147
123 150
123 151
123 155
123 157
123 158
123 162
123 168
123 169
123 170
123 172
123 175
123 180
123 189
123 193
123 196
123 197
123 205
123 212
123 213
123 229
123 230
123 232
123 235
123 244
124 126
124 131
124 132
124 133
124 135
124 140
124 141
124 148
124 150
124 153
124 156
124 158
124 166
124 169
124 171
124 173
124 174
124 175
124 179
124 181
124 182
124 184
124 186
124 189
124 199
124 202
124 209
124 211
124 218
124 223
124 230
124 233
124 234
124 243
124 244
125 126
125 129
125 130
125 133
125 137
125 142
125 143
125 146
125 148
125 150
125 151
125 157
125 161
125 169
125 171
125 172
125 173
125 178
125 181
125 187
125 193
125 197
125 210
125 212
125 213
125 216
125 228
125 229
125 232
125 235
125 237
125 239
125 244
125 246
126 127
126 131
126 139
126 142
126 143
126 147
126 148
126 150
126 152
126 164
126 165
126 168
126 169
126 177
126 178
126 191
126 196
126 200
126 207
126 208
126 212
126 213
126 224
126 227
126 232
126 234
126 236
126 239
126 249
127 131
127 132
127 133
127 135
127 136
127 137
127 139
127 140
127 142
127 143
127 145
127 151
127 152
127 154
127 156
127 157
127 158
127 163
127 165
127 167
127 169
127 170
127 171
127 178
127 181
127 182
127 185
127 186
127 191
127 196
127 198
127 205
127 211
127 213
127 228
127 231
127 234
127 239
127 240
128 133
128 137
128 138
128 139
128 149
128 151
128 157
128 163
128 164
128 165
128 175
128 177
128 178
128 182
128 187
128 192
128 195
128 196
128 201
128 202
128 203
128 205
128 213
128 216
128 220
128 221
128 227
128 235
128 238
128 241
128 245
129 130
129 131
129 134
129 135
129 141
129 142
129 144
129 151
129 152
129 153
129 157
129 167
129 168
129 180
129 181
129 185
129 187
129 193
129 194
129 195
129 199
129 211
129 213
129 226
129 235
129 237
129 239
129 243
129 249
130 131
130 137
130 140
130 141
130 145
130 146
130 147
130 148
130 153
130 158
130 159
130 161
130 169
130 172
130 176
130 178
130 180
130 183
130 184
130 192
130 194
130 203
130 205
130 221
130 230
130 238
130 247
131 132
131 136
131 140
131 141
131 143
131 144
131 147
131 148
131 153
131 156
131 159
131 161
131 167
131 168
131 169
131 175
131 176
131 182
131 184
131 185
131 192
131 195
131 196
131 199
131 204
131 209
131 210
131 211
131 218
131 222
131 223
131 225
131 231
131 233
131 239
131 242
132 133
132 134
132 139
132 141
132 143
132 145
132 147
132 148
132 153
132 154
132 155
132 156
132 157
132 159
132 160
132 162
132 172
132 173
132 177
132 182
132 184
132 188
132 196
132 197
132 198
132 199
132 209
132 212
132 218
132 221
132 226
132 227
132 228
132 232
132 242
132 246
132 249
133 136
133 137
133 140
133 149
133 150
133 154
133 155
133 160
133 161
133 168
133 169
133 172
133 174
133 175
133 181
133 187
133 189
133 190
133 195
133 196
133 199
133 201
133 203
133 210
133 211
133 215
133 221
133 224
133 232
133 237
133 239
134 138
134 143
134 146
134 148
134 154
134 156
134 162
134 164
134 169
134 170
134 179
134 210
134 215
134 228
134 233
134 234
134 248
135 138
135 140
135 143
135 144
135 150
135 157
135 160
135 162
135 170
135 173
135 181
135 185
135 189
135 193
135 198
135 210
135 215
135 216
135 218
135 225
135 238
135 239
136 138
136 139
136 147
136 152
136 154
136 156
136 181
136 188
136 190
136 193
136 194
136 197
136 200
136 203
136 204
136 215
136 219
136 224
136 228
136 233
136 238
136 241
136 248
137 138
137 143
137 145
137 150
137 155
137 160
137 166
137 170
137 173
137 175
137 183
137 184
137 187
137 188
137 189
137 192
137 194
137 199
137 200
137 205
137 212
137 215
137 217
137 222
137 225
137 230
137 231
137 239
137 240
137 242
137 248
138 141
138 155
138 157
138 158
138 159
138 164
138 168
138 174
138 182
138 202
138 206
138 208
138 215
138 225
138 226
138 227
138 230
138 232
138 243
139 141
139 143
139 145
139 149
139 157
139 168
139 170
139 173
139 177
139 182
139 185
139 187
139 190
139 191
139 198
139 200
139 204
139 207
139 211
139 213
139 217
139 219
139 224
139 233
139 237
139 241
139 244
139 246
139 247
140 141
140 145
140 152
140 154
140 159
140 160
140 165
140 166
140 169
140 170
140 172
140 177
140 188
140 192
140 199
140 207
140 219
140 224
140 227
140 233
140 244
140 246
141 144
141 146
141 147
141 148
141 156
141 158
141 159
141 162
141 163
141 164
141 170
141 179
141 190
141 196
141 198
141 201
141 208
141 212
141 214
141 220
141 228
141 232
141 233
141 235
141 236
141 239
141 244
142 143
142 146
142 155
142 157
142 159
142 162
142 165
142 169
142 178
142 180
142 182
142 191
142 193
142 199
142 209
142 210
142 213
142 214
142 215
142 216
142 219
142 224
142 225
142 227
142 231
142 234
142 238
142 240
143 144
143 148
143 155
143 157
143 158
143 162
143 164
143 167
143 176
143 179
143 182
143 184
143 187
143 190
143 199
143 207
143 229
144 151
144 158
144 163
144 165
144 169
144 179
144 184
144 186
144 188
144 204
144 205
144 215
144 224
144 225
144 227
144 229
144 236
144 237
144 248
145 147
145 148
145 150
145 151
145 153
145 156
145 160
145 163
145 164
145 165
145 167
145 168
145 175
145 180
145 185
145 188
145 197
145 200
145 230
145 231
145 239
145 245
145 248
146 148
146 152
146 157
146 175
146 184
146 189
146 196
146 219
146 224
146 233
146 238
146 239
146 247
147 152
147 155
147 159
147 160
147 164
147 176
147 177
147 178
147 183
147 186
147 194
147 195
147 208
147 217
147 220
147 229
147 245
148 149
148 150
148 151
148 152
148 156
148 161
148 162
148 164
148 166
148 168
148 170
148 171
148 179
148 181
148 184
148 189
148 190
148 198
148 202
148 205
148 207
148 208
148 214
148 218
148 219
148 222
148 223
148 225
148 226
148 228
148 229
148 240
149 153
149 160
149 162
149 170
149 171
149 175
149 176
149 177
149 187
149 191
149 192
149 193
149 201
149 210
149 220
149 223
149 225
149 230
149 232
150 159
150 161
150 162
150 165
150 166
150 167
150 175
150 192
150 193
150 203
150 214
150 215
150 221
150 233
150 247
150 248
151 152
151 160
151 161
151 163
151 164
151 168
151 173
151 175
151 189
151 211
151 212
151 220
151 225
151 226
151 242
151 245
151 247
152 155
152 162
152 163
152 172
152 174
152 180
152 186
152 195
152 200
152 201
152 202
152 203
152 210
152 217
152 219
152 221
152 225
152 231
152 233
152 234
152 235
152 242
152 246
153 159
153 160
153 177
153 182
153 183
153 187
153 189
153 192
153 196
153 200
153 201
153 211
153 214
153 219
153 234
153 235
153 245
153 246
154 161
154 164
154 165
154 167
154 170
154 172
154 175
154 178
154 182
154 186
154 187
154 189
154 190
154 191
154 195
154 200
154 203
154 209
154 213
154 219
154 220
154 224
154 225
154 237
155 157
155 158
155 160
155 167
155 168
155 171
155 174
155 179
155 183
155 187
155 189
155 202
155 207
155 208
155 216
155 218
155 220
155 225
155 227
155 236
155 237
155 239
155 243
155 244
155 248
156 159
156 160
156 161
156 162
156 163
156 164
156 169
156 178
156 186
156 187
156 188
156 195
156 197
156 208
156 210
156 211
156 234
156 239
156 241
157 158
157 162
157 164
157 169
157 171
157 173
157 174
157 179
157 181
157 182
157 187
157 188
157 190
157 191
157 194
157 200
157 204
157 218
157 220
157 221
157 235
157 246
158 160
158 167
158 171
158 173
158 174
158 176
158 179
158 181
158 182
158 184
158 185
158 189
158 195
158 205
158 206
158 209
158 210
158 222
158 224
158 226
158 240
158 242
159 172
159 174
159 183
159 187
159 197
159 212
159 215
159 223
159 230
159 234
159 236
159 238
159 249
160 163
160 166
160 168
160 170
160 172
160 173
160 179
160 189
160 192
160 193
160 209
160 219
160 221
160 230
160 233
160 241
160 242
160 249
161 162
161 168
161 179
161 181
161 195
161 197
161 209
161 210
161 211
161 212
161 221
161 229
161 232
161 235
161 237
161 241
161 247
162 170
162 175
162 176
162 178
162 185
162 186
162 189
162 191
162 201
162 203
162 204
162 234
163 165
163 166
163 167
163 172
163 175
163 187
163 188
163 189
163 199
163 205
163 206
163 207
163 217
163 222
163 223
163 224
163 231
163 232
163 237
163 239
163 248
164 171
164 180
164 181
164 182
164 183
164 185
164 187
164 190
164 196
164 199
164 206
164 212
164 215
164 223
164 225
164 230
164 231
164 234
164 240
164 244
164 247
165 168
165 179
165 185
165 191
165 196
165 199
165 200
165 202
165 218
165 220
165 223
165 234
165 238
165 240
166 167
166 171
166 173
166 175
166 179
166 181
166 182
166 187
166 188
166 191
166 195
166 197
166 198
166 204
166 207
166 210
166 213
166 219
166 225
166 229
166 231
166 235
166 246
167 176
167 183
167 191
167 198
167 204
167 210
167 221
167 224
167 229
167 233
167 241
167 244
167 248
168 169
168 174
168 176
168 177
168 178
168 181
168 183
168 185
168 186
168 191
168 195
168 198
168 201
168 202
168 207
168 209
168 226
168 233
168 235
168 240
169 178
169 192
169 196
169 200
169 201
169 212
169 217
169 245
170 171
170 175
170 179
170 182
170 183
170 184
170 185
170 193
170 195
170 202
170 220
170 234
170 246
171 175
171 178
171 183
171 184
171 192
171 195
171 197
171 198
171 200
171 207
171 208
171 213
171 218
171 234
171 243
171 248
172 176
172 180
172 186
172 192
172 199
172 202
172 205
172 207
172 215
172 217
172 218
172 220
172 228
172 234
172 240
172 243
172 245
172 246
172 247
173 208
173 214
173 216
173 224
173 228
173 230
173 241
173 245
173 248
174 175
174 176
174 177
174 181
174 196
174 198
174 202
174 215
174 221
174 233
174 235
174 239
174 247
175 183
175 193
175 195
175 196
175 202
175 205
175 210
175 212
175 218
175 225
175 228
175 232
175 237
176 180
176 209
176 210
176 213
176 225
176 230
177 195
177 197
177 199
177 200
177 206
177 208
177 214
177 216
177 227
177 229
178 182
178 183
178 186
178 192
178 204
178 210
178 216
178 218
178 219
178 222
178 226
178 239
178 241
178 245
178 248
179 181
179 186
179 195
179 198
179 199
179 200
179 202
179 212
179 215
179 240
179 246
179 249
180 182
180 184
180 190
180 191
180 197
180 204
180 211
180 218
180 225
180 230
180 239
180 243
180 246
180 249
181 186
181 208
181 210
181 219
181 222
181 228
181 236
181 247
182 185
182 194
182 196
182 197
182 204
182 205
182 222
182 227
182 249
183 184
183 185
183 188
183 198
183 200
183 201
183 202
183 204
183 208
183 229
183 233
183 234
183 235
183 236
184 190
184 193
184 200
184 203
184 205
184 208
184 210
184 211
184 212
184 215
184 232
184 239
184 242
185 195
185 206
185 207
185 208
185 214
185 215
185 216
185 217
185 242
185 247
186 206
186 224
186 227
186 235
187 193
187 194
187 208
187 214
187 215
187 217
187 225
187 226
187 228
187 235
187 249
188 193
188 198
188 208
188 218
188 221
188 233
188 243
188 245
189 198
189 199
189 202
189 205
189 206
189 209
189 212
189 215
189 222
189 223
189 231
189 234
189 237
189 242
189 244
189 249
190 192
190 193
190 201
190 209
190 211
190 216
190 218
190 231
190 241
191 196
191 225
191 227
191 238
192 194
192 199
192 201
192 206
192 210
192 213
192 215
192 218
192 219
192 220
192 225
192 236
192 243
192 245
192 249
193 198
193 207
193 211
193 212
193 227
193 229
193 231
193 236
193 237
193 249
194 198
194 200
194 203
194 210
194 222
194 225
194 227
194 228
194 235
194 239
194 244
194 245
195 210
195 215
195 227
195 235
195 237
195 238
196 197
196 198
196 203
196 209
196 211
196 239
196 240
196 242
197 201
197 203
197 214
197 217
198 202
198 204
198 215
198 216
198 220
198 221
198 224
198 232
198 236
198 238
198 246
199 206
199 227
199 236
199 249
200 203
200 205
200 207
200 220
200 226
200 228
200 247
201 203
201 226
201 233
201 243
201 247
202 204
202 206
202 208
202 224
202 225
202 230
202 233
202 245
202 247
202 249
203 211
203 215
203 219
203 236
203 244
204 205
204 209
204 223
204 228
204 235
204 243
204 245
205 208
205 211
205 214
205 223
205 244
205 248
205 249
206 210
206 220
206 230
206 231
206 246
207 210
207 214
207 217
207 226
207 230
207 239
208 211
208 217
208 223
208 226
208 227
208 228
208 235
208 238
208 239
208 240
209 218
209 221
209 224
209 243
210 217
210 220
210 223
210 228
210 238
210 239
210 242
210 245
210 246
210 248
211 213
211 217
211 219
211 220
211 222
211 227
211 230
211 236
211 237
211 238
211 242
211 248
212 215
212 229
212 230
212 238
212 241
213 214
213 228
213 230
213 242
213 245
214 215
214 221
214 222
214 223
214 227
214 231
214 235
214 245
214 246
215 226
215 235
215 247
216 234
216 236
216 237
217 218
217 226
217 227
217 241
217 245
217 249
218 236
218 242
219 222
219 223
219 226
219 230
219 237
219 240
220 232
220 235
220 238
221 235
221 242
221 243
221 249
222 224
222 225
222 231
222 235
222 240
223 239
223 245
224 241
225 231
225 240
226 235
226 237
226 240
227 233
227 241
228 230
228 242
228 246
229 235
230 231
230 233
230 237
230 248
231 236
231 242
232 238
232 245
233 235
233 241
233 242
233 244
233 245
233 247
234 237
234 242
234 243
234 244
234 248
235 242
235 247
237 240
238 241
238 244
238 249
239 248
241 244
241 248
242 248
243 247
244 249
245 249
246 249
