0 1
0 2
0 3
0 4
0 5
0 6
0 7
0 8
0 9
0 10
0 11
0 12
0 13
0 14
0 15
0 16
0 17
0 18
0 19
0 20
0 21
0 22
0 23
0 24
0 25
0 26
0 27
0 28
0 29
0 30
0 31
0 32
0 33
0 35
0 36
0 37
0 38
0 39
0 40
0 41
0 42
0 44
0 45
0 46
0 47
0 49
0 50
0 51
0 52
0 54
0 55
0 57
0 60
0 61
0 62
0 64
0 65
0 66
0 67
0 72
0 73
0 77
0 80
0 86
0 87
0 90
0 92
0 93
0 94
0 95
0 96
1 21
1 22
1 24
1 26
1 27
1 30
1 31
1 34
1 43
1 50
1 62
1 66
1 67
1 69
1 81
1 82
1 88
1 93
2 21
2 22
2 23
2 24
2 25
2 26
2 27
2 29
2 30
2 31
2 34
2 36
2 39
2 42
2 49
2 57
2 60
2 67
2 68
2 72
2 79
2 95
2 97
3 21
3 22
3 23
3 24
3 26
3 27
3 28
3 29
3 30
3 31
3 33
3 35
3 38
3 40
3 42
3 50
3 52
3 55
3 57
3 62
3 71
3 75
3 76
3 80
3 88
3 94
4 21
4 23
4 24
4 25
4 28
4 29
4 34
4 36
4 38
4 41
4 43
4 44
4 45
4 47
4 48
4 49
4 51
4 52
4 55
4 62
4 65
4 72
4 75
4 83
4 94
4 97
5 21
5 23
5 24
5 25
5 26
5 29
5 32
5 33
5 34
5 37
5 41
5 43
5 44
5 50
5 51
5 56
5 59
5 60
5 61
5 69
5 75
5 78
5 83
5 85
5 91
6 21
6 22
6 23
6 24
6 25
6 27
6 28
6 29
6 30
6 31
6 33
6 34
6 38
6 41
6 43
6 48
6 50
6 51
6 52
6 56
6 66
6 67
6 69
6 70
6 71
6 72
6 73
6 74
6 77
6 83
6 85
6 87
6 89
6 90
7 21
7 22
7 23
7 24
7 25
7 26
7 28
7 29
7 30
7 33
7 34
7 40
7 42
7 46
7 47
7 48
7 49
7 56
7 65
7 67
7 71
7 74
7 78
7 79
7 90
7 92
7 94
8 21
8 22
8 23
8 24
8 25
8 27
8 28
8 29
8 30
8 33
8 34
8 35
8 37
8 38
8 40
8 42
8 61
8 62
8 68
8 70
8 73
8 76
8 77
8 79
8 84
8 89
8 90
8 91
9 21
9 22
9 23
9 24
9 25
9 26
9 28
9 31
9 32
9 33
9 35
9 36
9 37
9 38
9 39
9 41
9 42
9 44
9 46
9 53
9 56
9 57
9 60
9 68
9 78
9 81
9 85
9 86
9 93
9 95
9 97
10 21
10 22
10 23
10 25
10 27
10 30
10 31
10 34
10 35
10 36
10 38
10 39
10 43
10 45
10 47
10 51
10 52
10 53
10 54
10 55
10 57
10 58
10 61
10 70
10 77
10 81
10 89
10 95
10 96
11 22
11 23
11 24
11 25
11 26
11 27
11 28
11 33
11 36
11 48
11 58
11 60
11 84
11 87
11 96
11 97
12 21
12 22
12 23
12 27
12 30
12 31
12 32
12 33
12 34
12 36
12 44
12 48
12 53
12 54
12 56
12 61
12 62
12 70
12 74
12 79
12 84
12 87
12 89
12 90
12 97
13 21
13 22
13 23
13 24
13 25
13 26
13 27
13 28
13 29
13 30
13 31
13 32
13 34
13 36
13 37
13 38
13 39
13 41
13 42
13 43
13 45
13 46
13 50
13 52
13 58
13 70
13 82
13 85
13 92
13 94
13 99
14 21
14 22
14 23
14 24
14 25
14 26
14 27
14 28
14 32
14 33
14 35
14 36
14 37
14 41
14 49
14 51
14 54
14 59
14 63
14 64
14 89
14 95
15 21
15 22
15 23
15 24
15 25
15 26
15 29
15 30
15 31
15 38
15 39
15 40
15 42
15 43
15 44
15 45
15 54
15 56
15 59
15 62
15 64
15 65
15 66
15 72
15 78
15 80
15 83
15 84
15 85
15 89
15 90
15 92
15 95
15 97
16 21
16 22
16 23
16 24
16 25
16 26
16 27
16 28
16 35
16 38
16 39
16 42
16 45
16 49
16 50
16 61
16 69
16 77
16 94
16 97
17 21
17 22
17 37
17 43
17 75
18 21
18 22
18 23
18 26
18 27
18 29
18 32
18 35
18 44
18 45
18 85
18 97
19 21
19 22
19 24
19 25
19 26
19 28
19 29
19 32
19 34
19 37
19 44
19 46
19 53
19 58
19 63
19 64
19 68
19 70
19 72
19 73
19 74
19 83
19 85
19 97
20 21
20 22
20 23
20 24
20 25
20 26
20 27
20 28
20 31
20 32
20 36
20 39
20 46
20 49
20 50
20 61
20 64
20 68
20 70
20 80
20 91
20 98
21 22
21 23
21 24
21 25
21 26
21 27
21 28
21 29
21 30
21 31
21 32
21 33
21 34
21 35
21 39
21 40
21 41
21 45
21 47
21 48
21 49
21 52
21 53
21 54
21 55
21 56
21 59
21 61
21 64
21 66
21 68
21 69
21 71
21 72
21 74
21 75
21 76
21 77
21 79
21 80
21 81
21 91
21 95
21 96
21 99
22 23
22 24
22 25
22 26
22 27
22 28
22 29
22 30
22 31
22 32
22 33
22 34
22 35
22 36
22 38
22 39
22 40
22 41
22 42
22 43
22 44
22 45
22 46
22 48
22 50
22 51
22 55
22 57
22 58
22 59
22 61
22 62
22 65
22 66
22 67
22 73
22 75
22 76
22 77
22 78
22 81
22 86
22 88
22 91
22 98
22 99
23 24
23 25
23 26
23 27
23 28
23 29
23 30
23 31
23 32
23 33
23 34
23 35
23 36
23 38
23 39
23 40
23 41
23 43
23 44
23 46
23 47
23 48
23 49
23 51
23 53
23 54
23 55
23 57
23 58
23 59
23 60
23 61
23 63
23 64
23 65
23 66
23 67
23 68
23 70
23 71
23 72
23 73
23 74
23 75
23 78
23 79
23 82
23 85
23 86
23 87
23 90
23 97
23 98
23 99
24 25
24 26
24 27
24 28
24 29
24 30
24 31
24 32
24 33
24 35
24 36
24 37
24 38
24 39
24 43
24 44
24 45
24 46
24 47
24 48
24 49
24 52
24 53
24 54
24 55
24 56
24 59
24 60
24 61
24 64
24 65
24 69
24 70
24 71
24 73
24 75
24 78
24 79
24 81
24 82
24 83
24 86
24 91
24 94
24 95
24 96
24 97
24 98
25 26
25 27
25 28
25 29
25 30
25 31
25 32
25 33
25 34
25 35
25 37
25 38
25 39
25 41
25 42
25 43
25 44
25 46
25 47
25 50
25 51
25 53
25 54
25 55
25 56
25 57
25 58
25 59
25 60
25 61
25 63
25 66
25 68
25 70
25 72
25 78
25 79
25 84
25 89
25 92
25 95
25 96
25 99
26 27
26 28
26 29
26 30
26 31
26 32
26 33
26 34
26 35
26 36
26 37
26 38
26 40
26 41
26 42
26 43
26 45
26 47
26 49
26 50
26 52
26 53
26 55
26 56
26 57
26 58
26 61
26 67
26 70
26 71
26 72
26 73
26 74
26 80
26 81
26 83
26 84
26 85
26 87
26 88
26 90
26 93
26 95
26 98
26 99
27 28
27 29
27 30
27 32
27 34
27 35
27 37
27 38
27 39
27 40
27 42
27 46
27 47
27 48
27 51
27 54
27 55
27 57
27 59
27 60
27 61
27 62
27 63
27 65
27 66
27 69
27 70
27 71
27 72
27 75
27 79
27 84
27 85
27 86
27 88
27 89
27 96
28 29
28 30
28 31
28 32
28 33
28 34
28 35
28 36
28 37
28 39
28 40
28 41
28 43
28 45
28 49
28 50
28 51
28 53
28 54
28 57
28 58
28 64
28 67
28 68
28 69
28 70
28 71
28 73
28 74
28 75
28 76
28 77
28 80
28 82
28 87
28 88
28 92
28 93
28 94
28 97
28 99
29 30
29 31
29 32
29 33
29 34
29 36
29 37
29 38
29 40
29 41
29 47
29 48
29 52
29 53
29 56
29 67
29 70
29 74
29 84
29 85
29 87
29 90
29 93
29 97
30 31
30 32
30 33
30 35
30 37
30 39
30 40
30 41
30 44
30 45
30 56
30 57
30 61
30 62
30 63
30 67
30 69
30 73
30 76
30 77
30 81
30 83
30 93
30 95
31 32
31 33
31 34
31 35
31 36
31 37
31 40
31 41
31 42
31 44
31 45
31 46
31 47
31 49
31 50
31 52
31 53
31 54
31 57
31 58
31 59
31 61
31 63
31 64
31 67
31 68
31 70
31 72
31 73
31 74
31 76
31 77
31 79
31 81
31 86
31 99
32 35
32 36
32 37
32 38
32 39
32 42
32 43
32 44
32 45
32 47
32 48
32 49
32 50
32 51
32 52
32 54
32 57
32 62
32 69
32 72
32 73
32 77
32 83
32 85
32 86
32 88
32 89
32 90
32 93
33 35
33 37
33 38
33 41
33 42
33 45
33 46
33 47
33 48
33 53
33 58
33 64
33 65
33 66
33 75
33 81
33 82
33 86
33 93
33 95
34 36
34 37
34 39
34 40
34 42
34 43
34 46
34 48
34 49
34 50
34 51
34 52
34 62
34 65
34 66
34 67
34 68
34 71
34 78
34 80
34 82
34 84
34 89
34 91
34 92
34 94
34 97
34 99
35 36
35 39
35 40
35 44
35 45
35 46
35 47
35 49
35 52
35 55
35 56
35 58
35 59
35 62
35 63
35 64
35 65
35 66
35 67
35 69
35 72
35 75
35 76
35 78
35 79
35 85
35 86
35 87
35 89
35 90
35 94
35 97
36 37
36 40
36 41
36 43
36 44
36 48
36 49
36 50
36 52
36 54
36 55
36 57
36 58
36 60
36 61
36 62
36 65
36 67
36 68
36 69
36 72
36 76
36 77
36 78
36 79
36 81
36 89
36 98
37 38
37 39
37 40
37 41
37 42
37 44
37 45
37 47
37 51
37 52
37 55
37 56
37 63
37 64
37 66
37 68
37 70
37 73
37 77
37 81
37 82
37 83
37 86
37 87
37 89
37 90
37 93
38 40
38 42
38 52
38 53
38 55
38 56
38 58
38 59
38 60
38 63
38 64
38 65
38 67
38 69
38 70
38 72
38 76
38 82
38 85
38 89
38 93
38 94
38 99
39 40
39 42
39 43
39 44
39 46
39 47
39 48
39 50
39 51
39 54
39 55
39 57
39 60
39 75
39 76
39 82
39 86
39 96
40 41
40 43
40 44
40 46
40 48
40 54
40 55
40 59
40 64
40 65
40 68
40 69
40 76
40 82
40 87
40 92
41 43
41 51
41 58
41 59
41 61
41 62
41 63
41 66
41 68
41 75
41 84
41 86
41 91
41 93
42 45
42 47
42 48
42 49
42 51
42 52
42 56
42 58
42 59
42 60
42 63
42 66
42 67
42 71
42 72
42 78
42 87
43 45
43 46
43 50
43 53
43 54
43 68
43 69
43 71
43 76
43 79
43 87
43 96
44 46
44 47
44 49
44 51
44 53
44 59
44 63
44 66
44 70
44 80
44 81
44 93
44 95
45 46
45 47
45 48
45 53
45 58
45 60
45 62
45 67
45 74
45 77
45 81
45 82
45 86
45 90
45 97
46 48
46 58
46 59
46 61
46 63
46 66
46 69
46 79
46 86
47 49
47 51
47 53
47 55
47 56
47 57
47 68
47 77
47 83
47 89
48 50
48 51
48 53
48 54
48 57
48 58
48 62
48 63
48 64
48 67
48 71
48 73
48 74
48 77
48 86
48 92
48 95
48 96
48 97
48 98
49 50
49 52
49 53
49 60
49 62
49 71
49 73
49 79
49 80
49 87
49 88
49 92
49 93
49 96
50 56
50 57
50 60
50 62
50 64
50 65
50 67
50 71
50 79
50 87
50 92
50 96
50 98
51 52
51 54
51 55
51 59
51 63
51 65
51 69
51 72
51 74
51 75
51 76
51 82
51 88
51 94
51 99
52 54
52 56
52 59
52 60
52 63
52 68
52 73
52 75
52 78
52 83
52 87
52 91
52 93
52 98
53 55
53 56
53 57
53 59
53 60
53 63
53 64
53 66
53 71
53 74
53 82
53 84
53 92
53 94
53 98
53 99
54 63
54 65
54 66
54 71
54 74
54 75
54 78
54 81
54 83
54 91
54 92
54 97
55 60
55 64
55 74
55 78
55 84
55 87
56 60
56 62
56 65
56 78
56 80
56 81
56 82
56 88
56 96
57 58
57 61
57 64
57 68
57 72
57 76
57 83
57 85
57 88
57 93
57 99
58 65
58 66
58 71
58 74
58 76
58 84
58 85
59 65
59 70
59 71
59 73
59 74
59 76
59 78
59 81
59 83
59 86
59 90
59 96
60 78
60 80
60 82
60 83
60 85
60 88
60 93
61 63
61 70
61 74
61 84
61 88
61 92
62 68
62 69
62 77
62 79
62 80
62 82
62 91
62 92
62 94
62 99
63 80
63 84
64 69
64 73
64 76
64 78
64 83
64 84
64 85
64 91
64 92
65 76
65 79
65 84
65 86
65 87
65 89
66 79
66 82
66 90
66 94
66 98
67 81
67 88
67 89
67 92
67 93
67 94
68 69
68 71
68 73
68 77
68 89
68 97
68 98
68 99
69 75
69 92
70 83
70 87
70 90
70 91
70 94
70 95
71 72
71 73
71 75
71 80
71 94
71 96
71 98
72 77
72 78
72 80
72 82
72 84
72 89
72 93
72 94
72 98
72 99
73 74
73 75
73 80
73 88
74 76
74 79
74 88
74 90
74 95
74 98
75 80
75 81
75 82
75 83
75 87
75 91
76 77
76 80
76 88
76 96
77 86
77 91
77 93
77 96
77 98
78 80
78 85
78 88
78 91
79 81
79 95
79 99
80 90
80 98
81 83
81 84
81 85
81 91
81 97
82 84
82 86
82 88
82 90
82 96
82 98
82 99
83 91
83 96
85 88
85 89
85 90
85 91
85 92
86 91
86 95
88 95
88 99
89 96
90 92
92 98
93 94
93 95
93 99
95 98
