0 1
0 2
0 3
0 4
0 5
0 6
0 7
0 8
0 9
0 10
0 11
0 12
0 13
0 14
0 15
0 17
0 18
0 19
0 20
0 21
0 22
0 24
0 25
0 26
0 27
1 10
1 12
1 13
1 15
1 16
1 24
1 26
1 28
2 10
2 11
2 12
2 13
2 14
2 15
2 16
2 17
2 20
2 22
2 24
2 25
2 26
3 10
3 13
3 17
3 21
3 27
4 10
4 11
4 15
4 16
4 25
4 27
5 10
5 11
5 12
5 15
5 19
5 20
5 22
5 23
5 24
6 10
6 11
6 13
6 14
6 15
6 17
6 21
6 22
7 11
7 12
7 15
7 19
7 20
7 23
7 29
8 10
8 11
8 12
8 14
8 16
8 18
8 19
8 23
8 24
8 25
8 28
8 29
9 10
9 11
9 12
9 13
9 14
9 16
9 17
9 20
10 11
10 12
10 13
10 14
10 15
10 17
10 18
10 19
10 21
10 26
10 28
10 29
11 12
11 13
11 14
11 16
11 18
11 20
11 21
11 22
11 23
11 25
11 27
12 13
12 14
12 15
12 16
12 18
12 19
12 20
12 21
12 22
12 23
12 24
12 27
12 29
13 14
13 16
13 17
13 19
13 20
13 23
13 24
13 25
13 26
13 28
13 29
14 16
14 18
14 22
14 23
15 17
15 18
15 21
15 22
15 25
15 27
15 29
16 17
16 18
16 19
16 21
16 24
16 26
16 28
17 18
17 20
17 22
17 28
17 29
18 19
18 21
18 23
19 26
20 26
21 24
21 25
21 27
22 23
22 26
22 27
22 28
22 29
24 25
24 27
24 28
25 28
25 29
