0 1
0 35
0 34
1 2
1 36
2 3
2 37
3 4
3 38
4 5
4 39
5 6
5 40
6 7
6 41
7 8
7 42
8 9
8 43
9 10
9 44
10 11
10 45
11 12
11 46
12 13
12 47
13 14
13 48
14 15
14 49
15 16
15 50
16 17
16 51
17 18
17 52
18 19
18 53
19 20
19 54
20 21
20 55
21 22
21 56
22 23
22 57
23 24
23 58
24 25
24 59
25 26
25 60
26 27
26 61
27 28
27 62
28 29
28 63
29 30
29 64
30 31
30 65
31 32
31 66
32 33
32 67
33 34
33 68
34 69
35 36
35 69
36 37
37 38
38 39
39 40
40 41
41 42
42 43
43 44
44 45
45 46
46 47
47 48
48 49
49 50
50 51
51 52
52 53
53 54
54 55
55 56
56 57
57 58
58 59
59 60
60 61
61 62
62 63
63 64
64 65
65 66
66 67
67 68
68 69
