0 1
0 45
0 44
1 2
1 46
2 3
2 47
3 4
3 48
4 5
4 49
5 6
5 50
6 7
6 51
7 8
7 52
8 9
8 53
9 10
9 54
10 11
10 55
11 12
11 56
12 13
12 57
13 14
13 58
14 15
14 59
15 16
15 60
16 17
16 61
17 18
17 62
18 19
18 63
19 20
19 64
20 21
20 65
21 22
21 66
22 23
22 67
23 24
23 68
24 25
24 69
25 26
25 70
26 27
26 71
27 28
27 72
28 29
28 73
29 30
29 74
30 31
30 75
31 32
31 76
32 33
32 77
33 34
33 78
34 35
34 79
35 36
35 80
36 37
36 81
37 38
37 82
38 39
38 83
39 40
39 84
40 41
40 85
41 42
41 86
42 43
42 87
43 44
43 88
44 89
45 46
45 89
46 47
47 48
48 49
49 50
50 51
51 52
52 53
53 54
54 55
55 56
56 57
57 58
58 59
59 60
60 61
61 62
62 63
63 64
64 65
65 66
66 67
67 68
68 69
69 70
70 71
71 72
72 73
73 74
74 75
75 76
76 77
77 78
78 79
79 80
80 81
81 82
82 83
83 84
84 85
85 86
86 87
87 88
88 89
