0 2
0 8
0 10
0 13
0 20
0 27
0 28
0 42
0 45
0 68
0 89
0 90
0 95
0 101
0 125
0 127
1 4
1 7
1 9
1 33
1 38
1 49
1 56
1 70
1 80
1 97
1 103
1 125
1 129
2 15
2 33
2 36
2 43
2 44
2 70
2 88
2 114
2 121
3 14
3 26
3 35
3 39
3 47
3 55
3 80
3 89
3 101
3 113
3 121
3 124
3 128
4 12
4 13
4 23
4 38
4 44
4 78
4 84
4 93
4 95
4 103
5 8
5 22
5 27
5 29
5 54
5 55
5 74
5 86
5 87
5 91
5 99
5 108
6 23
6 65
6 74
6 99
6 100
6 106
6 112
6 121
7 8
7 34
7 55
7 82
7 92
7 97
7 106
7 117
7 121
7 126
8 18
8 23
8 31
8 38
8 39
8 44
8 54
8 60
8 66
8 67
8 69
8 78
8 90
8 96
8 98
8 99
9 10
9 18
9 24
9 33
9 34
9 50
9 53
9 59
9 67
9 69
9 70
9 78
9 84
9 121
9 125
9 129
10 12
10 27
10 46
10 47
10 82
10 88
11 21
11 22
11 27
11 39
11 40
11 49
11 56
11 65
11 67
11 77
11 85
11 94
11 98
11 100
11 125
12 13
12 20
12 27
12 36
12 37
12 69
12 74
12 87
12 93
12 100
12 113
13 23
13 24
13 39
13 40
13 57
13 72
13 78
13 94
13 110
14 21
14 35
14 38
14 47
14 102
14 107
14 119
15 22
15 48
15 60
15 63
15 89
15 92
15 94
15 104
15 110
15 118
15 120
15 123
15 125
16 34
16 35
16 51
16 54
16 57
16 63
16 77
16 108
16 123
17 29
17 63
17 64
17 73
17 81
17 83
17 87
17 93
17 110
17 113
17 114
17 121
17 123
17 128
17 129
18 22
18 30
18 43
18 51
18 60
18 64
18 71
18 80
18 82
18 88
18 98
18 102
19 45
19 58
19 63
19 70
19 82
19 115
19 124
20 35
20 55
20 57
20 67
20 68
20 84
20 109
20 120
21 32
21 39
21 46
21 59
21 60
21 66
21 86
21 91
21 97
21 110
21 119
21 128
22 34
22 53
22 54
22 56
22 57
22 64
22 77
22 81
22 82
22 103
22 106
22 109
22 121
23 31
23 39
23 45
23 58
23 65
23 73
23 76
23 83
23 84
23 87
23 99
23 117
23 120
23 127
24 30
24 41
24 42
24 49
24 55
24 62
24 68
24 90
24 101
24 114
24 125
24 129
25 33
25 68
25 81
25 88
25 91
25 105
25 110
25 116
25 120
26 31
26 41
26 44
26 50
26 60
26 63
26 77
26 101
26 127
27 30
27 37
27 43
27 66
27 79
27 100
27 103
27 107
28 29
28 51
28 66
28 74
28 87
28 93
28 108
28 115
28 121
28 124
29 60
29 64
29 68
29 96
29 101
29 107
29 116
29 118
29 123
29 125
30 34
30 47
30 57
30 65
30 78
30 87
30 93
30 97
30 113
30 114
30 123
31 42
31 67
31 122
32 37
32 56
32 87
32 98
32 102
32 113
33 36
33 44
33 45
33 61
33 62
33 71
33 79
33 84
33 106
34 35
34 36
34 54
34 75
34 76
34 77
34 79
34 114
34 116
34 122
35 54
35 69
35 70
35 74
35 76
35 82
35 86
35 110
35 113
35 126
36 43
36 56
36 94
36 95
36 99
36 101
36 102
36 117
36 122
36 124
37 41
37 42
37 56
37 73
37 75
37 83
37 86
37 89
37 114
37 127
38 48
38 69
38 90
38 100
38 124
39 49
39 54
39 57
39 60
39 63
39 74
39 100
39 105
39 109
39 113
40 52
40 53
40 72
40 74
40 86
40 96
40 112
40 113
40 118
40 120
40 125
41 65
41 70
41 74
41 90
41 96
41 105
41 110
41 112
41 120
41 121
41 125
42 87
42 95
42 102
42 117
42 118
42 128
43 46
43 51
43 61
43 63
43 65
43 77
43 81
43 87
43 94
43 101
43 106
43 110
43 120
43 123
43 128
44 45
44 51
44 57
44 65
44 82
44 88
45 67
45 69
45 75
45 84
45 97
45 105
45 113
46 85
46 91
46 98
46 101
46 107
46 119
46 123
47 75
47 76
47 86
47 93
47 98
47 126
48 56
48 69
48 87
48 91
48 93
48 108
48 118
48 126
49 81
49 111
49 121
49 128
50 54
50 70
50 71
50 78
50 101
50 102
50 107
51 62
51 64
51 68
51 72
51 83
51 88
51 91
51 96
51 103
51 116
52 66
52 72
52 81
52 95
52 96
52 102
52 103
53 54
53 58
53 74
53 95
53 106
53 109
53 114
53 121
53 129
54 61
54 62
54 64
54 74
54 79
54 83
54 115
54 116
54 120
54 122
54 124
55 63
55 70
55 74
55 89
55 96
55 112
56 58
56 72
56 88
56 90
56 93
56 101
56 107
56 113
56 123
56 126
57 61
57 64
57 74
57 91
57 105
57 108
57 127
58 77
58 90
58 96
58 109
59 62
59 63
59 69
59 73
59 89
59 101
59 106
59 109
59 120
59 126
59 127
60 72
60 85
60 100
60 109
60 112
61 63
61 75
61 83
61 86
61 89
61 93
61 96
61 105
61 115
61 117
61 124
62 78
62 90
62 100
62 107
63 67
63 68
63 69
63 76
63 77
63 89
63 96
63 120
63 121
63 125
63 128
64 72
64 75
64 104
64 109
64 111
64 113
64 129
65 89
65 105
65 115
65 117
65 124
66 101
66 123
67 71
67 89
67 90
67 98
68 72
68 104
68 113
68 114
68 123
69 81
69 101
69 104
69 110
69 118
70 72
70 76
70 84
70 90
70 100
70 103
70 104
70 111
71 80
71 99
71 100
71 101
71 104
71 109
71 116
72 76
72 93
72 95
72 108
72 119
72 120
73 84
73 92
73 125
73 126
74 77
74 78
74 86
74 104
74 114
74 126
75 88
75 90
75 93
75 97
75 102
75 114
76 77
76 84
76 89
76 97
76 101
76 127
77 78
77 79
77 113
77 122
78 116
78 124
79 83
79 85
79 92
79 96
79 102
79 103
79 118
80 84
80 95
80 100
80 110
81 85
81 88
81 99
81 100
81 111
81 116
81 120
82 95
82 97
82 114
82 128
83 84
83 86
83 90
83 95
83 105
83 114
83 115
83 116
83 119
83 125
84 85
84 90
84 103
84 114
84 126
84 129
85 107
85 109
85 122
85 123
85 129
86 87
86 95
86 98
86 113
86 123
86 129
87 94
87 97
87 113
87 125
88 100
88 106
88 107
88 108
88 122
89 115
89 125
90 105
90 108
90 112
90 117
90 118
90 127
91 103
91 105
92 108
92 116
92 123
92 129
93 101
93 106
93 112
93 123
93 124
94 95
94 123
94 127
96 98
96 103
96 116
97 98
97 100
97 105
97 110
97 122
98 101
98 114
98 119
99 101
99 118
100 102
100 122
101 105
101 106
101 120
102 111
102 113
102 116
102 118
103 107
104 105
104 107
104 114
105 119
106 111
106 128
106 129
107 116
107 117
109 118
111 117
111 127
112 113
112 120
113 121
113 125
114 121
114 122
114 127
116 124
117 119
118 122
119 124
119 129
120 125
122 123
122 125
122 129
124 125
