0 20
0 101
0 125
0 270
0 291
0 298
0 369
0 395
0 428
0 61
1 34
1 151
1 237
1 435
2 132
2 239
2 274
2 280
3 51
4 22
4 51
4 89
4 176
4 327
4 335
4 337
4 368
4 436
5 101
5 197
5 287
5 314
5 334
5 339
5 358
6 63
6 76
6 83
6 153
6 252
6 318
7 93
7 97
7 199
7 292
7 403
8 100
8 157
8 184
8 246
8 289
9 38
9 76
9 106
9 157
9 213
9 355
9 360
9 364
9 368
10 17
10 63
10 208
10 296
11 65
11 137
11 148
11 155
11 230
11 356
11 373
12 86
12 115
12 191
12 293
12 315
12 406
12 419
13 134
13 222
13 276
14 349
15 20
15 121
15 165
15 300
15 324
16 127
16 132
16 168
16 191
16 255
16 308
16 344
16 371
17 78
17 111
17 176
17 233
17 270
17 378
17 430
18 41
18 72
18 107
18 112
18 230
18 309
18 398
19 30
19 58
19 155
19 363
19 436
20 69
20 108
20 161
20 214
20 308
20 376
20 396
21 40
21 136
21 214
21 276
21 327
21 417
21 447
22 87
22 153
22 181
22 185
22 226
23 339
23 381
23 396
24 143
24 197
24 292
24 295
24 362
24 439
25 63
25 131
25 259
25 379
26 122
26 309
26 377
27 153
27 184
27 359
27 439
28 66
28 186
28 401
29 108
29 109
29 127
29 144
29 179
29 250
29 331
29 421
30 65
30 68
30 70
30 114
30 210
30 277
30 303
30 359
30 365
31 77
31 108
31 248
31 271
31 388
32 56
32 64
32 158
32 177
32 273
32 331
32 435
33 142
33 148
33 218
33 337
33 383
33 428
34 137
34 158
34 345
34 392
35 150
35 248
35 442
36 54
36 73
36 77
36 253
36 310
37 45
37 89
37 194
37 265
38 191
38 299
38 346
38 412
39 75
39 246
39 288
39 294
39 297
39 351
39 385
39 430
40 106
40 109
40 203
41 50
41 150
41 190
41 262
41 366
42 100
42 238
42 345
42 355
42 416
42 417
42 424
43 96
43 141
43 209
43 316
43 411
44 170
44 243
44 271
44 296
44 369
44 437
45 72
45 186
45 195
45 207
45 271
45 385
46 69
46 104
46 154
46 167
46 196
46 243
46 263
46 375
46 421
47 115
47 163
47 170
47 192
47 223
47 434
48 52
48 66
48 140
48 198
48 331
48 351
48 371
48 442
49 67
49 125
49 250
49 262
49 291
49 326
49 344
49 347
49 439
50 90
50 97
50 164
50 185
50 236
50 247
50 302
50 319
50 343
51 93
51 123
51 178
51 195
51 251
52 208
52 293
52 315
52 354
52 364
52 435
53 156
53 193
53 250
53 310
53 412
53 423
54 81
54 197
54 204
54 266
54 278
54 290
55 64
55 103
55 135
55 143
55 197
55 234
55 309
55 417
56 91
56 123
56 133
56 173
56 231
56 244
56 399
56 427
56 445
57 63
57 264
57 274
57 276
57 345
58 250
58 290
58 324
58 392
59 62
59 185
59 305
59 363
59 420
60 115
60 186
60 444
62 140
62 152
62 161
62 198
62 216
62 404
63 92
63 125
63 168
63 253
63 325
64 91
64 151
64 155
64 315
64 367
64 409
64 413
64 446
65 111
65 243
65 426
66 113
66 145
66 153
66 202
66 265
66 324
66 377
66 378
67 72
67 157
67 323
67 332
67 365
67 393
67 400
68 84
68 146
68 156
68 176
68 364
68 441
69 235
69 305
69 382
70 136
70 215
70 216
70 245
70 306
71 76
71 140
71 222
71 243
71 302
71 411
71 449
72 76
72 117
72 118
72 232
72 358
72 376
73 207
73 214
73 240
73 331
73 403
73 414
74 101
74 139
74 247
74 270
74 314
74 337
75 176
75 229
75 251
75 298
75 358
75 421
76 132
76 141
76 208
76 219
76 285
76 288
77 159
77 208
77 288
77 352
77 363
78 101
78 103
78 250
78 364
79 155
79 249
79 369
79 407
80 94
80 130
80 134
80 281
80 284
80 384
81 187
81 263
81 354
82 93
82 163
82 273
82 285
82 306
82 307
82 357
82 395
82 446
83 170
83 235
83 312
84 94
85 170
85 224
85 227
85 263
85 393
85 418
85 437
86 111
86 205
86 244
86 304
86 409
86 420
87 150
87 161
87 325
87 341
88 174
88 240
88 331
88 368
88 372
88 445
89 111
89 235
90 128
90 175
90 226
90 365
90 396
90 414
90 415
91 105
91 107
91 185
91 347
91 386
92 250
92 276
92 284
92 343
93 122
93 249
93 334
93 344
93 436
94 98
94 210
94 236
94 433
95 190
95 420
96 326
97 127
97 159
97 285
97 331
97 356
98 115
98 131
98 220
98 380
98 395
99 190
99 378
99 388
99 439
100 133
100 177
100 182
100 351
100 361
100 396
100 422
101 113
101 183
101 257
101 283
101 346
101 374
102 156
102 197
102 340
102 381
103 105
103 169
103 204
103 207
103 316
103 392
103 407
103 424
103 434
104 113
104 117
104 319
104 334
104 406
105 357
105 390
105 391
106 139
106 149
106 187
106 225
107 136
107 144
107 183
107 185
107 199
107 345
107 358
108 155
108 270
108 324
108 361
108 366
108 368
109 136
109 276
109 374
110 114
110 211
110 212
110 253
110 275
110 373
110 391
111 142
111 260
111 383
112 309
112 398
112 446
113 178
113 190
113 239
114 276
114 418
115 174
115 268
115 278
115 293
116 130
116 174
116 309
117 139
117 178
117 313
117 325
117 396
118 129
118 205
118 223
118 317
118 449
119 385
120 136
120 210
120 220
120 226
120 229
120 251
120 305
120 322
120 339
120 445
121 131
121 254
121 280
121 398
122 169
122 194
122 200
122 265
122 359
122 376
123 272
123 276
123 287
123 331
123 349
123 364
124 177
124 233
124 255
124 263
124 303
124 388
125 139
125 148
125 369
125 412
125 414
126 152
126 363
126 386
127 183
127 239
127 329
127 341
127 382
127 394
128 178
128 210
128 211
128 399
129 232
129 254
129 374
130 348
130 424
131 212
131 249
131 268
131 270
131 351
131 352
131 354
132 171
132 267
132 295
132 422
133 174
133 251
133 358
134 193
134 201
134 241
134 429
135 177
135 279
135 306
135 323
135 385
136 152
136 199
136 327
136 367
137 212
137 238
137 264
137 316
137 448
138 238
138 241
138 338
139 194
139 246
139 343
139 391
139 404
140 157
140 287
140 300
140 307
140 424
141 147
141 206
141 232
142 181
142 191
142 291
142 297
142 379
143 421
144 204
144 438
145 164
145 214
145 263
145 280
145 435
146 336
146 337
146 349
146 368
147 204
147 281
147 436
148 185
148 245
148 310
149 166
149 246
149 321
150 230
150 233
150 264
150 297
150 323
150 357
150 431
151 159
151 230
151 272
151 290
151 310
152 282
152 283
152 426
153 155
153 260
153 297
153 309
153 440
154 285
154 290
154 414
154 429
155 189
155 271
155 326
155 374
156 217
156 242
156 356
157 385
158 278
158 296
158 329
158 330
158 369
158 431
159 172
159 238
160 334
161 293
161 331
161 392
162 315
162 432
163 278
163 387
163 419
164 372
164 391
164 411
164 439
165 240
166 179
166 195
166 217
166 318
166 382
166 445
167 359
167 415
168 217
168 282
168 328
168 391
168 398
168 405
169 265
169 313
169 328
170 320
170 354
170 359
170 380
171 189
171 247
171 435
172 216
172 435
172 436
173 395
174 178
174 201
174 370
174 381
175 234
175 346
175 395
176 227
176 234
176 299
176 306
177 197
177 347
177 415
178 222
178 293
178 302
178 376
179 214
179 266
179 282
179 327
179 441
180 194
180 212
180 243
180 322
180 362
180 365
181 249
181 256
181 315
181 348
181 438
182 243
182 282
182 357
182 389
182 448
183 235
183 285
183 311
184 305
184 318
184 412
184 424
185 224
185 250
185 296
185 324
186 241
187 220
187 238
187 243
187 331
187 338
187 405
187 436
188 297
188 344
188 354
188 424
188 432
189 223
189 228
189 246
189 289
189 293
189 317
190 198
190 201
190 444
191 239
191 245
191 294
191 296
191 381
191 408
191 416
191 421
192 359
192 409
193 257
193 279
193 343
193 393
193 414
194 204
194 221
194 407
195 249
195 263
196 233
196 304
196 317
196 336
197 241
197 336
197 363
197 423
197 424
198 237
198 369
198 392
198 436
199 293
199 448
200 227
200 385
200 388
200 438
201 264
201 302
201 335
201 341
201 354
202 271
202 306
202 331
202 344
203 232
204 352
204 355
204 408
204 412
205 307
205 347
206 229
206 323
206 351
206 377
206 402
207 359
207 418
208 374
208 426
209 292
209 297
209 313
209 338
209 344
209 403
210 234
210 245
210 256
210 268
210 339
210 347
211 259
211 354
211 362
211 413
212 272
212 384
212 419
214 338
214 398
215 312
216 338
216 373
216 395
217 310
217 328
218 224
218 233
218 329
218 370
218 421
218 448
219 257
219 270
219 381
219 434
220 235
220 243
220 356
220 398
220 410
221 293
221 322
221 344
221 368
222 257
222 288
223 295
223 364
223 365
224 235
224 254
224 297
224 381
225 283
226 248
226 253
226 359
227 353
228 287
228 313
228 381
229 364
230 252
230 265
230 361
230 373
231 268
231 342
231 373
231 404
232 260
232 286
232 295
233 303
233 330
233 351
233 390
233 399
233 412
233 421
234 264
234 428
235 320
235 406
236 352
236 385
236 402
236 444
237 266
237 343
239 273
239 421
240 259
241 302
241 395
241 435
242 272
242 291
242 370
242 393
242 414
242 433
243 258
243 337
243 420
244 254
244 299
244 313
244 352
244 368
244 409
244 445
245 303
245 306
246 356
247 282
247 306
247 368
247 400
248 257
248 381
248 422
249 331
249 397
250 358
250 363
250 412
250 429
250 430
251 317
251 319
251 442
252 415
253 268
253 307
253 429
254 316
254 398
255 328
255 364
255 386
256 307
256 367
257 355
258 288
259 301
259 315
261 309
262 412
262 417
262 424
263 339
263 363
264 316
264 385
264 386
265 315
265 373
266 311
266 434
267 406
267 418
268 276
268 326
268 341
268 364
269 364
270 311
271 299
271 368
271 387
272 286
272 307
272 338
272 413
273 301
273 328
274 358
275 295
275 318
276 384
277 318
277 347
277 371
278 372
278 443
279 291
279 340
279 394
279 440
280 400
280 415
280 444
281 361
281 382
281 419
282 313
282 315
282 446
283 330
283 334
284 333
285 354
286 378
287 297
287 300
287 358
288 344
289 295
289 311
289 432
290 327
290 399
291 387
291 389
291 425
292 350
292 360
292 425
292 428
293 438
294 304
295 326
295 332
295 343
295 394
295 413
296 321
296 365
296 433
296 441
297 316
297 400
297 408
298 306
298 308
299 313
299 340
299 343
299 361
299 377
299 407
300 345
301 336
301 369
301 402
301 435
302 340
302 357
302 368
302 374
302 421
303 313
304 313
305 374
305 430
306 410
306 427
307 435
308 312
309 347
309 378
309 435
310 375
311 383
312 322
312 352
312 354
313 395
315 331
315 420
317 403
318 383
318 412
319 356
320 347
321 363
321 381
321 439
323 421
324 344
324 445
326 412
327 352
327 354
328 344
328 442
329 437
330 348
330 372
330 394
330 448
332 380
332 435
333 348
333 380
333 386
334 358
334 386
334 407
336 375
337 363
337 416
338 398
338 431
339 422
341 447
342 362
343 345
343 346
343 365
343 398
344 352
344 404
344 449
346 394
346 399
346 412
347 428
347 443
348 429
348 430
348 443
349 401
349 420
350 392
351 372
351 427
353 367
353 440
354 443
356 448
358 359
358 443
359 361
359 412
360 386
361 376
362 400
366 378
367 409
367 422
367 440
368 381
368 415
369 375
369 385
369 447
370 386
370 400
371 395
372 402
372 437
373 440
375 425
377 392
378 393
379 389
380 384
381 413
381 427
381 433
382 443
384 397
384 427
385 419
385 447
388 407
389 400
390 398
391 406
391 410
391 449
392 410
394 402
396 437
398 431
399 403
401 405
402 406
402 449
406 441
409 413
413 436
414 439
414 444
415 431
421 447
426 427
427 431
432 445
433 441
