0 20
0 101
0 125
0 270
0 291
0 298
0 85
0 297
1 71
1 97
1 130
1 184
2 4
2 43
2 90
2 288
3 66
3 136
3 144
3 243
3 278
3 284
3 295
4 206
4 223
4 244
5 259
6 35
6 64
6 102
6 189
6 206
6 278
7 48
7 56
7 58
7 62
7 89
7 157
7 266
8 71
8 161
8 188
8 208
8 213
8 232
8 282
9 90
9 103
9 110
9 180
9 279
10 56
10 273
10 277
11 91
11 107
11 184
11 295
12 146
12 203
12 230
12 257
12 292
13 49
13 72
13 171
13 238
13 276
14 21
14 72
14 128
14 270
14 275
14 279
14 283
15 87
15 133
15 137
15 278
16 59
16 73
16 83
16 191
16 290
17 80
17 91
17 98
17 173
17 194
17 299
18 35
18 66
18 145
18 185
18 214
18 290
19 110
19 112
19 134
19 225
19 238
20 110
20 198
20 252
21 47
21 257
22 205
23 34
23 135
23 152
23 154
23 179
23 241
24 39
24 63
24 229
24 299
25 30
25 63
25 66
25 89
25 153
25 206
25 242
25 269
26 135
26 168
26 233
26 290
27 32
27 55
27 163
27 215
27 257
27 288
28 52
28 57
28 95
28 175
28 254
29 73
29 135
29 163
29 260
30 109
30 199
30 272
31 66
31 105
31 107
31 158
31 211
32 38
32 106
32 126
32 143
32 145
32 198
32 210
32 294
33 106
33 168
33 219
34 44
34 74
34 133
34 141
34 207
34 235
34 239
34 280
35 217
36 53
36 203
36 292
37 72
37 87
37 199
37 224
37 259
38 52
38 147
38 150
38 192
38 217
38 294
39 82
39 150
39 197
39 259
39 267
39 278
40 139
40 231
41 47
41 197
41 234
41 236
42 45
42 104
42 210
42 243
42 274
43 193
43 273
44 66
44 181
44 186
45 147
45 214
45 274
45 275
45 293
46 57
46 92
46 131
46 163
46 244
47 82
47 145
47 148
47 150
47 194
47 290
48 106
48 132
48 188
48 194
49 74
49 105
49 245
49 268
49 298
50 59
50 136
50 221
50 229
51 75
51 94
51 190
51 248
52 97
52 105
52 150
52 228
52 234
53 58
53 177
53 223
53 253
53 268
54 147
54 168
54 219
54 273
55 108
55 111
55 158
55 195
56 87
56 98
56 122
56 185
56 259
57 137
57 162
57 181
57 185
58 120
58 177
58 200
59 84
59 128
59 173
59 233
60 65
60 231
60 293
61 68
61 164
61 192
61 256
61 259
61 272
62 64
62 82
62 101
62 145
62 148
62 202
62 221
62 266
63 156
63 198
63 204
63 207
63 261
63 295
64 105
64 190
64 193
64 287
65 197
66 75
66 175
66 204
66 215
66 220
66 287
67 159
67 233
68 69
68 100
68 207
68 214
69 84
69 94
69 155
69 156
69 163
69 241
69 286
70 125
70 157
70 232
71 99
71 197
71 263
72 109
72 137
72 162
72 235
73 77
73 116
73 129
73 230
73 237
73 239
73 243
73 251
74 90
74 138
74 153
74 204
74 291
75 84
75 102
75 152
75 165
75 194
75 203
75 241
75 261
76 127
76 150
76 196
76 292
77 118
77 125
77 147
77 178
78 96
78 153
78 168
78 187
78 201
78 275
78 287
79 113
79 196
79 246
79 266
79 286
80 116
80 119
80 138
80 148
80 163
80 221
81 128
81 140
81 169
81 204
81 222
81 225
81 230
82 100
82 150
82 157
82 204
82 224
82 237
82 245
82 296
83 91
83 146
83 163
83 187
83 278
84 120
84 150
84 177
84 205
84 222
84 237
84 258
84 278
86 205
86 290
87 100
87 101
87 125
87 139
87 149
87 159
87 220
88 126
88 163
88 220
88 276
88 280
89 172
89 183
89 236
89 296
90 109
90 143
90 150
90 212
90 224
90 236
91 196
91 235
91 267
91 275
92 122
92 159
92 234
93 117
93 136
93 203
93 235
93 245
93 285
94 138
94 151
94 210
94 236
95 102
95 130
95 148
95 158
95 247
96 156
96 166
96 168
96 237
98 130
98 170
98 204
98 272
99 132
99 150
99 193
99 244
99 255
100 176
100 222
100 228
100 234
100 268
100 291
101 177
101 248
101 286
102 153
103 113
103 130
103 285
105 195
105 207
105 216
105 253
105 271
106 266
107 148
107 181
107 224
108 118
108 190
109 151
109 211
109 215
109 225
110 186
110 238
110 280
110 284
111 129
111 142
111 178
112 123
112 226
113 120
113 190
113 222
113 230
113 279
113 284
114 150
114 157
114 216
114 269
114 270
115 162
115 170
115 247
116 230
116 239
116 272
117 118
117 125
117 190
117 252
117 262
117 282
118 289
119 186
120 181
120 251
121 133
121 150
121 207
121 283
122 185
122 186
122 215
122 276
123 248
124 137
124 166
124 219
124 240
124 273
124 299
125 234
125 272
125 276
126 144
126 145
126 259
127 129
127 213
127 231
128 267
128 268
128 274
129 130
129 168
129 221
129 251
129 293
130 135
130 197
130 235
131 175
131 198
131 242
131 265
132 238
133 145
133 198
133 220
133 267
134 162
134 225
134 247
135 145
135 154
135 221
135 232
135 298
136 138
137 209
137 219
137 268
138 187
138 251
138 262
139 211
139 213
140 159
140 174
140 201
141 157
141 231
142 161
142 255
143 218
143 219
143 257
144 158
144 189
144 194
144 198
145 147
145 191
145 194
145 294
147 160
147 223
147 236
148 176
148 214
148 282
149 159
149 202
150 163
150 175
150 187
150 196
150 197
150 247
150 285
150 293
151 188
151 278
152 196
152 273
153 274
153 289
153 295
155 210
155 213
156 282
156 292
157 177
157 194
157 197
157 233
158 207
158 222
158 239
158 247
158 266
158 296
159 163
159 238
159 257
159 296
160 217
161 184
161 195
161 287
161 298
162 163
162 196
163 189
163 205
163 230
164 264
165 196
165 287
166 191
166 195
166 268
166 294
166 295
167 174
167 286
168 206
168 214
169 275
169 277
170 195
170 246
170 285
171 257
171 288
172 179
172 180
172 228
172 230
172 244
173 182
173 266
173 276
174 219
174 258
174 280
174 289
175 237
175 256
176 232
176 258
176 266
177 203
177 218
177 230
178 206
178 217
178 279
179 224
180 190
180 200
180 292
181 191
181 205
181 237
182 186
182 212
183 227
183 293
184 289
185 191
186 189
186 231
186 292
187 265
188 266
188 281
189 218
190 239
190 262
190 294
191 246
192 205
192 243
192 251
192 276
193 280
193 295
193 296
194 248
194 280
195 261
196 233
196 248
197 223
197 291
199 230
199 278
199 288
200 240
200 283
201 229
201 234
201 278
203 210
203 220
203 255
203 281
203 299
204 225
204 228
204 295
205 275
206 208
206 271
206 299
208 245
208 252
208 286
210 236
210 250
210 271
210 274
210 280
210 290
210 291
211 273
212 236
212 250
212 285
212 288
213 248
214 226
215 218
215 233
215 250
215 254
215 260
215 284
215 288
218 244
218 259
219 251
219 255
219 271
221 261
223 236
223 269
223 270
224 286
224 296
225 260
225 298
227 231
228 293
229 265
229 273
230 243
230 245
230 259
231 261
232 270
232 283
233 261
234 290
236 278
237 270
238 246
238 251
238 253
238 259
238 279
240 242
241 296
242 267
244 254
244 298
245 279
247 271
247 272
248 262
248 284
249 281
250 283
251 253
251 283
252 295
255 278
257 289
258 275
265 279
266 269
267 274
267 293
268 272
269 290
271 293
272 274
272 286
274 284
275 294
279 285
281 284
