0 20
0 101
0 125
0 270
0 291
0 298
0 369
0 395
0 59
1 30
1 84
1 201
1 240
1 287
2 88
2 162
2 232
2 240
2 339
2 374
2 380
3 201
4 222
4 251
4 289
4 376
5 133
5 141
5 143
5 174
5 242
5 351
6 54
6 144
6 171
6 191
6 196
6 215
6 363
6 376
6 383
7 61
7 160
7 226
8 52
8 56
8 158
8 174
8 251
8 362
9 110
9 167
9 194
9 256
9 299
10 99
10 137
10 167
10 218
10 274
11 28
11 33
11 37
11 41
11 129
11 175
11 320
11 384
12 21
12 228
12 300
12 311
12 318
12 393
13 133
13 150
13 260
13 300
13 329
14 20
14 122
14 144
14 235
14 248
14 399
15 103
15 157
15 230
16 282
16 387
17 106
17 123
17 150
17 285
17 309
18 164
18 169
18 205
18 228
18 292
18 345
18 381
19 28
19 167
19 200
19 265
19 322
19 359
20 88
20 140
20 182
20 213
20 248
20 253
20 371
21 72
21 161
21 223
21 251
21 348
22 89
22 179
22 252
22 314
22 353
23 30
23 83
23 177
23 245
23 265
23 282
23 337
24 58
24 136
24 198
24 249
24 339
24 369
25 62
25 128
25 156
25 160
25 201
26 29
26 367
27 37
27 52
27 164
27 224
27 278
27 373
27 376
28 72
28 149
28 197
28 265
28 393
29 143
29 235
29 309
30 127
30 195
30 254
30 393
31 56
31 231
31 311
31 359
32 112
32 327
33 88
33 89
33 107
33 124
33 159
33 198
33 230
33 311
34 36
34 99
34 102
34 104
34 148
34 244
34 311
34 337
34 393
34 399
35 165
35 196
35 336
35 359
36 113
36 198
36 206
36 300
36 319
37 53
37 111
37 215
37 260
37 338
37 344
38 53
38 172
38 218
38 263
38 387
39 48
39 235
39 282
40 95
40 106
40 193
40 387
41 54
41 73
41 77
41 253
41 310
42 100
42 144
42 189
42 249
42 320
43 130
43 205
43 301
43 393
44 54
44 101
44 164
44 167
44 240
44 285
45 57
45 99
45 105
45 108
45 162
45 196
45 241
45 326
45 329
46 70
46 325
47 73
47 113
47 118
47 185
47 289
48 79
48 217
48 324
48 334
48 395
48 396
49 53
49 131
49 176
49 244
49 351
50 97
50 195
50 261
50 334
50 362
50 387
51 112
51 180
51 219
51 333
51 340
51 342
51 354
52 71
52 185
52 272
52 307
52 357
52 370
52 399
53 62
53 100
53 120
53 232
53 278
53 374
54 77
54 84
54 106
54 137
54 348
54 367
54 381
55 111
55 169
55 252
55 302
55 322
55 342
56 70
56 95
56 153
56 278
56 290
56 319
56 354
56 372
56 375
57 125
57 175
57 182
57 249
57 270
57 321
57 332
57 387
58 63
58 87
58 235
58 265
58 320
58 337
58 393
60 68
60 153
60 175
60 176
60 200
60 214
60 224
60 295
61 74
61 111
61 168
61 228
61 330
61 341
61 394
62 117
62 139
62 173
62 180
62 242
62 254
62 266
63 98
63 137
63 169
63 177
63 231
63 268
63 343
64 116
64 183
64 215
64 225
64 265
64 323
64 336
65 87
65 157
65 185
65 203
65 213
65 302
66 81
66 91
66 93
66 162
67 126
67 166
67 200
67 268
67 328
68 120
68 240
68 298
68 355
69 109
69 180
70 109
71 252
71 264
71 273
71 310
71 328
72 189
72 263
72 296
72 339
73 98
73 170
73 321
73 381
73 385
74 220
74 272
74 314
74 318
74 351
75 76
75 208
75 311
75 391
76 138
76 170
76 178
76 227
76 290
76 349
77 80
77 81
77 157
77 165
77 242
78 87
78 96
78 129
78 157
78 164
78 229
78 291
78 301
78 321
79 189
79 266
80 121
80 191
80 251
80 268
81 83
81 162
81 163
81 192
81 253
82 84
82 148
82 230
82 251
82 310
83 103
83 141
83 145
83 186
83 187
83 301
84 112
84 130
84 337
84 344
84 370
85 147
85 219
85 230
85 292
85 330
86 125
86 148
86 192
86 215
87 116
87 169
87 191
87 238
87 298
87 361
88 134
88 143
88 210
88 221
88 287
88 290
89 223
89 272
89 352
90 107
90 118
90 227
90 229
90 376
91 182
91 343
92 130
92 250
92 288
92 344
92 375
92 380
92 384
93 181
93 225
93 228
93 328
94 194
94 257
94 270
94 361
94 399
95 163
95 233
95 343
95 355
95 376
95 377
96 124
96 162
96 213
96 303
96 368
97 143
97 290
98 217
99 129
99 183
99 186
99 222
99 352
99 377
99 396
100 127
100 134
100 228
100 267
100 327
101 134
101 145
101 237
101 248
101 283
102 115
102 131
102 325
102 391
103 186
103 223
103 227
103 300
103 326
103 327
104 155
105 111
105 113
105 160
105 211
105 350
105 381
105 399
106 107
106 155
106 157
106 235
106 397
107 144
107 175
107 266
107 365
107 391
107 399
108 167
108 182
108 302
108 364
109 139
109 224
109 234
109 326
109 343
109 357
110 166
110 192
110 389
111 212
112 155
113 128
113 281
113 313
113 373
114 154
114 192
114 200
114 225
114 335
114 351
115 124
115 156
115 241
115 316
115 331
116 125
116 193
116 381
116 391
117 160
117 203
117 247
117 252
118 140
118 150
118 185
118 211
118 229
118 250
118 320
118 394
119 140
119 203
119 231
119 360
120 122
120 265
120 289
120 306
120 376
121 162
121 197
121 200
121 246
121 309
121 385
122 123
122 140
122 150
122 174
122 178
122 380
122 395
123 191
123 211
124 211
124 244
124 245
124 336
124 346
124 384
125 148
126 128
126 136
126 175
126 177
126 191
126 337
126 350
127 216
127 331
127 385
128 151
128 156
128 158
128 266
128 378
129 136
129 234
129 313
130 141
130 142
130 183
130 205
130 252
130 303
130 321
131 142
131 260
131 356
131 383
132 379
133 202
133 250
133 310
133 318
133 330
133 379
134 148
135 222
135 364
136 191
136 285
136 295
136 310
136 389
137 218
137 262
137 397
138 298
138 337
139 212
139 224
139 295
139 359
140 176
140 194
140 235
140 288
141 162
142 171
142 251
142 284
142 325
142 335
142 341
142 344
142 366
143 164
143 181
143 198
143 304
143 318
144 186
144 212
144 330
145 164
145 174
145 199
145 205
145 270
145 364
145 381
146 350
146 354
146 365
147 157
147 175
147 190
147 328
147 384
148 155
148 163
148 203
148 288
148 363
148 372
149 343
149 386
149 388
150 200
151 156
151 163
151 186
151 305
151 361
152 204
152 216
152 219
152 257
152 269
152 374
153 160
153 161
153 216
153 277
153 349
154 257
154 279
154 399
155 380
156 205
156 281
156 387
157 182
157 201
157 203
157 284
157 285
157 287
158 180
158 276
158 304
158 350
159 191
159 259
159 336
160 204
160 354
160 362
161 164
161 352
162 177
162 279
162 306
162 323
162 385
163 229
163 276
164 169
164 209
164 311
164 331
164 366
164 392
165 184
165 236
165 368
166 236
166 239
166 336
167 193
167 270
167 322
168 188
168 236
168 249
168 311
169 211
169 224
169 231
169 348
169 379
170 209
170 235
171 263
171 273
171 373
171 379
172 234
173 356
173 365
174 219
175 229
175 259
175 309
175 358
175 375
176 307
177 289
177 290
177 302
177 321
178 182
178 238
178 315
178 320
179 250
179 300
179 360
180 206
180 362
181 224
181 299
182 290
182 293
182 324
182 357
182 383
183 201
183 275
183 301
183 372
184 199
184 217
184 237
184 275
185 292
185 293
186 223
186 248
186 353
186 390
187 190
187 321
188 250
188 255
188 379
188 394
189 197
189 238
189 320
189 375
190 214
190 350
190 375
191 231
191 281
191 329
192 395
193 373
193 391
194 219
194 220
194 259
194 321
194 352
195 214
196 389
196 396
198 240
198 278
198 339
199 332
199 349
200 267
200 333
200 399
201 310
201 342
202 383
203 206
203 226
203 254
203 339
204 366
204 382
205 210
205 311
205 375
206 245
207 249
207 305
207 388
208 262
208 308
208 371
208 378
208 385
209 335
209 383
209 398
211 292
211 326
211 331
211 352
212 252
212 310
213 312
213 370
215 220
215 221
216 273
216 331
216 354
217 341
217 352
218 276
218 298
219 230
219 279
219 384
219 391
220 277
220 284
221 269
222 242
222 310
222 388
223 283
223 292
223 366
224 299
224 351
224 367
225 238
225 352
225 374
225 392
226 250
226 329
226 369
226 372
227 237
227 352
227 359
228 247
228 280
228 370
229 272
229 311
229 386
230 249
230 308
230 361
231 243
231 269
232 361
232 374
233 302
233 314
233 378
234 239
234 285
234 313
235 329
237 245
237 263
237 268
237 356
237 363
238 269
238 300
238 302
239 262
239 309
239 319
239 389
239 397
240 289
240 294
240 307
240 312
240 355
240 359
240 383
240 389
241 306
241 365
241 368
243 298
243 351
243 357
244 251
244 253
244 338
244 365
244 373
244 378
245 365
246 266
246 316
246 373
247 268
247 290
247 354
248 253
248 274
248 319
248 336
248 381
249 372
250 319
250 333
252 261
252 263
252 332
252 345
252 364
253 375
254 325
254 352
255 268
255 269
255 333
256 322
256 345
256 389
257 354
257 383
258 368
258 396
260 275
260 278
260 319
260 328
261 264
261 302
261 335
261 341
261 354
262 381
263 280
263 305
263 318
264 317
267 283
267 286
267 339
267 343
268 307
268 351
268 391
269 386
270 351
270 379
271 277
271 302
272 374
273 307
274 379
275 307
276 290
276 295
276 311
276 336
276 342
277 279
277 349
277 360
277 371
277 383
278 333
278 341
279 371
280 284
280 347
280 355
280 388
281 288
281 384
282 379
283 298
285 370
286 346
287 294
288 331
289 307
289 328
290 371
291 298
291 320
292 360
292 378
293 399
294 303
294 399
295 336
295 387
296 311
296 350
296 363
297 372
298 324
298 354
298 362
299 375
300 318
300 330
301 343
301 372
301 394
302 321
303 341
303 372
305 315
305 333
305 394
306 323
306 392
306 393
307 396
308 324
308 367
309 361
310 398
313 325
313 330
314 351
314 392
317 318
318 392
319 338
319 350
320 327
321 351
322 375
324 331
324 344
325 366
325 378
327 346
328 349
328 380
329 341
329 382
330 345
330 371
330 380
332 373
333 365
334 338
334 365
334 386
335 361
335 370
335 383
335 392
336 387
339 368
341 357
342 386
345 380
346 360
346 377
347 367
348 350
349 377
357 364
359 376
360 392
362 364
369 384
372 376
372 393
374 382
376 379
376 398
380 395
382 383
383 388
384 392
386 396
397 398
