0 2
0 3
0 4
0 8
0 10
0 11
0 13
0 14
0 17
0 20
0 24
0 27
0 28
0 42
0 43
0 44
0 45
0 46
0 47
0 48
0 52
0 53
0 57
0 59
0 67
0 68
0 70
0 71
0 79
0 80
0 82
0 86
0 89
0 90
0 91
0 95
0 101
0 105
0 107
0 112
0 114
0 117
0 120
0 125
0 127
0 132
0 135
0 137
1 2
1 5
1 8
1 11
1 17
1 18
1 21
1 22
1 23
1 25
1 28
1 29
1 31
1 32
1 38
1 39
1 46
1 50
1 51
1 54
1 55
1 60
1 66
1 68
1 70
1 73
1 81
1 82
1 87
1 91
1 93
1 94
1 97
1 98
1 100
1 107
1 109
1 112
1 115
1 119
1 120
1 121
1 126
1 132
1 134
1 137
1 138
1 139
2 4
2 7
2 9
2 13
2 15
2 16
2 19
2 23
2 24
2 30
2 31
2 37
2 38
2 39
2 44
2 50
2 57
2 59
2 62
2 67
2 68
2 69
2 73
2 79
2 81
2 83
2 84
2 92
2 94
2 101
2 111
2 112
2 120
2 121
2 127
2 131
2 132
2 139
3 4
3 5
3 6
3 9
3 12
3 15
3 17
3 20
3 22
3 25
3 26
3 43
3 44
3 49
3 50
3 51
3 52
3 55
3 56
3 59
3 63
3 71
3 80
3 81
3 83
3 87
3 89
3 91
3 94
3 96
3 98
3 100
3 106
3 107
3 108
3 117
3 118
3 119
3 120
3 123
3 126
3 129
3 132
3 133
3 139
4 7
4 11
4 21
4 29
4 35
4 38
4 40
4 44
4 46
4 47
4 52
4 53
4 55
4 63
4 64
4 74
4 75
4 76
4 77
4 78
4 81
4 82
4 87
4 88
4 89
4 90
4 91
4 92
4 94
4 98
4 105
4 106
4 111
4 113
4 114
4 118
4 122
4 133
4 134
4 136
4 137
4 138
4 139
5 8
5 9
5 24
5 25
5 29
5 30
5 36
5 37
5 40
5 41
5 48
5 49
5 54
5 58
5 65
5 79
5 84
5 89
5 92
5 93
5 96
5 100
5 105
5 108
5 115
5 121
5 122
5 126
5 133
5 136
5 138
6 14
6 25
6 39
6 40
6 46
6 52
6 54
6 56
6 60
6 61
6 64
6 66
6 68
6 69
6 70
6 74
6 80
6 82
6 85
6 89
6 92
6 96
6 100
6 117
6 118
6 120
6 121
6 127
6 133
6 135
7 12
7 20
7 21
7 22
7 26
7 27
7 32
7 36
7 38
7 45
7 47
7 51
7 56
7 62
7 63
7 69
7 71
7 72
7 74
7 76
7 77
7 80
7 82
7 84
7 85
7 86
7 87
7 89
7 90
7 92
7 94
7 95
7 102
7 105
7 111
7 117
7 118
7 120
7 121
7 129
7 135
7 137
8 10
8 14
8 16
8 18
8 19
8 26
8 36
8 38
8 39
8 50
8 53
8 54
8 58
8 62
8 64
8 66
8 73
8 74
8 75
8 78
8 82
8 84
8 86
8 90
8 93
8 95
8 96
8 97
8 99
8 101
8 107
8 109
8 110
8 117
8 118
8 124
8 126
8 133
8 135
9 12
9 13
9 14
9 18
9 30
9 31
9 34
9 35
9 39
9 41
9 55
9 56
9 57
9 62
9 63
9 67
9 69
9 75
9 76
9 78
9 85
9 105
9 106
9 109
9 110
9 111
9 113
9 117
9 120
9 122
9 126
9 130
9 132
10 15
10 21
10 22
10 26
10 29
10 31
10 33
10 36
10 39
10 40
10 42
10 45
10 50
10 51
10 54
10 57
10 58
10 59
10 64
10 65
10 67
10 71
10 74
10 76
10 77
10 80
10 83
10 85
10 94
10 95
10 103
10 106
10 112
10 115
10 116
10 117
10 118
10 123
10 125
10 130
11 15
11 20
11 27
11 31
11 34
11 40
11 43
11 44
11 58
11 59
11 64
11 65
11 68
11 71
11 76
11 81
11 90
11 91
11 92
11 94
11 100
11 107
11 116
11 120
11 121
11 122
11 123
11 130
11 133
11 137
11 139
12 19
12 20
12 29
12 34
12 35
12 36
12 39
12 46
12 51
12 52
12 53
12 54
12 57
12 59
12 68
12 72
12 74
12 88
12 90
12 93
12 96
12 103
12 106
12 107
12 115
12 118
12 123
12 132
13 14
13 18
13 20
13 22
13 23
13 25
13 32
13 33
13 34
13 39
13 48
13 49
13 51
13 53
13 54
13 55
13 61
13 62
13 69
13 70
13 74
13 76
13 80
13 83
13 87
13 90
13 92
13 99
13 104
13 110
13 112
13 121
13 123
13 125
13 132
13 133
13 134
13 136
13 137
14 17
14 22
14 24
14 25
14 27
14 28
14 29
14 34
14 37
14 38
14 45
14 47
14 49
14 50
14 51
14 59
14 60
14 63
14 66
14 68
14 72
14 75
14 76
14 78
14 84
14 92
14 94
14 97
14 99
14 116
14 120
14 121
14 122
14 123
14 128
14 130
14 133
14 138
14 139
15 16
15 17
15 20
15 23
15 24
15 26
15 28
15 36
15 38
15 40
15 53
15 65
15 66
15 67
15 71
15 73
15 74
15 78
15 86
15 89
15 92
15 94
15 101
15 104
15 112
15 113
15 114
15 118
15 125
15 130
15 132
15 138
15 139
16 23
16 25
16 33
16 35
16 37
16 39
16 44
16 45
16 46
16 47
16 50
16 56
16 62
16 65
16 66
16 67
16 73
16 75
16 76
16 80
16 81
16 85
16 93
16 94
16 95
16 101
16 106
16 114
16 115
16 123
16 127
16 128
16 133
16 134
16 137
16 138
16 139
17 21
17 23
17 27
17 29
17 34
17 36
17 39
17 43
17 44
17 45
17 48
17 49
17 60
17 63
17 67
17 71
17 75
17 85
17 92
17 96
17 109
17 114
17 121
17 122
17 133
17 134
17 137
17 139
18 21
18 29
18 33
18 35
18 36
18 37
18 40
18 42
18 45
18 47
18 51
18 54
18 55
18 57
18 60
18 72
18 74
18 75
18 76
18 78
18 82
18 84
18 91
18 94
18 96
18 97
18 106
18 107
18 109
18 110
18 112
18 117
18 118
18 123
18 127
18 130
18 138
19 24
19 25
19 26
19 27
19 28
19 30
19 34
19 35
19 39
19 45
19 47
19 54
19 59
19 61
19 66
19 73
19 75
19 77
19 78
19 86
19 87
19 90
19 93
19 95
19 97
19 99
19 101
19 103
19 106
19 110
19 113
19 115
19 116
19 118
19 123
19 124
19 127
19 130
19 133
19 135
19 137
20 23
20 27
20 28
20 34
20 35
20 36
20 48
20 49
20 53
20 60
20 68
20 69
20 70
20 71
20 72
20 79
20 82
20 85
20 92
20 96
20 97
20 104
20 107
20 112
20 113
20 115
20 118
20 120
20 121
20 124
20 130
20 131
20 134
20 136
20 138
21 23
21 33
21 34
21 38
21 42
21 44
21 48
21 49
21 57
21 60
21 61
21 63
21 68
21 72
21 74
21 76
21 79
21 86
21 87
21 88
21 90
21 94
21 95
21 101
21 102
21 103
21 106
21 107
21 112
21 114
21 115
21 116
21 120
21 123
21 124
21 128
21 130
21 134
21 137
21 138
22 24
22 30
22 32
22 33
22 36
22 40
22 42
22 46
22 48
22 49
22 50
22 51
22 53
22 55
22 56
22 59
22 60
22 61
22 62
22 76
22 78
22 81
22 87
22 89
22 92
22 94
22 100
22 105
22 110
22 116
22 117
22 118
22 120
22 122
22 123
22 128
22 138
23 24
23 25
23 30
23 35
23 37
23 40
23 47
23 51
23 54
23 56
23 58
23 60
23 65
23 66
23 67
23 68
23 69
23 70
23 78
23 83
23 84
23 86
23 89
23 90
23 95
23 99
23 101
23 103
23 104
23 105
23 106
23 110
23 111
23 112
23 113
23 116
23 119
23 122
23 123
23 124
23 125
23 126
23 132
23 134
23 138
24 25
24 26
24 27
24 30
24 44
24 52
24 54
24 58
24 65
24 68
24 72
24 80
24 86
24 87
24 94
24 95
24 96
24 99
24 102
24 106
24 109
24 112
24 114
24 118
24 121
24 122
24 129
24 132
24 135
24 136
24 139
25 29
25 33
25 34
25 37
25 41
25 45
25 47
25 53
25 55
25 58
25 62
25 63
25 71
25 76
25 83
25 84
25 85
25 89
25 92
25 93
25 104
25 107
25 110
25 112
25 121
25 122
25 123
25 124
25 127
25 130
25 136
25 137
26 30
26 35
26 36
26 38
26 39
26 49
26 51
26 52
26 54
26 58
26 64
26 65
26 67
26 70
26 73
26 76
26 79
26 81
26 82
26 91
26 95
26 97
26 100
26 103
26 105
26 107
26 111
26 117
26 123
26 125
26 127
26 129
26 130
26 131
26 132
26 133
26 134
26 136
26 138
26 139
27 29
27 32
27 37
27 38
27 41
27 42
27 43
27 45
27 47
27 48
27 49
27 50
27 54
27 56
27 59
27 64
27 66
27 69
27 75
27 77
27 79
27 84
27 87
27 91
27 93
27 95
27 96
27 108
27 110
27 117
27 119
27 123
27 125
27 127
27 128
27 131
27 137
28 29
28 32
28 33
28 38
28 42
28 43
28 50
28 52
28 56
28 59
28 60
28 61
28 64
28 66
28 72
28 81
28 84
28 90
28 93
28 102
28 106
28 110
28 116
28 118
28 127
28 135
28 139
29 30
29 32
29 34
29 35
29 36
29 39
29 41
29 43
29 49
29 52
29 60
29 61
29 74
29 75
29 77
29 78
29 83
29 85
29 88
29 89
29 91
29 100
29 101
29 102
29 106
29 107
29 108
29 111
29 117
29 130
29 136
29 138
30 32
30 35
30 36
30 41
30 49
30 52
30 53
30 57
30 58
30 62
30 70
30 72
30 75
30 82
30 87
30 96
30 97
30 108
30 109
30 111
30 112
30 120
30 121
30 122
30 126
30 128
31 32
31 33
31 34
31 38
31 45
31 49
31 51
31 53
31 54
31 55
31 57
31 68
31 71
31 80
31 83
31 90
31 92
31 94
31 95
31 100
31 107
31 109
31 124
31 125
31 126
31 128
31 129
31 132
31 133
31 138
31 139
32 34
32 35
32 37
32 39
32 41
32 42
32 43
32 47
32 50
32 51
32 55
32 60
32 62
32 67
32 69
32 70
32 74
32 75
32 78
32 81
32 83
32 91
32 93
32 101
32 102
32 104
32 106
32 109
32 113
32 114
32 119
32 121
32 125
32 133
33 37
33 38
33 44
33 46
33 47
33 48
33 51
33 52
33 53
33 54
33 65
33 68
33 69
33 72
33 73
33 74
33 75
33 76
33 77
33 85
33 86
33 87
33 92
33 94
33 97
33 99
33 100
33 101
33 117
33 118
33 119
33 123
33 127
33 129
33 130
33 133
33 138
34 38
34 41
34 42
34 43
34 45
34 46
34 53
34 63
34 64
34 66
34 73
34 78
34 79
34 83
34 85
34 90
34 94
34 95
34 96
34 98
34 99
34 100
34 101
34 104
34 106
34 108
34 120
34 129
34 130
34 131
34 134
34 137
35 41
35 43
35 44
35 50
35 51
35 52
35 54
35 55
35 57
35 64
35 65
35 70
35 71
35 72
35 73
35 76
35 79
35 80
35 81
35 85
35 86
35 88
35 90
35 97
35 101
35 114
35 116
35 121
35 125
35 127
35 128
35 129
35 134
35 138
36 37
36 42
36 47
36 48
36 51
36 53
36 54
36 55
36 57
36 58
36 59
36 62
36 63
36 74
36 76
36 78
36 82
36 84
36 88
36 98
36 101
36 103
36 106
36 107
36 110
36 111
36 112
36 114
36 115
36 120
36 121
36 122
36 127
36 131
36 132
36 138
37 39
37 43
37 45
37 46
37 49
37 53
37 54
37 55
37 56
37 58
37 61
37 62
37 65
37 76
37 78
37 80
37 82
37 84
37 90
37 93
37 95
37 98
37 100
37 107
37 108
37 109
37 113
37 116
37 118
37 120
37 123
37 129
37 130
37 133
38 45
38 48
38 59
38 61
38 64
38 68
38 69
38 71
38 74
38 76
38 82
38 91
38 92
38 99
38 102
38 106
38 108
38 110
38 111
38 117
38 118
38 120
38 121
38 123
38 125
38 128
38 129
38 133
38 136
38 137
39 41
39 47
39 53
39 54
39 56
39 60
39 61
39 66
39 68
39 70
39 71
39 73
39 75
39 78
39 80
39 83
39 84
39 85
39 88
39 90
39 92
39 96
39 99
39 102
39 106
39 110
39 111
39 115
39 119
39 127
39 129
39 130
39 133
39 138
39 139
40 41
40 46
40 47
40 54
40 57
40 63
40 75
40 77
40 78
40 81
40 83
40 84
40 95
40 96
40 97
40 99
40 100
40 105
40 112
40 114
40 127
40 135
40 136
41 45
41 47
41 51
41 55
41 58
41 61
41 63
41 68
41 69
41 83
41 85
41 92
41 93
41 94
41 96
41 100
41 102
41 106
41 108
41 113
41 114
41 116
41 120
41 122
41 124
41 130
41 134
41 135
41 138
42 44
42 45
42 47
42 52
42 60
42 66
42 71
42 75
42 76
42 78
42 86
42 87
42 88
42 93
42 98
42 99
42 115
42 119
42 125
42 126
42 137
43 44
43 47
43 49
43 54
43 57
43 62
43 67
43 72
43 76
43 78
43 86
43 87
43 90
43 91
43 92
43 93
43 96
43 99
43 101
43 102
43 103
43 107
43 110
43 111
43 113
43 127
43 135
43 136
44 51
44 55
44 58
44 59
44 79
44 81
44 89
44 91
44 92
44 98
44 103
44 104
44 105
44 109
44 119
44 120
44 123
44 124
44 127
44 133
45 48
45 52
45 55
45 56
45 57
45 62
45 69
45 74
45 78
45 86
45 89
45 95
45 97
45 101
45 105
45 115
45 116
45 121
45 123
45 124
45 128
45 129
45 132
45 133
45 134
45 136
45 137
45 138
46 47
46 50
46 56
46 57
46 59
46 63
46 66
46 71
46 72
46 81
46 83
46 89
46 97
46 98
46 105
46 108
46 112
46 113
46 114
46 116
46 117
46 118
46 119
46 120
46 127
46 129
46 136
47 49
47 54
47 55
47 59
47 61
47 66
47 68
47 70
47 74
47 75
47 77
47 80
47 84
47 96
47 107
47 110
47 114
47 115
47 117
47 122
47 125
47 126
47 130
47 137
47 138
48 49
48 50
48 56
48 59
48 60
48 64
48 66
48 67
48 68
48 72
48 75
48 78
48 87
48 93
48 94
48 100
48 101
48 105
48 107
48 108
48 109
48 116
48 122
48 123
48 129
48 130
48 131
48 133
48 137
49 50
49 51
49 56
49 58
49 60
49 65
49 68
49 71
49 76
49 81
49 85
49 89
49 93
49 97
49 98
49 100
49 101
49 104
49 111
49 114
49 120
49 123
49 128
49 130
49 132
49 135
50 52
50 54
50 57
50 58
50 60
50 66
50 76
50 79
50 81
50 86
50 89
50 93
50 97
50 99
50 101
50 103
50 104
50 109
50 111
50 113
50 115
50 116
50 120
50 124
50 130
50 133
50 135
50 137
50 138
51 56
51 59
51 63
51 64
51 66
51 78
51 80
51 81
51 85
51 88
51 91
51 96
51 97
51 98
51 100
51 101
51 102
51 104
51 109
51 114
51 117
51 123
51 127
51 134
52 53
52 54
52 57
52 59
52 60
52 64
52 66
52 72
52 76
52 80
52 85
52 90
52 92
52 93
52 97
52 100
52 107
52 108
52 111
52 117
52 118
52 119
52 128
52 129
52 130
52 132
53 54
53 58
53 59
53 62
53 63
53 64
53 68
53 73
53 74
53 83
53 86
53 92
53 93
53 94
53 95
53 103
53 105
53 117
53 119
53 121
53 122
53 123
53 124
53 125
53 128
53 131
53 132
53 135
53 136
53 137
53 138
54 58
54 60
54 62
54 67
54 70
54 72
54 74
54 75
54 76
54 77
54 81
54 82
54 89
54 92
54 93
54 94
54 96
54 97
54 98
54 102
54 104
54 105
54 111
54 113
54 114
54 118
54 121
54 124
54 125
54 128
54 131
54 136
54 139
55 58
55 66
55 68
55 69
55 72
55 73
55 74
55 75
55 80
55 82
55 83
55 87
55 90
55 95
55 102
55 108
55 111
55 126
55 127
55 131
55 134
55 139
56 60
56 63
56 69
56 77
56 91
56 92
56 95
56 97
56 99
56 101
56 104
56 111
56 116
56 117
56 121
56 134
56 135
57 59
57 60
57 64
57 67
57 68
57 69
57 75
57 76
57 77
57 78
57 81
57 85
57 87
57 94
57 97
57 98
57 105
57 107
57 108
57 114
57 116
57 117
57 120
57 134
58 61
58 67
58 74
58 75
58 77
58 78
58 85
58 103
58 104
58 108
58 112
58 113
58 124
58 128
58 130
58 134
59 61
59 63
59 66
59 67
59 70
59 76
59 78
59 81
59 83
59 87
59 91
59 92
59 93
59 99
59 100
59 107
59 108
59 109
59 111
59 118
59 119
59 127
59 131
59 134
59 135
59 136
59 137
60 63
60 67
60 73
60 77
60 78
60 79
60 80
60 81
60 86
60 93
60 94
60 96
60 97
60 99
60 107
60 111
60 118
60 119
60 125
60 134
60 135
60 138
60 139
61 65
61 68
61 70
61 72
61 75
61 81
61 95
61 98
61 100
61 104
61 108
61 109
61 113
61 114
61 115
61 116
61 117
61 119
61 122
61 123
61 124
61 126
61 128
61 129
61 131
61 133
61 138
62 64
62 65
62 69
62 71
62 72
62 73
62 87
62 88
62 89
62 90
62 93
62 99
62 103
62 104
62 105
62 111
62 114
62 115
62 123
62 135
63 67
63 68
63 69
63 71
63 72
63 78
63 79
63 89
63 92
63 93
63 95
63 99
63 100
63 101
63 104
63 107
63 108
63 111
63 112
63 113
63 116
63 118
63 119
63 128
63 129
63 134
63 135
63 139
64 65
64 69
64 72
64 77
64 81
64 86
64 89
64 97
64 98
64 99
64 102
64 105
64 106
64 111
64 116
64 123
64 124
64 129
64 137
64 139
65 69
65 71
65 72
65 76
65 77
65 80
65 84
65 85
65 89
65 91
65 92
65 104
65 110
65 115
65 118
65 119
65 128
65 136
65 137
65 139
66 69
66 70
66 78
66 80
66 81
66 87
66 89
66 92
66 95
66 116
66 129
66 131
66 134
66 136
66 139
67 69
67 70
67 72
67 79
67 81
67 86
67 87
67 88
67 89
67 90
67 91
67 92
67 95
67 98
67 99
67 106
67 107
67 113
67 114
67 119
67 121
67 124
67 129
67 131
68 69
68 72
68 74
68 84
68 89
68 90
68 92
68 99
68 102
68 107
68 110
68 121
68 122
68 130
68 133
68 137
68 138
68 139
69 72
69 76
69 79
69 82
69 83
69 94
69 95
69 96
69 97
69 99
69 102
69 107
69 113
69 117
69 123
69 124
69 127
69 128
69 129
69 131
69 135
69 136
69 137
70 71
70 77
70 78
70 79
70 81
70 90
70 91
70 92
70 95
70 96
70 101
70 104
70 106
70 108
70 111
70 121
70 122
70 124
70 126
70 129
70 133
70 135
71 75
71 79
71 82
71 87
71 88
71 101
71 104
71 105
71 106
71 107
71 108
71 110
71 115
71 116
71 119
71 120
71 121
71 122
71 123
71 126
71 127
71 128
71 129
71 134
71 135
71 138
72 75
72 78
72 86
72 87
72 90
72 95
72 96
72 98
72 102
72 108
72 109
72 112
72 124
72 128
72 129
72 130
72 139
73 74
73 86
73 87
73 90
73 96
73 97
73 98
73 99
73 100
73 105
73 112
73 113
73 123
73 125
73 135
73 138
74 78
74 80
74 90
74 93
74 101
74 104
74 105
74 109
74 110
74 112
74 115
74 116
74 118
74 119
74 121
74 122
74 124
74 127
74 128
74 131
74 134
74 135
75 80
75 81
75 82
75 83
75 92
75 97
75 100
75 101
75 106
75 110
75 112
75 114
75 118
75 123
75 124
75 128
75 131
75 138
75 139
76 81
76 83
76 85
76 88
76 89
76 90
76 91
76 94
76 97
76 99
76 100
76 102
76 111
76 112
76 117
76 118
76 122
76 124
76 128
76 129
76 131
76 134
76 135
76 138
76 139
77 79
77 84
77 88
77 89
77 93
77 97
77 116
77 119
77 126
77 128
77 129
77 130
77 131
77 137
78 82
78 83
78 86
78 90
78 97
78 99
78 100
78 102
78 103
78 104
78 108
78 109
78 113
78 114
78 115
78 116
78 119
78 121
78 124
78 131
78 137
78 139
79 84
79 85
79 87
79 88
79 89
79 101
79 105
79 107
79 117
79 118
79 124
79 127
79 131
79 139
80 83
80 92
80 96
80 103
80 104
80 109
80 112
80 113
80 117
80 118
80 119
80 121
80 127
80 128
80 130
80 135
80 136
80 138
81 83
81 85
81 100
81 103
81 108
81 111
81 119
81 123
81 125
81 132
82 83
82 84
82 85
82 90
82 96
82 98
82 100
82 101
82 104
82 107
82 111
82 112
82 115
82 116
82 119
82 134
82 135
82 136
82 137
83 85
83 90
83 91
83 101
83 105
83 111
83 118
83 129
83 133
83 135
84 94
84 96
84 99
84 106
84 107
84 109
84 110
84 111
84 114
84 119
84 124
84 126
84 127
84 134
84 135
85 93
85 96
85 97
85 101
85 104
85 107
85 112
85 113
85 116
85 118
85 127
85 131
85 133
85 136
85 137
85 138
85 139
86 89
86 96
86 109
86 110
86 112
86 113
86 114
86 118
86 120
86 122
86 123
86 127
86 128
86 132
86 136
87 90
87 93
87 95
87 96
87 97
87 99
87 103
87 105
87 106
87 110
87 112
87 123
87 133
87 134
87 136
87 137
88 89
88 93
88 96
88 100
88 110
88 111
88 114
88 115
88 136
89 98
89 99
89 106
89 108
89 111
89 112
89 113
89 114
89 117
89 122
89 130
89 132
89 134
89 136
89 138
89 139
90 92
90 94
90 96
90 98
90 100
90 103
90 108
90 109
90 110
90 114
90 115
90 118
90 130
90 131
90 132
90 133
90 136
91 94
91 97
91 98
91 100
91 104
91 106
91 111
91 115
91 116
91 117
91 122
91 123
91 127
91 133
91 134
91 138
91 139
92 93
92 95
92 98
92 99
92 103
92 104
92 114
92 117
92 119
92 123
92 126
92 131
92 133
92 134
92 136
93 99
93 103
93 106
93 107
93 116
93 121
93 122
93 123
93 124
93 132
93 135
93 136
93 137
93 138
93 139
94 97
94 100
94 103
94 107
94 114
94 117
94 119
94 125
94 133
94 134
94 138
94 139
95 99
95 100
95 101
95 103
95 107
95 108
95 109
95 112
95 113
95 114
95 117
95 123
95 127
95 128
95 129
95 130
95 132
95 135
95 139
96 100
96 102
96 103
96 106
96 108
96 109
96 112
96 114
96 116
96 118
96 123
96 124
96 125
96 126
96 130
96 135
96 139
97 102
97 108
97 109
97 111
97 118
97 121
97 122
97 124
97 134
98 106
98 107
98 109
98 113
98 118
98 119
98 123
98 125
98 126
98 130
98 135
98 138
99 100
99 101
99 104
99 105
99 109
99 114
99 115
99 117
99 120
99 130
99 134
99 135
99 137
99 138
100 108
100 111
100 112
100 113
100 116
100 117
100 119
100 125
100 126
100 131
100 134
100 136
100 138
101 105
101 108
101 110
101 115
101 116
101 119
101 125
102 103
102 105
102 106
102 110
102 115
102 116
102 119
102 120
102 122
102 123
102 125
102 127
102 130
102 131
102 133
102 138
103 109
103 115
103 117
103 119
103 120
103 122
103 125
103 130
103 135
104 107
104 108
104 109
104 113
104 120
104 124
104 126
104 127
104 129
104 134
104 136
105 106
105 111
105 116
105 119
105 128
105 130
105 132
105 136
105 139
106 109
106 110
106 114
106 120
106 122
106 134
106 135
106 137
107 112
107 118
107 125
107 128
107 129
107 131
107 134
107 136
108 112
108 114
108 115
108 117
108 121
108 124
108 125
108 133
108 135
109 110
109 113
109 117
109 124
109 127
109 128
109 132
109 135
109 138
110 113
110 115
110 117
110 122
110 127
110 130
110 131
110 133
110 139
111 112
111 114
111 120
111 121
111 122
111 125
111 131
111 134
111 135
111 136
111 138
112 113
112 114
112 116
112 119
112 124
112 129
112 130
112 133
113 125
113 126
113 127
113 130
113 135
113 136
114 115
114 119
114 121
114 130
114 131
114 135
115 117
115 122
115 123
115 127
115 132
115 137
115 139
116 117
116 120
116 131
116 134
116 135
116 136
116 137
117 119
117 120
117 127
117 129
117 131
117 135
117 136
117 137
117 139
118 125
118 132
118 133
118 134
118 135
119 120
119 121
119 123
119 124
119 125
119 127
119 128
119 129
119 136
119 139
120 126
120 127
120 128
120 132
120 135
120 137
120 138
121 123
121 125
121 127
121 130
121 131
121 132
121 136
122 128
122 129
122 130
122 131
122 132
122 133
122 134
122 138
123 125
123 126
123 129
123 132
123 138
124 125
124 126
124 128
124 129
124 132
124 133
124 134
125 127
125 128
125 134
125 135
125 136
126 129
126 132
127 128
127 131
127 135
127 137
128 131
129 131
129 138
130 137
131 134
131 139
132 134
132 135
132 136
132 138
133 136
133 137
133 139
134 138
134 139
135 136
135 138
136 137
136 138
