0 2
0 3
0 4
0 8
0 10
0 11
0 13
0 14
0 17
0 20
0 24
0 27
0 28
0 42
0 43
0 44
0 45
0 46
0 47
0 48
0 52
0 53
0 57
0 59
0 67
0 68
0 70
0 71
0 79
1 2
1 4
1 8
1 11
1 12
1 13
1 17
1 23
1 27
1 29
1 34
1 36
1 39
1 42
1 47
1 49
1 54
1 57
1 59
1 62
1 65
1 68
1 71
1 77
1 78
2 4
2 5
2 6
2 8
2 11
2 12
2 14
2 15
2 21
2 22
2 29
2 33
2 34
2 37
2 38
2 43
2 49
2 51
2 53
2 56
2 64
2 65
2 70
2 74
2 76
2 77
3 4
3 5
3 7
3 14
3 16
3 19
3 22
3 26
3 27
3 28
3 33
3 39
3 41
3 44
3 45
3 46
3 48
3 51
3 53
3 57
3 59
3 60
3 63
3 67
3 68
3 74
3 75
4 6
4 7
4 8
4 13
4 19
4 26
4 28
4 31
4 36
4 37
4 38
4 42
4 48
4 50
4 52
4 53
4 61
4 63
4 70
5 6
5 7
5 15
5 16
5 22
5 26
5 27
5 34
5 35
5 36
5 37
5 40
5 43
5 46
5 48
5 51
5 53
5 56
5 57
5 74
5 75
6 7
6 8
6 9
6 10
6 13
6 14
6 17
6 21
6 29
6 38
6 39
6 41
6 45
6 47
6 49
6 52
6 54
6 56
6 58
6 64
6 65
6 66
6 75
6 76
6 77
6 78
7 9
7 12
7 15
7 18
7 19
7 25
7 28
7 32
7 42
7 50
7 56
7 59
7 61
7 65
7 67
7 68
7 73
7 74
7 76
8 13
8 14
8 24
8 25
8 26
8 27
8 28
8 31
8 32
8 37
8 38
8 39
8 40
8 41
8 42
8 44
8 48
8 55
8 56
8 61
8 63
8 64
8 68
8 72
9 13
9 14
9 16
9 17
9 18
9 19
9 22
9 23
9 38
9 39
9 43
9 44
9 50
9 51
9 54
9 55
9 62
9 63
9 68
9 72
9 79
10 24
10 29
10 34
10 37
10 38
10 41
10 45
10 50
10 53
10 60
10 66
10 67
10 71
10 78
11 13
11 15
11 24
11 35
11 49
11 50
11 56
11 62
11 64
11 66
11 70
11 71
11 74
11 76
11 78
11 79
12 13
12 17
12 23
12 25
12 28
12 32
12 35
12 39
12 43
12 60
12 61
12 63
12 64
12 70
12 76
12 78
13 21
13 29
13 30
13 31
13 35
13 36
13 41
13 45
13 47
13 54
13 56
13 60
13 65
13 71
13 72
13 78
14 15
14 16
14 18
14 20
14 21
14 24
14 26
14 28
14 29
14 30
14 31
14 33
14 34
14 36
14 38
14 39
14 46
14 49
14 55
14 61
14 62
14 64
14 65
14 73
14 79
15 17
15 21
15 25
15 27
15 29
15 30
15 37
15 47
15 49
15 50
15 61
15 64
15 65
15 69
15 73
15 75
15 77
16 21
16 22
16 23
16 26
16 30
16 32
16 34
16 38
16 41
16 43
16 44
16 45
16 47
16 49
16 55
16 57
16 58
16 65
16 66
16 72
16 74
17 19
17 21
17 28
17 29
17 30
17 34
17 46
17 47
17 50
17 51
17 55
17 57
17 71
17 72
17 73
17 78
17 79
18 22
18 24
18 30
18 31
18 33
18 40
18 60
18 61
18 64
18 65
18 66
18 68
18 72
18 75
18 77
19 21
19 25
19 27
19 39
19 45
19 46
19 50
19 53
19 55
19 57
19 60
19 63
19 64
19 66
19 69
19 74
19 75
19 78
20 22
20 23
20 24
20 29
20 30
20 32
20 36
20 39
20 41
20 42
20 45
20 48
20 50
20 59
20 60
20 68
20 71
20 77
21 22
21 23
21 24
21 25
21 30
21 32
21 37
21 50
21 55
21 62
21 66
21 69
21 75
21 78
21 79
22 36
22 37
22 42
22 43
22 46
22 49
22 54
22 59
22 68
22 69
22 70
22 72
22 78
23 29
23 38
23 42
23 43
23 44
23 45
23 52
23 55
23 59
23 61
23 68
23 69
23 78
24 28
24 29
24 30
24 33
24 40
24 45
24 46
24 47
24 48
24 51
24 53
24 62
24 66
24 68
25 28
25 30
25 33
25 36
25 43
25 46
25 47
25 55
25 58
25 63
25 72
26 27
26 31
26 33
26 35
26 36
26 38
26 45
26 46
26 47
26 52
26 61
26 62
26 64
26 66
26 67
26 68
26 74
26 75
27 30
27 31
27 35
27 37
27 41
27 44
27 48
27 51
27 53
27 60
27 65
27 71
27 73
28 31
28 33
28 35
28 42
28 43
28 44
28 46
28 47
28 52
28 57
28 59
28 60
28 62
28 63
28 64
28 69
28 72
28 73
29 30
29 32
29 34
29 35
29 36
29 44
29 45
29 48
29 51
29 53
29 57
29 60
29 61
29 63
29 69
29 77
29 79
30 33
30 35
30 52
30 56
30 57
30 58
30 59
30 64
30 66
30 69
30 74
30 75
30 76
30 77
31 32
31 35
31 36
31 38
31 40
31 48
31 50
31 52
31 65
31 77
31 78
31 79
32 36
32 38
32 39
32 43
32 51
32 54
32 57
32 59
32 66
32 69
32 77
32 78
32 79
33 37
33 44
33 49
33 51
33 57
33 58
33 65
33 67
33 75
33 77
33 79
34 36
34 41
34 42
34 43
34 44
34 47
34 53
34 59
34 62
34 63
34 64
34 70
34 72
34 73
34 77
34 78
35 38
35 46
35 47
35 48
35 54
35 59
35 67
35 68
35 76
36 37
36 38
36 43
36 44
36 47
36 48
36 49
36 53
36 55
36 59
36 61
36 66
36 68
36 71
36 75
36 76
36 77
37 38
37 39
37 50
37 53
37 57
37 61
37 65
37 75
38 41
38 45
38 58
38 63
38 70
38 71
39 42
39 43
39 46
39 48
39 51
39 59
39 63
39 65
39 66
39 67
39 70
39 72
39 75
39 77
40 42
40 45
40 46
40 48
40 51
40 63
40 65
40 66
40 67
40 69
40 73
40 75
41 44
41 47
41 49
41 50
41 59
41 60
41 62
41 63
41 65
41 70
41 71
41 76
42 43
42 46
42 54
42 60
42 61
42 62
42 63
42 64
42 66
42 70
42 71
42 75
43 45
43 47
43 54
43 59
43 61
43 66
43 73
43 75
43 77
43 78
44 51
44 52
44 55
44 58
44 60
44 62
44 64
44 66
44 68
44 71
44 75
44 78
45 46
45 47
45 49
45 54
45 55
45 58
45 61
45 64
45 66
45 68
45 73
45 77
45 78
46 51
46 52
46 53
46 65
46 66
46 70
46 77
47 53
47 54
47 55
47 56
47 57
47 64
47 67
47 70
47 77
48 50
48 51
48 58
48 61
48 66
48 67
48 69
48 72
48 74
48 75
48 78
49 54
49 55
49 58
49 60
49 62
49 65
49 75
49 76
50 51
50 55
50 57
50 61
50 62
50 70
50 73
50 74
50 76
51 53
51 57
51 59
51 61
51 64
51 71
51 72
51 73
51 75
51 79
52 53
52 59
52 60
52 61
52 64
52 65
52 70
52 72
52 73
52 74
52 78
53 55
53 56
53 60
53 62
53 66
53 69
53 70
53 73
53 79
54 56
54 57
54 60
54 64
54 66
54 70
54 72
54 73
54 74
54 75
54 77
54 79
55 56
55 59
55 60
55 61
55 62
55 76
55 78
56 58
56 64
56 66
56 69
56 71
56 77
57 60
57 65
57 71
57 72
57 73
57 75
57 77
57 78
58 62
58 72
58 74
58 75
59 60
59 65
59 67
59 70
59 77
60 62
60 65
60 67
60 69
60 71
60 76
60 77
60 78
60 79
61 62
61 63
61 71
61 76
61 77
61 79
62 65
62 66
62 71
62 75
62 77
62 79
63 64
63 65
63 66
63 70
63 71
63 72
63 73
63 76
63 79
64 67
64 68
64 69
64 70
64 71
64 77
64 79
65 69
65 71
65 72
65 73
65 76
66 77
67 73
67 75
67 79
68 75
68 78
69 72
70 71
70 77
70 78
71 77
71 78
71 79
72 75
72 78
73 76
73 79
74 77
74 79
75 79
76 79
77 78
