0 2
0 8
0 10
0 13
0 20
0 27
0 28
0 42
0 45
0 68
0 89
1 2
1 7
1 13
1 37
1 39
1 44
1 47
1 49
1 73
1 78
1 89
2 9
2 23
2 33
2 50
2 56
2 78
2 82
3 9
3 27
3 30
3 37
3 38
3 64
3 82
4 23
4 30
4 49
4 61
4 70
4 74
4 82
5 6
5 31
5 40
5 52
5 64
5 72
5 75
5 79
5 88
5 89
6 16
6 31
6 37
6 71
6 77
6 86
6 88
7 14
7 43
7 57
7 62
7 64
7 89
8 9
8 28
8 40
8 41
8 45
8 53
8 62
9 20
9 62
9 71
10 17
10 18
10 24
10 30
10 39
10 48
10 74
11 17
11 44
11 54
11 59
11 68
11 79
11 83
11 88
12 24
12 29
12 37
12 44
12 45
12 50
12 60
12 66
12 72
12 73
12 75
12 84
13 20
13 26
13 28
13 29
13 60
13 68
13 74
13 83
13 84
14 25
14 28
14 34
14 42
14 44
14 45
14 53
14 59
15 22
15 26
15 30
15 32
15 47
15 66
15 67
16 29
16 35
16 86
16 87
17 20
17 32
17 33
17 42
17 49
17 58
17 60
17 70
17 78
17 87
18 20
18 22
18 47
18 52
18 59
18 66
18 75
18 76
19 38
19 43
19 56
19 62
19 69
19 82
20 39
20 40
20 55
20 56
20 73
20 88
21 26
21 42
21 58
21 84
22 31
22 34
22 43
23 32
23 37
23 49
23 66
24 27
24 39
24 42
24 68
24 71
24 73
24 83
24 89
25 33
25 35
25 38
25 40
25 62
25 63
25 79
25 82
25 85
26 28
26 42
26 73
26 88
27 44
27 78
27 79
27 88
28 35
28 37
28 41
28 47
28 64
28 67
28 68
28 75
28 77
28 82
28 83
28 87
29 35
29 48
29 56
29 65
29 69
29 76
29 85
29 87
30 34
30 44
30 48
31 43
31 56
31 61
31 68
31 80
32 56
32 65
32 85
33 49
33 51
33 61
33 62
33 78
34 48
34 59
34 79
34 86
35 39
35 52
35 53
35 59
35 79
35 84
36 37
36 50
36 59
36 68
36 81
37 48
37 49
37 51
37 52
37 59
37 72
37 76
37 77
38 47
38 50
38 53
38 65
38 81
38 89
39 45
39 58
39 65
39 73
39 76
39 83
39 84
39 87
40 50
40 68
40 71
40 78
40 86
41 49
41 50
41 57
41 63
41 70
41 76
42 51
42 62
42 75
42 86
43 44
43 52
43 87
44 55
44 62
44 65
44 79
44 84
45 46
45 50
45 64
45 74
45 77
45 83
46 50
46 53
46 67
47 49
47 75
47 80
47 87
48 52
48 75
48 88
49 69
49 72
49 76
50 60
50 82
51 59
51 67
51 80
51 86
52 64
52 71
52 77
52 80
53 80
53 84
53 88
54 81
54 86
55 58
55 67
55 69
55 74
55 76
55 84
56 64
56 74
56 82
57 63
57 72
57 78
57 82
58 67
58 68
58 77
59 64
59 89
61 87
62 72
63 65
64 71
64 82
64 86
65 73
66 69
66 77
66 78
67 72
67 73
67 82
68 69
68 74
69 76
70 81
70 82
71 82
72 86
72 87
72 88
73 74
75 80
75 82
75 88
77 89
79 83
79 84
79 88
80 81
80 87
81 83
84 89
85 88
