0 2
0 8
0 10
0 13
0 20
0 27
0 28
0 42
0 45
0 68
0 89
0 90
0 95
0 101
0 125
0 127
0 132
0 135
0 137
0 161
0 166
1 9
1 16
1 30
1 40
1 57
1 63
1 85
1 89
1 102
1 120
1 123
1 130
1 131
1 157
2 8
2 34
2 41
2 60
2 72
2 81
2 85
2 93
2 101
2 126
2 135
2 147
2 159
2 167
3 4
3 8
3 17
3 18
3 28
3 43
3 49
3 83
3 89
3 98
3 100
3 108
3 137
3 151
3 156
3 158
4 18
4 19
4 38
4 50
4 51
4 55
4 63
4 72
4 110
4 152
4 161
5 22
5 23
5 29
5 35
5 44
5 53
5 79
5 100
5 127
5 137
5 142
5 151
5 162
5 166
6 8
6 21
6 26
6 34
6 41
6 42
6 47
6 57
6 63
6 69
6 70
6 72
6 81
6 93
6 99
6 101
6 102
6 133
6 141
6 147
6 156
6 157
7 11
7 14
7 20
7 28
7 30
7 31
7 39
7 45
7 82
7 86
7 90
7 92
7 107
7 126
7 127
7 162
7 168
8 58
8 59
8 64
8 76
8 77
8 86
8 93
8 102
8 104
8 114
8 122
8 131
8 135
8 137
8 162
8 167
9 14
9 21
9 30
9 31
9 63
9 68
9 81
9 87
9 94
9 107
9 133
9 134
9 149
9 150
9 167
10 23
10 29
10 45
10 61
10 87
10 101
10 104
10 113
10 168
11 15
11 27
11 44
11 70
11 82
11 85
11 111
11 114
11 116
11 126
11 132
11 140
11 142
11 145
11 147
11 169
12 13
12 29
12 32
12 35
12 41
12 55
12 86
12 101
12 119
12 153
12 154
12 163
13 15
13 17
13 21
13 27
13 44
13 47
13 48
13 55
13 57
13 62
13 63
13 67
13 75
13 88
13 96
13 105
13 109
13 116
13 125
13 127
13 133
13 143
13 147
14 45
14 58
14 63
14 70
14 82
14 115
14 124
14 144
14 164
14 166
15 22
15 23
15 39
15 64
15 75
15 95
15 102
15 109
15 122
15 123
15 129
15 149
15 154
15 160
16 20
16 29
16 38
16 51
16 70
16 71
16 73
16 74
16 81
16 94
16 98
16 99
16 120
16 123
16 126
16 138
16 154
16 162
16 168
17 29
17 36
17 44
17 47
17 54
17 55
17 58
17 70
17 88
17 91
17 98
17 106
17 117
17 118
17 125
17 131
17 138
17 144
17 166
18 26
18 39
18 50
18 54
18 62
18 97
18 110
18 117
18 120
18 134
18 139
18 145
18 149
18 163
19 23
19 26
19 32
19 42
19 45
19 59
19 83
19 109
19 114
19 121
19 127
19 150
19 163
20 35
20 38
20 42
20 65
20 87
20 102
20 110
20 123
20 129
20 144
20 151
20 157
20 160
21 48
21 52
21 56
21 84
21 89
21 95
21 104
21 106
21 111
21 113
21 121
21 134
21 144
21 152
21 165
22 27
22 33
22 37
22 53
22 54
22 63
22 80
22 105
22 160
23 26
23 45
23 76
23 87
23 91
23 102
23 121
23 129
23 130
23 146
23 147
23 156
23 164
23 169
24 46
24 70
24 71
24 89
24 110
24 111
24 112
24 114
24 149
24 151
24 157
25 39
25 54
25 55
25 59
25 61
25 67
25 71
25 95
25 98
25 111
25 121
25 134
26 29
26 30
26 34
26 36
26 37
26 52
26 57
26 59
26 68
26 69
26 83
26 100
26 102
26 110
26 113
26 116
26 141
26 154
26 166
27 45
27 66
27 76
27 100
27 115
27 120
27 123
27 126
27 129
27 140
27 166
28 30
28 34
28 38
28 66
28 67
28 86
28 88
28 100
28 110
28 126
28 127
28 132
28 134
28 139
28 167
29 32
29 36
29 52
29 58
29 67
29 72
29 74
29 82
29 83
29 87
29 136
29 144
29 151
29 166
29 167
30 38
30 42
30 47
30 57
30 59
30 61
30 73
30 77
30 83
30 90
30 97
30 102
30 106
30 116
30 119
30 124
30 126
30 132
30 138
30 146
30 163
30 169
31 94
31 96
31 102
31 111
31 124
31 132
31 140
32 58
32 64
32 71
32 74
32 80
32 92
32 96
32 130
32 131
32 141
32 148
32 153
33 45
33 56
33 69
33 87
33 91
33 93
33 108
33 118
33 126
33 161
34 56
34 66
34 73
34 78
34 94
34 95
34 102
34 125
34 126
34 131
34 164
34 166
35 36
35 40
35 51
35 56
35 59
35 64
35 71
35 84
35 111
35 117
35 126
35 140
35 141
35 147
35 148
36 42
36 46
36 62
36 83
36 94
36 97
36 102
36 109
36 117
36 124
36 125
36 127
36 137
36 142
36 146
37 46
37 47
37 51
37 53
37 55
37 68
37 75
37 79
37 94
37 101
37 117
37 136
37 150
37 166
37 168
38 40
38 48
38 54
38 60
38 70
38 73
38 80
38 83
38 93
38 110
38 124
38 127
38 146
38 167
39 50
39 56
39 69
39 92
39 93
39 99
39 103
39 119
39 131
39 136
39 139
39 150
39 156
39 157
40 42
40 55
40 70
40 79
40 82
40 101
40 113
40 121
40 124
40 127
40 131
40 134
40 143
40 153
40 155
40 162
41 55
41 67
41 77
41 84
41 110
41 111
41 112
41 119
41 120
41 132
41 139
41 163
41 164
41 168
42 44
42 53
42 56
42 85
42 90
42 92
42 94
42 110
42 134
42 150
42 160
42 162
42 169
43 83
43 105
43 115
43 133
43 134
43 142
44 52
44 84
44 93
44 94
44 103
44 121
44 141
44 144
44 150
44 158
45 47
45 51
45 59
45 65
45 75
45 78
45 79
45 86
45 113
45 132
45 133
45 134
45 137
45 142
45 149
45 166
46 60
46 62
46 75
46 86
46 87
46 107
46 115
46 148
46 149
46 155
46 156
46 164
47 60
47 70
47 82
47 98
47 100
47 103
47 107
47 112
47 124
47 140
47 147
47 152
47 160
47 164
48 69
48 72
48 73
48 107
48 116
48 161
48 169
49 58
49 60
49 67
49 71
49 77
49 78
49 93
49 108
49 119
49 124
49 134
49 157
49 160
50 52
50 53
50 64
50 69
50 73
50 95
50 97
50 114
50 128
50 130
50 132
50 136
50 141
50 151
50 160
50 161
50 162
50 165
51 53
51 58
51 63
51 76
51 87
51 99
51 102
51 124
51 126
51 139
51 140
51 146
51 147
51 155
51 158
52 56
52 66
52 72
52 79
52 82
52 98
52 110
52 126
52 132
52 133
52 134
52 148
53 65
53 75
53 94
53 97
53 101
53 106
53 107
53 116
53 130
53 132
54 57
54 65
54 72
54 78
54 86
54 91
54 97
54 108
54 109
54 115
54 143
54 147
55 71
55 76
55 89
55 103
55 105
55 110
55 115
55 127
55 137
55 150
55 155
55 167
56 71
56 84
56 104
56 115
56 116
56 130
56 148
56 150
56 153
56 155
57 58
57 81
57 83
57 90
57 119
57 134
57 151
57 152
57 161
57 162
58 93
58 129
58 139
58 142
58 149
58 166
59 60
59 71
59 72
59 77
59 101
59 108
59 122
59 134
59 139
59 144
59 157
59 159
59 163
60 61
60 89
60 95
60 116
60 117
60 121
60 155
61 70
61 78
61 84
61 107
61 129
61 162
61 167
61 168
62 76
62 77
62 78
62 88
62 89
62 111
62 118
62 130
62 134
62 138
62 167
62 169
63 73
63 77
63 84
63 113
63 121
63 126
63 127
63 137
63 141
63 143
63 146
63 160
64 66
64 102
64 103
64 112
64 116
64 142
64 144
64 148
64 160
64 165
65 66
65 69
65 71
65 72
65 88
65 91
65 123
65 126
65 129
65 135
65 141
65 144
65 153
65 167
66 87
66 97
66 98
66 104
66 115
66 135
66 140
66 143
66 148
66 161
66 166
67 71
67 77
67 78
67 87
67 101
67 104
67 121
67 127
67 138
67 140
68 74
68 77
68 92
68 104
68 127
68 138
68 142
68 145
69 72
69 78
69 79
69 81
69 88
69 92
69 102
69 103
69 145
69 147
69 155
69 160
69 166
70 81
70 107
70 109
70 110
70 127
70 128
70 129
70 146
71 73
71 79
71 81
71 82
71 115
71 120
71 125
71 127
71 141
71 142
71 144
71 160
71 168
72 75
72 80
72 96
72 105
72 116
72 144
72 164
72 165
72 168
73 76
73 84
73 89
73 97
73 110
73 126
73 142
73 146
73 147
73 151
73 155
73 159
74 75
74 79
74 82
74 87
74 117
74 120
74 125
74 138
74 164
74 167
75 87
75 91
75 119
75 132
75 135
75 136
75 148
75 151
75 157
75 163
76 82
76 87
76 92
76 96
76 97
76 104
76 105
76 113
76 125
76 134
76 137
76 140
76 148
76 165
77 93
77 97
77 103
77 107
77 111
77 125
77 141
77 144
77 167
78 81
78 90
78 92
78 96
78 98
78 108
78 128
78 131
78 141
78 145
78 146
78 156
79 102
79 110
79 117
79 135
79 149
79 159
80 89
80 105
80 110
80 112
80 131
80 150
80 152
80 167
80 168
81 100
81 124
81 146
81 149
81 168
81 169
82 99
82 100
82 104
82 115
82 122
82 129
82 145
82 164
83 90
83 100
83 132
83 135
83 142
83 160
84 95
84 102
84 130
84 142
84 145
84 147
84 152
84 155
85 86
85 87
85 95
85 97
85 98
85 103
85 116
85 120
85 128
85 137
85 146
85 155
86 91
86 105
86 109
86 118
86 122
86 131
86 152
87 88
87 92
87 95
87 110
87 120
87 144
87 151
87 156
88 108
88 122
88 127
88 130
88 131
88 144
88 152
88 156
89 104
89 112
89 114
89 123
89 133
89 145
89 151
89 160
90 132
90 164
90 165
91 92
91 100
91 124
91 126
91 156
92 101
92 122
92 124
92 130
92 140
92 143
92 146
92 149
92 160
93 99
93 121
94 96
94 117
94 140
94 147
94 149
94 165
95 96
95 100
95 102
95 116
95 128
95 135
95 137
95 139
95 157
96 114
96 132
96 143
96 158
97 111
97 114
97 119
97 121
97 147
97 148
97 167
98 99
98 103
98 131
98 145
98 154
99 117
99 124
99 137
99 148
99 159
100 126
100 165
100 167
100 169
101 112
101 157
102 105
102 108
102 119
102 121
102 164
103 106
103 111
103 133
103 151
103 160
104 108
104 111
104 116
104 118
104 138
104 139
105 110
105 126
105 127
105 137
105 146
105 150
105 159
105 163
105 167
106 109
106 118
107 118
107 135
107 141
107 147
107 166
108 130
109 110
109 140
109 141
109 143
110 121
110 134
110 146
110 149
110 160
110 165
110 169
111 117
111 121
111 137
111 145
111 151
111 152
111 167
111 168
112 113
112 116
112 117
112 128
112 130
112 138
112 156
112 157
112 162
112 165
112 167
113 117
113 129
113 142
113 148
113 154
113 158
114 115
114 117
114 125
114 139
114 164
114 166
114 169
115 127
115 152
115 155
115 158
116 133
116 138
116 141
116 142
116 167
117 118
117 127
117 133
117 137
117 158
117 164
118 125
118 147
118 149
118 150
118 151
118 152
118 154
118 158
118 167
119 137
119 139
119 144
119 148
119 163
120 123
120 144
121 147
121 152
121 158
121 160
121 161
121 165
122 132
122 134
122 136
122 141
122 147
122 148
122 153
122 161
122 167
123 133
123 147
123 152
123 169
124 133
124 149
124 158
124 159
124 164
125 129
125 138
125 148
125 152
126 127
126 128
126 129
126 153
127 165
128 134
128 144
128 155
129 135
129 140
129 155
130 148
130 160
131 137
131 139
131 141
131 142
131 153
131 154
131 167
132 141
132 145
132 147
132 149
132 162
132 164
133 158
133 168
134 142
134 147
134 167
135 136
135 142
135 148
135 152
135 162
135 165
136 143
136 144
136 148
136 153
137 149
137 160
137 166
138 139
138 146
138 162
138 163
138 165
138 168
139 143
139 152
139 155
140 141
140 146
140 149
140 167
141 145
141 159
141 162
141 163
142 153
143 146
143 168
144 159
144 165
145 158
146 148
146 151
146 161
146 166
147 148
147 163
149 153
149 163
149 165
150 155
150 166
151 155
151 164
151 166
151 169
152 161
153 167
154 157
154 158
155 156
155 162
156 157
156 164
158 167
159 169
165 167
