0 2
0 8
0 10
0 13
0 20
0 27
0 28
0 42
0 45
0 68
1 21
1 22
1 27
1 33
1 57
1 59
1 64
1 67
1 69
2 26
2 31
2 42
2 49
2 63
3 7
3 24
3 30
3 52
3 56
3 69
4 22
4 25
4 32
4 33
4 59
5 13
5 39
5 46
5 65
6 14
6 23
6 27
6 35
6 43
6 68
7 15
7 27
7 39
7 47
7 50
7 54
7 63
7 64
8 13
8 28
8 34
8 68
9 14
9 23
9 25
9 33
9 62
10 17
10 22
10 24
10 49
10 50
10 69
11 23
11 24
11 28
11 36
11 45
12 26
12 68
13 21
13 46
13 47
13 53
13 59
13 68
14 22
14 48
14 69
15 42
15 52
15 57
15 66
16 24
16 28
16 33
16 46
16 51
16 59
16 66
16 67
17 20
17 30
17 36
17 42
17 43
17 45
17 54
17 66
18 21
18 23
18 24
18 55
18 63
18 69
19 28
19 29
19 45
19 48
19 54
19 62
19 64
19 65
20 24
20 30
20 67
21 23
21 27
21 29
21 44
21 63
21 64
22 52
22 58
23 63
23 64
23 69
24 36
24 37
24 46
24 53
24 62
24 64
25 30
25 38
25 47
25 51
25 53
26 35
26 40
26 47
26 54
26 63
26 64
27 54
27 59
28 31
28 37
28 44
28 57
29 43
29 44
29 59
29 60
30 38
30 53
30 59
31 37
31 53
32 42
32 56
32 59
32 68
34 52
34 57
34 69
35 52
36 45
36 57
36 60
37 54
37 57
37 59
37 69
38 44
38 52
38 54
38 57
38 59
39 51
39 52
39 68
40 42
40 45
40 51
40 65
41 68
42 56
43 48
44 57
44 58
44 67
45 51
45 53
45 57
45 63
46 57
46 60
46 61
46 68
47 48
47 53
47 54
47 58
47 66
48 58
48 66
49 55
49 59
49 66
50 56
50 58
50 64
51 56
51 60
54 65
55 64
55 69
56 63
57 63
60 66
61 67
64 69
