0 2
0 3
0 4
0 8
0 10
0 11
0 13
0 14
0 17
0 20
0 24
0 27
0 28
0 42
0 43
0 44
0 45
0 46
0 47
0 48
0 52
0 53
0 57
0 59
1 9
1 10
1 12
1 13
1 21
1 22
1 24
1 28
1 31
1 32
1 33
1 37
1 43
1 47
1 49
1 54
1 56
1 59
2 5
2 10
2 12
2 17
2 20
2 22
2 25
2 28
2 31
2 34
2 40
2 41
2 44
2 45
2 46
2 48
2 51
2 52
2 54
2 55
3 5
3 6
3 13
3 17
3 18
3 21
3 22
3 27
3 33
3 35
3 37
3 40
3 48
3 49
3 54
3 58
4 5
4 6
4 9
4 10
4 12
4 19
4 21
4 24
4 27
4 31
4 32
4 33
4 38
4 44
4 46
4 49
4 50
4 51
4 53
4 56
4 58
5 8
5 10
5 11
5 14
5 18
5 19
5 25
5 26
5 32
5 33
5 34
5 39
5 45
5 52
5 54
5 57
6 9
6 10
6 11
6 15
6 21
6 23
6 25
6 26
6 34
6 36
6 43
6 53
6 54
7 10
7 11
7 17
7 21
7 22
7 29
7 30
7 31
7 32
7 35
7 38
7 41
7 43
7 46
7 48
7 51
7 52
8 18
8 19
8 24
8 25
8 26
8 27
8 30
8 31
8 34
8 38
8 46
8 55
8 56
8 58
9 12
9 14
9 16
9 19
9 21
9 23
9 25
9 31
9 32
9 33
9 42
9 43
9 44
9 45
9 48
9 51
9 54
9 57
9 58
10 15
10 18
10 22
10 32
10 40
10 46
10 49
10 51
10 55
10 57
10 58
11 15
11 16
11 18
11 26
11 27
11 37
11 38
11 39
11 40
11 41
11 44
11 45
11 50
11 51
11 52
11 53
11 54
11 55
11 57
12 14
12 21
12 22
12 27
12 29
12 30
12 34
12 38
12 49
12 50
12 52
12 53
12 54
12 55
12 58
12 59
13 28
13 29
13 33
13 34
13 40
13 41
13 44
13 45
13 52
13 53
13 58
14 17
14 24
14 38
14 43
14 48
14 51
14 52
14 55
14 59
15 20
15 23
15 30
15 36
15 37
15 41
15 48
15 51
15 53
16 19
16 30
16 44
16 45
16 51
16 57
16 59
17 19
17 23
17 24
17 27
17 29
17 31
17 32
17 33
17 37
17 43
17 45
17 48
17 52
17 55
17 59
18 22
18 39
18 40
18 42
18 43
18 49
18 55
18 57
19 26
19 34
19 35
19 36
19 40
19 41
19 46
19 50
19 52
19 59
20 22
20 26
20 31
20 37
20 38
20 44
20 46
20 47
20 49
20 51
20 52
20 55
20 57
20 59
21 22
21 23
21 24
21 26
21 27
21 29
21 31
21 32
21 39
21 42
21 48
21 54
21 55
21 57
21 58
22 29
22 35
22 37
22 41
22 45
22 47
22 49
22 50
22 57
23 31
23 33
23 34
23 45
23 48
23 49
23 53
23 57
23 59
24 26
24 33
24 34
24 35
24 38
24 42
24 44
24 46
24 50
24 53
24 55
24 56
24 57
24 59
25 27
25 33
25 35
25 36
25 43
25 44
25 50
25 52
25 59
26 28
26 35
26 36
26 37
26 41
26 53
26 54
26 57
26 58
27 30
27 32
27 46
27 47
27 48
27 53
27 54
27 58
28 29
28 35
28 36
28 38
28 45
29 35
29 36
29 39
29 40
29 41
29 43
29 47
29 50
29 52
29 56
30 31
30 33
30 45
30 51
30 52
30 56
30 59
31 33
31 35
31 38
31 41
31 42
31 44
31 47
31 52
31 53
31 56
31 59
32 33
32 34
32 39
32 40
32 42
32 46
32 49
32 51
32 52
32 55
32 58
33 34
33 43
33 44
33 52
33 55
34 36
34 39
34 40
34 41
34 42
34 47
34 49
34 54
35 43
35 48
35 55
35 59
36 39
36 45
36 48
36 49
37 41
37 42
37 47
37 48
37 51
37 54
37 59
38 43
38 52
38 53
38 54
38 56
39 42
39 49
39 58
40 43
40 44
40 45
40 46
40 53
40 56
41 42
41 44
41 51
41 52
42 44
42 49
42 50
42 51
42 54
43 45
43 50
43 51
43 52
43 53
43 56
43 58
44 52
44 56
44 58
45 58
46 47
46 50
46 53
47 48
47 51
47 52
48 49
48 52
48 57
49 56
50 55
50 59
51 53
51 55
51 56
51 58
52 58
52 59
53 54
53 59
55 59
56 57
56 59
57 59
58 59
