0 2
0 8
0 10
0 13
0 20
0 27
0 28
0 42
0 45
0 68
0 89
0 90
0 95
0 101
0 125
0 127
0 132
0 135
0 137
0 161
0 166
0 177
0 184
1 10
1 20
1 37
1 43
1 65
1 69
1 82
1 100
1 103
1 110
1 111
1 137
1 155
1 181
1 188
2 20
2 32
2 41
2 45
2 53
2 61
2 86
2 95
2 107
2 119
2 127
2 130
2 134
2 143
2 144
2 154
2 169
2 175
3 23
3 29
3 38
3 40
3 48
3 77
3 91
3 96
3 98
3 123
3 124
3 143
3 155
3 156
3 160
3 168
3 177
4 30
4 72
4 81
4 106
4 107
4 113
4 119
4 128
4 137
4 163
4 184
5 27
5 37
5 42
5 51
5 62
5 66
5 71
5 84
5 89
5 97
5 104
5 105
5 110
5 120
5 126
5 132
5 133
5 135
5 144
5 156
5 162
5 164
5 165
6 13
6 21
6 27
6 36
6 37
6 53
6 56
6 62
6 70
6 72
6 73
6 81
6 87
6 124
6 128
6 132
6 134
6 149
6 168
6 169
7 22
7 28
7 79
7 80
7 85
7 97
7 98
7 107
7 114
7 123
7 125
7 135
7 143
7 152
7 156
7 158
7 183
7 188
8 14
8 21
8 30
8 31
8 63
8 68
8 81
8 87
8 94
8 107
8 133
8 134
8 149
8 150
8 167
8 182
8 188
9 24
9 40
9 66
9 80
9 83
9 92
9 147
9 152
9 164
9 181
10 28
10 40
10 43
10 69
10 72
10 74
10 84
10 90
10 98
10 100
10 103
10 105
10 127
10 128
10 144
10 147
10 150
10 156
10 170
11 23
11 38
11 56
11 90
11 91
11 100
11 108
11 110
11 114
11 120
11 137
11 140
11 141
11 148
11 150
11 155
11 156
11 160
11 168
11 181
11 189
12 21
12 25
12 32
12 41
12 43
12 49
12 59
12 63
12 116
12 129
12 134
12 141
12 153
12 186
13 19
13 39
13 59
13 61
13 71
13 72
13 88
13 113
13 124
13 144
13 151
13 158
13 171
13 172
13 178
14 23
14 28
14 34
14 47
14 56
14 65
14 78
14 97
14 98
14 100
14 101
14 108
14 121
14 125
14 126
14 147
14 150
14 153
14 165
14 181
14 189
15 21
15 34
15 41
15 49
15 52
15 59
15 60
15 63
15 75
15 93
15 96
15 103
15 111
15 122
15 123
15 130
15 136
15 143
15 149
15 171
15 182
16 22
16 33
16 37
16 45
16 80
16 93
16 100
16 103
16 117
16 122
16 128
16 132
16 146
16 156
16 159
16 165
16 175
16 178
17 20
17 44
17 70
17 75
17 82
17 88
17 111
17 124
17 145
17 148
17 152
17 175
18 26
18 41
18 49
18 62
18 68
18 83
18 90
18 96
18 99
18 135
18 139
18 143
18 171
18 176
18 182
19 21
19 23
19 28
19 30
19 38
19 51
19 61
19 69
19 82
19 91
19 97
19 101
19 117
19 118
19 127
19 144
19 169
20 55
20 67
20 86
20 117
20 128
20 132
20 143
20 162
20 170
20 171
20 187
20 188
21 29
21 37
21 42
21 64
21 88
21 89
21 107
21 128
21 129
21 130
21 132
21 167
21 169
21 175
22 34
22 49
22 50
22 54
22 56
22 62
22 66
22 90
22 93
22 106
22 116
22 129
22 167
22 168
22 172
22 174
22 175
23 24
23 29
23 31
23 40
23 41
23 55
23 72
23 74
23 82
23 85
23 88
23 113
23 126
23 138
23 159
23 180
24 25
24 49
24 64
24 69
24 72
24 75
24 78
24 89
24 115
24 120
24 124
24 128
24 156
24 157
24 176
24 178
25 26
25 36
25 52
25 53
25 58
25 60
25 65
25 93
25 98
25 102
25 118
25 124
25 133
25 138
25 140
25 148
25 149
25 153
26 39
26 47
26 54
26 69
26 70
26 80
26 84
26 89
26 99
26 101
26 103
26 115
26 119
26 125
26 132
26 139
26 144
26 148
26 158
26 161
26 166
26 168
26 174
26 180
26 188
27 43
27 49
27 112
27 114
27 120
27 129
27 142
27 150
27 158
28 52
28 58
28 65
28 68
28 74
28 86
28 90
28 124
28 125
28 135
28 142
28 147
28 175
28 186
29 39
29 57
29 61
29 63
29 78
29 88
29 96
29 131
29 161
29 171
29 178
29 183
30 40
30 41
30 48
30 71
30 72
30 77
30 110
30 112
30 116
30 120
30 131
30 136
30 139
30 144
30 151
30 164
31 33
31 39
31 48
31 62
31 63
31 69
31 70
31 97
31 101
31 117
31 138
31 149
31 152
31 157
31 164
31 172
31 179
31 180
31 182
32 35
32 40
32 44
32 76
32 77
32 81
32 83
32 85
32 98
32 105
32 109
32 124
32 131
32 147
32 166
32 180
33 40
33 42
33 45
33 53
33 59
33 65
33 75
33 78
33 85
33 88
33 98
33 115
33 129
33 132
33 151
33 172
33 185
34 36
34 49
34 72
34 73
34 79
34 83
34 99
34 111
34 116
34 119
34 130
34 136
34 137
34 151
34 164
34 179
34 188
35 37
35 56
35 68
35 76
35 79
35 82
35 86
35 89
35 98
35 108
35 110
35 117
35 138
35 150
35 160
35 167
36 40
36 41
36 42
36 49
36 50
36 62
36 69
36 93
36 94
36 98
36 101
36 110
36 113
36 142
36 147
36 149
36 151
36 167
37 39
37 55
37 65
37 67
37 74
37 114
37 136
37 146
37 164
37 165
37 173
38 57
38 89
38 98
38 99
38 108
38 126
38 146
38 149
38 155
38 163
38 176
38 180
38 188
39 44
39 54
39 57
39 58
39 65
39 92
39 111
39 112
39 113
39 116
39 121
39 128
39 145
39 162
39 164
39 177
39 188
39 189
40 60
40 68
40 101
40 102
40 108
40 109
40 117
40 135
40 145
40 157
40 173
40 175
40 178
40 182
40 187
41 51
41 67
41 74
41 79
41 87
41 91
41 117
41 120
41 121
41 155
41 164
42 62
42 70
42 79
42 81
42 88
42 92
42 98
42 99
42 114
42 129
42 140
42 145
42 155
42 178
42 181
43 46
43 47
43 58
43 63
43 67
43 89
43 91
43 108
43 122
43 124
43 126
43 130
43 135
43 145
43 154
43 155
43 156
43 159
43 165
43 170
43 175
43 188
44 54
44 66
44 69
44 91
44 93
44 106
44 107
44 113
44 114
44 122
44 125
44 140
44 150
44 156
44 163
44 166
44 182
45 50
45 66
45 72
45 73
45 74
45 88
45 121
45 131
45 150
45 153
45 157
45 162
45 163
45 172
45 186
45 188
46 85
46 93
46 100
46 106
46 114
46 119
46 125
46 136
46 137
46 143
46 171
46 175
47 71
47 76
47 89
47 103
47 105
47 110
47 115
47 127
47 137
47 150
47 155
47 167
47 184
48 56
48 76
48 87
48 88
48 102
48 120
48 122
48 125
48 127
48 142
48 165
48 167
48 174
49 63
49 78
49 95
49 96
49 105
49 106
49 148
49 184
50 55
50 58
50 65
50 82
50 86
50 97
50 98
50 103
50 127
50 134
50 148
50 160
50 165
50 170
50 183
50 185
50 189
51 58
51 86
51 92
51 113
51 114
51 118
51 152
51 175
51 183
51 189
52 75
52 97
52 130
52 135
52 136
52 151
52 152
52 153
52 163
52 164
52 186
53 57
53 69
53 73
53 77
53 106
53 108
53 118
53 122
53 129
53 158
53 166
53 171
53 172
53 182
53 186
53 188
54 56
54 70
54 81
54 117
54 118
54 127
54 131
54 157
54 159
54 163
54 175
54 180
54 185
54 188
55 56
55 57
55 73
55 76
55 108
55 111
55 114
55 120
55 126
55 129
55 138
55 152
55 175
55 185
55 186
56 59
56 70
56 90
56 95
56 98
56 103
56 116
56 121
56 128
56 134
56 135
56 144
56 158
56 161
56 178
56 184
57 63
57 65
57 100
57 103
57 118
57 130
57 153
57 164
57 168
57 171
58 67
58 73
58 74
58 76
58 83
58 87
58 97
58 98
58 140
58 142
58 150
58 155
58 161
58 175
59 71
59 73
59 74
59 91
59 92
59 93
59 110
59 135
59 141
59 143
59 144
59 177
59 182
59 187
59 189
60 74
60 75
60 77
60 93
60 101
60 105
60 110
60 126
60 135
60 146
60 174
61 66
61 67
61 70
61 74
61 82
61 87
61 95
61 108
61 124
61 140
61 144
61 145
61 149
61 153
61 157
61 168
61 172
61 175
61 180
62 83
62 86
62 91
62 104
62 130
62 133
62 147
62 151
62 179
63 66
63 69
63 70
63 82
63 85
63 91
63 97
63 109
63 114
63 119
63 123
63 124
63 131
63 132
63 140
63 152
63 161
63 164
63 167
63 175
64 67
64 87
64 91
64 97
64 101
64 105
64 119
64 135
64 138
64 161
64 166
64 175
64 177
64 181
64 183
65 69
65 89
65 92
65 102
65 106
65 107
65 117
65 153
65 161
65 168
65 186
66 77
66 87
66 106
66 122
66 127
66 129
66 148
66 167
66 169
66 184
66 185
67 83
67 107
67 129
67 132
67 151
67 152
67 169
67 170
67 174
67 185
68 71
68 78
68 94
68 113
68 125
68 135
68 167
68 170
68 177
69 75
69 95
69 102
69 130
69 142
69 145
69 147
69 152
69 155
69 170
69 171
69 179
69 181
69 182
69 187
70 81
70 85
70 93
70 102
70 111
70 120
70 139
70 153
70 157
70 166
70 170
70 179
71 82
71 100
71 104
71 107
71 122
71 132
71 156
71 163
71 168
72 84
72 98
72 103
72 106
72 107
72 120
72 128
72 132
72 160
72 168
72 170
72 179
72 189
73 85
73 91
73 100
73 151
73 183
73 184
73 189
74 82
74 106
74 108
74 138
74 160
74 181
74 183
74 189
75 85
75 88
75 91
75 94
75 105
75 120
75 142
76 79
76 100
76 123
76 130
76 132
76 148
76 153
76 157
76 159
76 173
76 185
77 80
77 82
77 84
77 102
77 132
77 150
77 161
77 176
78 90
78 93
78 98
78 100
78 126
78 127
78 146
78 149
78 153
78 181
79 85
79 94
79 127
79 134
79 147
79 158
79 169
80 96
80 135
80 137
80 139
80 150
81 87
81 102
81 105
81 116
81 118
81 161
81 169
81 174
82 89
82 107
82 116
82 129
82 132
82 137
82 139
82 159
82 160
83 89
83 105
83 106
83 116
83 125
83 129
83 138
83 142
83 146
83 151
83 160
84 117
84 134
84 140
84 146
84 165
85 86
85 126
85 156
85 157
85 159
86 93
86 106
86 118
86 121
86 132
86 137
86 141
86 147
86 151
86 167
86 175
86 181
86 182
87 95
87 96
87 98
87 101
87 102
87 113
87 115
87 123
87 141
87 142
87 147
87 150
87 152
87 158
87 170
87 183
87 189
88 94
88 98
88 110
88 112
88 120
88 134
88 159
88 161
88 164
88 176
89 101
89 104
89 107
89 135
89 140
89 143
89 144
89 169
89 172
89 181
89 187
90 92
90 113
90 119
90 131
90 153
90 155
90 156
90 157
90 158
90 160
90 164
90 173
91 95
91 97
91 102
91 106
91 121
91 130
91 151
92 105
92 110
92 116
92 118
92 119
92 123
92 137
92 139
92 141
92 146
92 152
92 153
92 158
92 166
92 172
92 184
93 102
93 107
93 124
93 133
93 149
93 158
93 159
93 164
93 173
93 182
94 97
94 101
94 119
94 120
94 121
94 145
95 105
95 115
95 125
95 136
95 156
95 161
95 176
96 115
96 127
96 142
96 144
96 146
96 147
96 158
96 159
96 172
96 183
96 187
96 189
97 99
97 112
97 114
97 144
97 154
97 163
97 168
97 188
98 100
98 106
98 112
98 116
98 126
98 129
98 140
98 141
98 145
98 150
98 178
98 189
99 105
99 109
99 116
99 132
99 133
99 135
99 138
99 143
99 152
99 155
99 170
99 175
99 178
100 107
100 113
100 127
100 130
100 131
100 148
100 167
100 189
101 117
101 123
101 140
101 153
101 156
101 166
101 171
101 175
102 103
102 134
102 144
102 146
102 155
102 166
102 173
102 182
102 184
102 187
103 110
103 132
103 137
103 138
103 150
103 156
103 164
103 171
104 112
104 124
104 161
104 183
104 188
105 118
105 124
105 156
105 163
105 171
105 174
106 111
106 124
106 129
106 132
106 145
106 149
106 151
106 183
106 187
107 114
107 119
107 122
107 124
107 126
107 130
107 136
107 141
107 147
107 148
107 149
107 151
107 153
107 158
107 161
107 188
108 109
108 111
108 113
108 133
108 136
108 143
108 149
108 151
108 158
108 170
108 173
109 112
109 122
109 131
109 132
109 152
109 154
109 156
109 171
110 123
110 127
110 144
110 150
110 152
110 170
110 174
111 112
111 117
111 118
111 125
111 127
111 132
111 171
111 176
112 123
112 149
112 151
112 173
112 176
112 184
113 116
113 125
113 147
113 158
113 163
113 166
113 168
113 170
113 172
113 184
114 123
114 132
114 134
114 141
114 156
114 177
114 180
114 184
115 122
115 149
115 153
115 170
115 172
115 181
115 188
116 118
116 124
116 132
116 135
116 137
116 170
116 175
117 123
117 137
118 120
118 126
118 142
118 147
118 166
118 175
118 183
119 129
119 162
119 175
119 176
119 178
120 132
120 147
120 151
120 153
120 155
120 156
120 162
120 166
121 126
121 184
121 185
122 135
122 160
122 174
122 181
122 188
123 130
123 135
123 138
123 148
123 151
123 167
123 187
124 135
124 145
124 146
124 157
124 161
124 169
124 171
124 176
125 138
125 156
125 157
125 164
125 173
125 179
125 184
125 185
126 131
126 140
126 142
126 155
126 161
126 170
126 175
126 180
126 186
126 189
127 129
127 151
127 154
127 169
127 176
127 182
127 183
127 186
127 189
128 168
128 172
128 175
128 179
128 181
128 183
129 139
129 140
129 148
129 175
129 178
129 179
130 149
130 169
130 172
130 175
130 182
130 184
130 187
131 132
131 149
131 150
131 173
131 182
132 133
132 134
132 136
132 149
132 151
132 168
132 171
132 186
133 141
133 146
133 166
133 174
133 177
134 135
134 143
134 146
134 156
134 172
135 140
135 149
135 154
135 158
135 163
135 166
135 177
136 147
136 152
136 173
136 183
136 184
137 158
137 164
137 167
137 180
137 181
138 141
138 143
138 155
138 158
138 168
138 169
138 175
138 176
138 180
138 181
139 145
139 168
139 169
139 176
139 189
140 143
140 148
140 161
141 149
141 151
141 168
141 169
141 185
142 143
142 151
142 153
142 159
142 162
142 163
142 166
142 171
143 152
143 155
143 157
143 178
144 152
144 157
144 177
144 178
144 182
144 184
144 189
145 148
145 155
145 157
145 158
145 165
145 170
145 182
146 152
146 155
146 156
146 162
146 165
146 173
147 148
147 149
147 158
147 162
147 177
147 186
148 154
148 162
148 164
148 165
148 170
148 178
149 155
149 160
149 170
149 173
149 175
149 177
149 185
150 164
150 171
150 173
150 174
151 154
151 155
151 160
151 183
151 186
151 187
151 189
152 164
152 167
152 169
152 181
152 184
152 185
153 169
154 155
154 172
155 173
155 187
156 162
157 163
157 166
157 176
158 179
158 186
159 167
159 182
159 188
160 175
160 181
160 186
160 187
161 169
161 178
162 183
163 170
163 171
163 173
163 182
163 185
164 169
166 170
166 185
167 168
167 175
167 178
167 187
168 171
168 173
168 182
168 187
169 170
169 172
169 189
170 176
171 174
171 184
171 186
172 180
173 176
173 181
173 183
173 188
177 178
178 188
180 184
181 183
182 189
