0 2
0 3
0 4
0 8
0 10
0 11
0 13
0 14
0 17
0 20
0 24
0 27
0 28
0 42
0 43
0 44
0 45
0 46
0 47
0 48
0 52
0 53
0 57
0 59
0 67
0 68
0 70
0 71
0 79
0 80
0 82
0 86
0 89
0 90
0 91
0 95
0 101
0 105
0 107
0 112
0 114
0 117
0 120
0 125
0 127
0 132
0 135
0 137
0 140
0 143
0 146
0 149
0 155
0 156
0 159
0 160
0 161
0 163
0 166
0 167
0 169
0 170
0 176
0 177
1 6
1 10
1 11
1 14
1 15
1 20
1 26
1 28
1 30
1 33
1 41
1 42
1 47
1 51
1 53
1 54
1 57
1 58
1 60
1 67
1 69
1 72
1 75
1 79
1 80
1 81
1 86
1 92
1 94
1 97
1 98
1 99
1 101
1 104
1 106
1 110
1 112
1 113
1 116
1 120
1 121
1 127
1 128
1 134
1 135
1 136
1 141
1 147
1 154
1 156
1 159
1 164
1 165
1 166
1 170
1 176
1 178
2 3
2 4
2 12
2 14
2 21
2 31
2 32
2 40
2 41
2 47
2 51
2 52
2 59
2 60
2 61
2 62
2 65
2 68
2 71
2 73
2 76
2 78
2 81
2 82
2 99
2 100
2 105
2 106
2 107
2 108
2 111
2 112
2 115
2 119
2 127
2 136
2 137
2 139
2 143
2 145
2 147
2 150
2 152
2 154
2 156
2 162
2 163
2 164
2 173
2 174
2 175
2 176
2 179
3 6
3 9
3 12
3 13
3 19
3 22
3 26
3 36
3 44
3 50
3 53
3 55
3 59
3 61
3 62
3 67
3 68
3 70
3 78
3 79
3 89
3 90
3 91
3 92
3 93
3 96
3 97
3 102
3 103
3 104
3 105
3 106
3 107
3 109
3 113
3 120
3 121
3 126
3 128
3 129
3 133
3 137
3 148
3 149
3 151
3 152
3 153
3 154
3 157
3 158
3 173
3 174
3 178
3 179
4 10
4 11
4 14
4 15
4 22
4 23
4 28
4 32
4 39
4 53
4 58
4 63
4 66
4 67
4 70
4 74
4 79
4 82
4 89
4 95
4 96
4 100
4 107
4 110
4 112
4 121
4 132
4 146
4 147
4 153
4 159
4 161
4 163
4 167
4 168
4 171
4 173
4 175
4 176
4 177
5 7
5 13
5 15
5 18
5 22
5 25
5 29
5 33
5 50
5 51
5 53
5 54
5 60
5 66
5 68
5 77
5 85
5 86
5 87
5 91
5 92
5 97
5 101
5 103
5 110
5 112
5 116
5 121
5 127
5 128
5 134
5 136
5 137
5 139
5 141
5 142
5 145
5 147
5 149
5 150
5 151
5 152
5 154
5 155
5 157
5 159
5 160
5 167
5 170
5 176
6 9
6 10
6 12
6 13
6 21
6 27
6 29
6 33
6 37
6 39
6 41
6 42
6 49
6 59
6 61
6 62
6 73
6 76
6 77
6 81
6 85
6 87
6 89
6 96
6 97
6 98
6 101
6 105
6 107
6 109
6 113
6 116
6 118
6 119
6 120
6 122
6 124
6 130
6 132
6 133
6 140
6 141
6 147
6 149
6 156
6 158
6 165
6 166
6 167
6 171
7 11
7 12
7 15
7 16
7 20
7 22
7 36
7 37
7 38
7 43
7 44
7 48
7 50
7 56
7 57
7 59
7 66
7 86
7 87
7 90
7 91
7 92
7 94
7 98
7 101
7 103
7 107
7 111
7 113
7 125
7 131
7 132
7 136
7 139
7 141
7 143
7 146
7 149
7 150
7 152
7 155
7 160
7 161
7 164
7 167
7 168
7 169
7 174
7 175
7 177
8 10
8 13
8 15
8 16
8 19
8 22
8 24
8 33
8 34
8 42
8 45
8 51
8 54
8 55
8 56
8 57
8 62
8 64
8 69
8 82
8 87
8 94
8 98
8 101
8 107
8 110
8 111
8 125
8 126
8 131
8 132
8 135
8 138
8 143
8 148
8 157
8 158
8 159
8 161
8 167
8 174
9 13
9 17
9 18
9 19
9 20
9 27
9 30
9 34
9 36
9 43
9 44
9 53
9 58
9 59
9 60
9 63
9 70
9 75
9 76
9 77
9 78
9 81
9 83
9 92
9 96
9 98
9 112
9 114
9 117
9 120
9 127
9 130
9 131
9 139
9 142
9 147
9 156
9 164
9 168
9 170
9 172
9 173
9 175
10 13
10 14
10 15
10 20
10 29
10 30
10 32
10 34
10 35
10 36
10 42
10 43
10 50
10 51
10 55
10 57
10 61
10 64
10 68
10 71
10 73
10 80
10 85
10 91
10 93
10 102
10 104
10 106
10 113
10 114
10 115
10 117
10 118
10 123
10 128
10 130
10 131
10 133
10 134
10 135
10 140
10 143
10 144
10 151
10 153
10 155
10 156
10 157
10 165
10 166
10 169
10 172
10 174
10 178
11 13
11 14
11 16
11 22
11 30
11 32
11 35
11 37
11 54
11 58
11 59
11 60
11 61
11 66
11 68
11 71
11 76
11 77
11 78
11 79
11 82
11 85
11 86
11 88
11 90
11 98
11 100
11 102
11 115
11 127
11 128
11 129
11 133
11 135
11 136
11 140
11 148
11 151
11 154
11 156
11 163
11 166
11 174
11 175
11 176
12 13
12 20
12 25
12 27
12 33
12 34
12 41
12 43
12 51
12 53
12 55
12 57
12 62
12 63
12 64
12 65
12 68
12 74
12 80
12 83
12 84
12 85
12 91
12 93
12 94
12 98
12 99
12 103
12 111
12 112
12 113
12 119
12 124
12 132
12 133
12 141
12 145
12 146
12 151
12 152
12 155
12 156
12 157
12 161
12 163
12 167
12 169
12 174
12 176
12 179
13 17
13 18
13 19
13 22
13 23
13 34
13 37
13 41
13 45
13 49
13 59
13 66
13 70
13 83
13 88
13 95
13 96
13 107
13 108
13 111
13 113
13 116
13 124
13 128
13 130
13 131
13 132
13 135
13 137
13 140
13 142
13 146
13 149
13 150
13 152
13 155
13 167
13 169
13 170
13 171
13 173
13 177
13 179
14 21
14 24
14 26
14 27
14 36
14 37
14 39
14 40
14 42
14 47
14 48
14 53
14 57
14 60
14 68
14 74
14 75
14 76
14 77
14 78
14 80
14 84
14 85
14 89
14 95
14 97
14 104
14 109
14 111
14 116
14 123
14 125
14 127
14 128
14 136
14 137
14 140
14 143
14 145
14 147
14 149
14 151
14 153
14 156
14 160
14 163
14 165
14 166
14 168
14 173
14 174
14 177
15 16
15 19
15 21
15 23
15 28
15 32
15 33
15 39
15 40
15 41
15 53
15 54
15 58
15 65
15 73
15 74
15 75
15 76
15 77
15 84
15 87
15 90
15 97
15 101
15 102
15 109
15 112
15 117
15 118
15 120
15 123
15 125
15 126
15 129
15 135
15 136
15 139
15 141
15 143
15 146
15 156
15 157
15 161
15 165
15 167
15 171
15 172
16 17
16 20
16 21
16 23
16 28
16 32
16 34
16 36
16 39
16 46
16 47
16 48
16 50
16 54
16 55
16 61
16 62
16 63
16 66
16 67
16 72
16 74
16 75
16 76
16 80
16 83
16 84
16 88
16 90
16 94
16 97
16 98
16 101
16 107
16 109
16 110
16 113
16 117
16 119
16 123
16 125
16 126
16 127
16 128
16 130
16 132
16 133
16 136
16 137
16 138
16 139
16 153
16 155
16 158
16 164
16 166
16 169
16 171
16 177
17 20
17 25
17 31
17 32
17 33
17 35
17 37
17 38
17 43
17 53
17 55
17 56
17 61
17 66
17 68
17 71
17 78
17 82
17 85
17 87
17 89
17 91
17 96
17 97
17 98
17 99
17 100
17 101
17 109
17 114
17 115
17 117
17 120
17 121
17 126
17 130
17 132
17 134
17 135
17 136
17 137
17 141
17 142
17 143
17 144
17 147
17 150
17 153
17 154
17 155
17 156
17 157
17 163
17 165
17 169
17 171
17 172
17 173
17 176
18 29
18 37
18 39
18 43
18 50
18 53
18 57
18 65
18 71
18 72
18 79
18 80
18 81
18 84
18 87
18 91
18 94
18 97
18 99
18 103
18 106
18 107
18 114
18 117
18 120
18 121
18 124
18 128
18 132
18 133
18 136
18 140
18 144
18 146
18 152
18 154
18 157
18 161
18 162
18 170
18 175
19 22
19 23
19 24
19 28
19 31
19 32
19 43
19 46
19 49
19 51
19 60
19 61
19 62
19 63
19 66
19 69
19 75
19 76
19 82
19 87
19 88
19 90
19 91
19 101
19 103
19 104
19 106
19 110
19 116
19 117
19 119
19 122
19 125
19 128
19 131
19 133
19 134
19 143
19 147
19 149
19 152
19 155
19 157
19 159
19 163
19 169
19 175
19 177
19 179
20 22
20 23
20 24
20 25
20 26
20 27
20 29
20 31
20 32
20 34
20 37
20 42
20 43
20 46
20 47
20 48
20 50
20 52
20 53
20 54
20 55
20 59
20 61
20 64
20 69
20 71
20 74
20 80
20 82
20 84
20 89
20 92
20 96
20 98
20 100
20 101
20 113
20 115
20 122
20 124
20 128
20 130
20 132
20 133
20 136
20 142
20 145
20 148
20 149
20 154
20 158
20 159
20 166
20 168
20 172
20 175
20 176
20 177
21 22
21 24
21 30
21 39
21 42
21 48
21 51
21 60
21 64
21 68
21 74
21 76
21 85
21 93
21 97
21 98
21 100
21 102
21 103
21 104
21 107
21 109
21 111
21 117
21 120
21 128
21 129
21 142
21 143
21 145
21 146
21 151
21 153
21 156
21 157
21 159
21 168
21 169
21 170
21 174
21 175
21 176
21 179
22 28
22 41
22 47
22 49
22 52
22 55
22 56
22 61
22 69
22 72
22 73
22 77
22 78
22 82
22 90
22 92
22 95
22 102
22 107
22 116
22 117
22 128
22 129
22 131
22 132
22 140
22 141
22 142
22 146
22 148
22 160
22 161
22 162
22 166
22 173
22 177
22 179
23 25
23 26
23 27
23 29
23 40
23 43
23 52
23 55
23 62
23 64
23 66
23 67
23 72
23 79
23 81
23 96
23 97
23 98
23 100
23 101
23 104
23 105
23 110
23 111
23 113
23 114
23 116
23 118
23 120
23 121
23 122
23 126
23 129
23 130
23 134
23 139
23 141
23 146
23 148
23 149
23 153
23 154
23 157
23 160
23 162
23 170
23 172
24 25
24 26
24 28
24 30
24 33
24 37
24 38
24 43
24 45
24 49
24 57
24 67
24 68
24 74
24 76
24 77
24 78
24 81
24 82
24 83
24 84
24 95
24 98
24 99
24 102
24 103
24 104
24 105
24 106
24 107
24 115
24 116
24 117
24 122
24 124
24 127
24 129
24 130
24 131
24 147
24 148
24 149
24 153
24 157
24 159
24 160
24 163
24 168
24 173
24 176
24 177
24 178
25 26
25 27
25 34
25 44
25 45
25 47
25 54
25 59
25 60
25 64
25 66
25 71
25 75
25 76
25 77
25 79
25 80
25 81
25 82
25 85
25 87
25 89
25 101
25 110
25 111
25 112
25 115
25 118
25 126
25 128
25 129
25 135
25 136
25 137
25 139
25 140
25 142
25 149
25 150
25 155
25 156
25 157
25 158
25 161
25 164
25 165
25 166
25 170
25 171
25 173
25 175
26 29
26 33
26 46
26 48
26 53
26 57
26 59
26 60
26 61
26 66
26 70
26 72
26 77
26 82
26 83
26 86
26 88
26 89
26 90
26 92
26 93
26 94
26 97
26 98
26 109
26 111
26 113
26 117
26 119
26 123
26 133
26 136
26 138
26 141
26 142
26 145
26 146
26 147
26 149
26 150
26 155
26 156
26 157
26 162
26 166
26 167
26 173
26 176
27 28
27 30
27 31
27 34
27 38
27 39
27 40
27 41
27 43
27 46
27 47
27 50
27 61
27 63
27 65
27 67
27 69
27 75
27 78
27 80
27 83
27 85
27 92
27 93
27 94
27 98
27 101
27 103
27 105
27 108
27 114
27 115
27 118
27 131
27 134
27 145
27 147
27 150
27 154
27 155
27 157
27 160
27 162
27 168
27 177
27 178
28 34
28 37
28 41
28 43
28 45
28 46
28 52
28 53
28 55
28 56
28 58
28 60
28 63
28 64
28 68
28 71
28 72
28 76
28 82
28 88
28 89
28 91
28 95
28 96
28 101
28 103
28 105
28 106
28 108
28 110
28 113
28 115
28 118
28 119
28 120
28 123
28 125
28 127
28 131
28 134
28 137
28 141
28 145
28 146
28 150
28 154
28 162
28 164
28 165
28 168
28 173
28 174
28 175
29 30
29 31
29 38
29 41
29 47
29 59
29 61
29 62
29 65
29 67
29 68
29 79
29 80
29 81
29 83
29 84
29 89
29 96
29 98
29 111
29 119
29 120
29 127
29 129
29 133
29 137
29 140
29 143
29 145
29 150
29 151
29 165
29 167
29 174
29 175
29 176
29 178
30 33
30 35
30 39
30 41
30 46
30 47
30 49
30 53
30 55
30 57
30 63
30 67
30 68
30 71
30 74
30 75
30 77
30 82
30 90
30 96
30 101
30 105
30 106
30 108
30 116
30 117
30 118
30 123
30 128
30 129
30 145
30 149
30 155
30 156
30 167
30 170
30 173
30 175
31 32
31 35
31 40
31 45
31 50
31 54
31 56
31 64
31 65
31 68
31 69
31 70
31 71
31 74
31 77
31 79
31 80
31 81
31 85
31 88
31 89
31 91
31 105
31 113
31 114
31 124
31 128
31 131
31 132
31 152
31 154
31 162
31 164
31 165
31 171
31 176
31 177
31 178
32 35
32 45
32 46
32 49
32 50
32 53
32 59
32 68
32 72
32 75
32 76
32 77
32 82
32 89
32 94
32 98
32 106
32 109
32 115
32 117
32 121
32 125
32 135
32 136
32 141
32 143
32 144
32 148
32 149
32 152
32 153
32 154
32 156
32 157
32 158
32 160
32 163
32 169
32 170
32 172
32 176
32 179
33 38
33 39
33 48
33 50
33 56
33 64
33 65
33 72
33 75
33 79
33 80
33 81
33 83
33 84
33 85
33 86
33 87
33 94
33 96
33 103
33 108
33 113
33 114
33 118
33 120
33 125
33 127
33 129
33 133
33 134
33 136
33 139
33 143
33 155
33 166
33 169
33 173
33 174
33 176
34 36
34 39
34 40
34 44
34 51
34 52
34 54
34 55
34 61
34 64
34 65
34 69
34 71
34 72
34 73
34 77
34 80
34 83
34 92
34 98
34 99
34 105
34 106
34 110
34 112
34 113
34 114
34 121
34 127
34 128
34 134
34 135
34 136
34 138
34 142
34 145
34 146
34 151
34 153
34 155
34 160
34 163
34 166
34 171
34 176
35 36
35 40
35 44
35 48
35 49
35 51
35 52
35 55
35 62
35 65
35 71
35 74
35 79
35 81
35 83
35 86
35 92
35 94
35 97
35 98
35 100
35 106
35 116
35 119
35 121
35 126
35 129
35 133
35 137
35 139
35 141
35 143
35 144
35 149
35 151
35 153
35 155
35 156
35 160
35 164
35 170
35 173
35 175
35 177
35 178
36 41
36 44
36 48
36 49
36 51
36 63
36 65
36 66
36 70
36 73
36 76
36 81
36 82
36 83
36 85
36 86
36 87
36 89
36 94
36 99
36 102
36 108
36 112
36 119
36 125
36 126
36 129
36 131
36 132
36 136
36 138
36 144
36 148
36 152
36 157
36 162
36 164
36 165
36 169
36 172
36 179
37 38
37 41
37 47
37 48
37 49
37 58
37 59
37 60
37 62
37 70
37 74
37 75
37 78
37 79
37 80
37 84
37 89
37 90
37 99
37 102
37 108
37 109
37 110
37 111
37 119
37 121
37 133
37 135
37 137
37 138
37 139
37 140
37 141
37 144
37 147
37 148
37 151
37 152
37 153
37 154
37 159
37 161
37 163
37 168
37 171
37 173
37 175
37 176
37 177
37 178
38 41
38 42
38 49
38 52
38 53
38 54
38 56
38 57
38 58
38 62
38 64
38 65
38 71
38 73
38 74
38 78
38 81
38 84
38 85
38 88
38 91
38 96
38 99
38 102
38 110
38 112
38 113
38 116
38 117
38 118
38 119
38 124
38 126
38 127
38 131
38 134
38 139
38 146
38 152
38 155
38 170
38 171
38 175
38 178
39 43
39 47
39 50
39 56
39 64
39 78
39 79
39 82
39 84
39 86
39 88
39 91
39 98
39 103
39 104
39 108
39 121
39 122
39 128
39 129
39 133
39 136
39 137
39 138
39 144
39 145
39 146
39 147
39 150
39 154
39 156
39 163
39 166
39 167
39 174
39 176
39 177
40 44
40 46
40 47
40 50
40 64
40 72
40 78
40 85
40 86
40 88
40 89
40 96
40 114
40 115
40 119
40 123
40 124
40 135
40 139
40 141
40 145
40 152
40 154
40 157
40 158
40 161
40 167
40 169
40 172
40 174
40 178
41 44
41 45
41 46
41 52
41 53
41 60
41 61
41 62
41 64
41 71
41 72
41 80
41 84
41 87
41 88
41 89
41 90
41 95
41 99
41 105
41 109
41 110
41 111
41 112
41 113
41 118
41 125
41 126
41 128
41 129
41 131
41 139
41 143
41 150
41 151
41 157
41 166
41 167
41 170
41 171
41 175
41 178
42 43
42 45
42 48
42 54
42 68
42 71
42 73
42 77
42 81
42 82
42 86
42 87
42 88
42 89
42 90
42 92
42 95
42 96
42 97
42 99
42 101
42 102
42 104
42 106
42 111
42 114
42 115
42 119
42 121
42 122
42 123
42 137
42 138
42 139
42 140
42 143
42 149
42 153
42 154
42 155
42 161
42 164
42 165
42 173
43 49
43 57
43 58
43 59
43 61
43 62
43 68
43 69
43 79
43 82
43 83
43 85
43 89
43 90
43 91
43 94
43 97
43 98
43 101
43 102
43 103
43 106
43 108
43 109
43 118
43 119
43 124
43 125
43 129
43 130
43 134
43 137
43 142
43 146
43 151
43 154
43 162
43 163
43 164
43 167
43 170
43 171
43 176
44 46
44 53
44 54
44 59
44 67
44 69
44 73
44 75
44 76
44 80
44 81
44 84
44 88
44 89
44 93
44 95
44 96
44 108
44 114
44 119
44 122
44 123
44 132
44 140
44 141
44 143
44 146
44 147
44 155
44 157
44 158
44 164
44 166
44 169
44 172
45 59
45 72
45 74
45 77
45 79
45 82
45 84
45 85
45 87
45 94
45 96
45 101
45 102
45 103
45 104
45 105
45 106
45 107
45 110
45 113
45 114
45 121
45 122
45 128
45 129
45 134
45 136
45 139
45 144
45 146
45 155
45 158
45 160
45 170
45 175
45 176
45 178
46 52
46 55
46 60
46 63
46 74
46 75
46 83
46 86
46 90
46 91
46 92
46 95
46 99
46 102
46 105
46 106
46 117
46 118
46 119
46 120
46 122
46 125
46 130
46 136
46 140
46 146
46 147
46 150
46 151
46 152
46 154
46 158
46 159
46 160
46 163
46 169
46 170
46 171
46 173
47 50
47 51
47 52
47 55
47 56
47 61
47 64
47 66
47 68
47 71
47 81
47 82
47 84
47 86
47 89
47 93
47 95
47 103
47 107
47 110
47 115
47 116
47 129
47 132
47 133
47 134
47 135
47 136
47 138
47 143
47 144
47 147
47 148
47 149
47 150
47 151
47 154
47 155
47 156
47 157
47 162
47 163
47 166
47 170
47 173
48 50
48 51
48 54
48 59
48 60
48 62
48 66
48 72
48 73
48 76
48 88
48 92
48 93
48 94
48 103
48 104
48 116
48 117
48 120
48 126
48 127
48 128
48 129
48 130
48 135
48 142
48 143
48 153
48 155
48 165
48 168
48 173
48 175
49 55
49 58
49 66
49 69
49 70
49 74
49 75
49 77
49 80
49 81
49 83
49 84
49 86
49 87
49 89
49 92
49 93
49 96
49 99
49 100
49 109
49 110
49 111
49 112
49 121
49 126
49 129
49 130
49 135
49 139
49 141
49 143
49 147
49 152
49 153
49 157
49 160
49 167
49 168
49 173
49 175
49 177
50 51
50 52
50 53
50 54
50 57
50 60
50 62
50 63
50 65
50 74
50 75
50 80
50 81
50 85
50 87
50 91
50 92
50 94
50 97
50 98
50 101
50 102
50 104
50 109
50 113
50 114
50 118
50 122
50 141
50 144
50 151
50 153
50 154
50 155
50 156
50 162
50 168
50 169
50 172
50 176
51 55
51 57
51 58
51 60
51 61
51 62
51 66
51 67
51 71
51 72
51 73
51 74
51 77
51 79
51 82
51 89
51 95
51 97
51 102
51 103
51 105
51 106
51 107
51 119
51 123
51 125
51 135
51 136
51 142
51 145
51 149
51 157
51 160
51 169
51 173
52 53
52 54
52 59
52 62
52 63
52 67
52 68
52 69
52 71
52 77
52 78
52 80
52 85
52 86
52 88
52 91
52 93
52 108
52 111
52 116
52 119
52 127
52 131
52 133
52 140
52 148
52 149
52 150
52 155
52 161
52 163
52 165
52 166
52 169
52 172
52 176
52 177
53 54
53 55
53 58
53 73
53 74
53 75
53 76
53 80
53 85
53 86
53 96
53 100
53 106
53 113
53 124
53 128
53 130
53 144
53 146
53 149
53 156
53 157
53 159
53 160
53 161
53 164
53 169
53 174
53 176
53 177
54 59
54 60
54 72
54 75
54 76
54 80
54 83
54 86
54 91
54 92
54 95
54 97
54 106
54 110
54 112
54 115
54 116
54 117
54 118
54 121
54 128
54 141
54 142
54 144
54 145
54 146
54 150
54 152
54 154
54 155
54 159
54 160
54 164
54 168
54 174
54 177
54 179
55 56
55 57
55 59
55 63
55 65
55 66
55 70
55 72
55 83
55 93
55 94
55 96
55 97
55 100
55 104
55 107
55 111
55 121
55 122
55 125
55 126
55 147
55 159
55 160
55 167
55 169
55 172
55 173
55 174
55 175
55 178
56 60
56 68
56 70
56 72
56 74
56 76
56 77
56 79
56 81
56 83
56 85
56 87
56 90
56 95
56 96
56 97
56 101
56 102
56 105
56 117
56 118
56 119
56 120
56 123
56 129
56 132
56 133
56 135
56 139
56 141
56 146
56 150
56 151
56 152
56 157
56 158
56 162
56 168
56 169
56 173
56 174
56 175
56 177
57 58
57 59
57 63
57 64
57 74
57 77
57 79
57 83
57 86
57 91
57 93
57 94
57 96
57 105
57 109
57 112
57 113
57 122
57 127
57 128
57 129
57 130
57 138
57 141
57 142
57 143
57 144
57 145
57 148
57 151
57 154
57 158
57 165
57 168
57 170
57 176
58 63
58 64
58 68
58 69
58 73
58 74
58 75
58 77
58 81
58 82
58 83
58 86
58 87
58 88
58 91
58 97
58 101
58 102
58 103
58 104
58 106
58 109
58 113
58 117
58 119
58 120
58 123
58 125
58 126
58 129
58 131
58 133
58 135
58 140
58 141
58 142
58 143
58 147
58 152
58 156
58 161
58 167
58 168
58 170
58 177
59 60
59 61
59 63
59 73
59 86
59 87
59 89
59 93
59 98
59 99
59 103
59 105
59 106
59 110
59 115
59 118
59 120
59 121
59 124
59 125
59 129
59 134
59 135
59 137
59 140
59 150
59 154
59 155
59 157
59 158
59 167
59 170
59 171
59 172
59 175
59 176
59 178
60 65
60 66
60 71
60 74
60 76
60 78
60 83
60 86
60 88
60 93
60 94
60 97
60 103
60 118
60 120
60 121
60 125
60 130
60 131
60 134
60 135
60 137
60 138
60 140
60 142
60 145
60 146
60 148
60 153
60 160
60 166
60 168
60 170
60 171
60 173
60 176
61 63
61 68
61 75
61 76
61 77
61 81
61 88
61 92
61 94
61 95
61 97
61 102
61 104
61 108
61 113
61 118
61 121
61 130
61 132
61 134
61 138
61 141
61 144
61 145
61 149
61 155
61 157
61 169
61 170
61 172
61 179
62 68
62 75
62 78
62 79
62 81
62 84
62 86
62 93
62 95
62 96
62 98
62 102
62 105
62 106
62 114
62 116
62 121
62 124
62 128
62 135
62 138
62 139
62 143
62 146
62 149
62 153
62 155
62 157
62 162
62 167
62 170
62 171
62 173
62 179
63 64
63 66
63 72
63 73
63 74
63 77
63 83
63 86
63 87
63 88
63 90
63 92
63 93
63 95
63 98
63 103
63 108
63 109
63 112
63 130
63 131
63 132
63 135
63 140
63 141
63 145
63 149
63 151
63 160
63 161
63 165
63 171
63 176
63 177
64 66
64 71
64 76
64 78
64 79
64 82
64 93
64 96
64 97
64 98
64 99
64 103
64 104
64 111
64 113
64 115
64 119
64 120
64 121
64 123
64 130
64 137
64 138
64 139
64 140
64 145
64 146
64 148
64 149
64 150
64 152
64 153
64 154
64 161
64 164
64 170
64 171
64 172
64 176
64 179
65 67
65 68
65 71
65 73
65 75
65 78
65 79
65 80
65 84
65 93
65 94
65 95
65 96
65 97
65 98
65 99
65 103
65 106
65 107
65 110
65 113
65 119
65 121
65 122
65 124
65 125
65 128
65 129
65 130
65 137
65 138
65 144
65 145
65 146
65 152
65 155
65 163
65 166
65 170
65 172
65 177
66 74
66 81
66 89
66 94
66 99
66 101
66 102
66 103
66 105
66 109
66 110
66 112
66 116
66 117
66 118
66 120
66 122
66 123
66 130
66 131
66 139
66 140
66 143
66 150
66 159
66 166
66 168
66 171
66 175
66 179
67 68
67 72
67 73
67 76
67 80
67 81
67 82
67 85
67 91
67 94
67 95
67 97
67 98
67 99
67 103
67 104
67 116
67 119
67 123
67 130
67 133
67 136
67 141
67 146
67 154
67 161
67 174
68 69
68 71
68 72
68 73
68 80
68 82
68 86
68 88
68 90
68 100
68 101
68 103
68 104
68 105
68 108
68 112
68 118
68 119
68 130
68 131
68 134
68 135
68 137
68 138
68 139
68 142
68 145
68 147
68 150
68 156
68 158
68 161
68 162
68 164
68 167
68 173
68 174
68 179
69 74
69 77
69 78
69 79
69 86
69 87
69 95
69 100
69 105
69 107
69 108
69 110
69 116
69 119
69 120
69 121
69 122
69 125
69 126
69 129
69 130
69 131
69 137
69 141
69 144
69 147
69 151
69 152
69 153
69 155
69 157
69 160
69 165
69 167
69 168
69 171
69 172
69 177
69 178
69 179
70 72
70 76
70 90
70 91
70 101
70 105
70 106
70 109
70 110
70 120
70 123
70 124
70 131
70 132
70 134
70 137
70 138
70 140
70 142
70 144
70 146
70 147
70 148
70 152
70 154
70 156
70 157
70 164
70 167
70 174
71 75
71 76
71 79
71 87
71 89
71 93
71 94
71 96
71 104
71 108
71 110
71 111
71 112
71 117
71 118
71 131
71 136
71 137
71 138
71 140
71 148
71 149
71 150
71 154
71 155
71 159
71 167
71 173
72 73
72 75
72 76
72 80
72 90
72 91
72 100
72 101
72 105
72 109
72 110
72 111
72 112
72 115
72 121
72 122
72 125
72 130
72 132
72 133
72 139
72 140
72 145
72 149
72 151
72 156
72 170
72 172
72 173
72 177
72 178
73 75
73 76
73 81
73 82
73 84
73 85
73 87
73 93
73 95
73 96
73 102
73 103
73 106
73 110
73 113
73 121
73 122
73 126
73 128
73 134
73 141
73 142
73 148
73 151
73 159
73 160
73 163
73 167
73 170
73 171
73 173
73 176
73 178
74 75
74 76
74 77
74 80
74 82
74 83
74 84
74 88
74 91
74 94
74 99
74 100
74 101
74 102
74 105
74 106
74 112
74 113
74 118
74 119
74 122
74 129
74 130
74 133
74 134
74 139
74 141
74 144
74 148
74 160
74 161
74 165
74 167
74 170
74 172
74 178
75 76
75 83
75 85
75 89
75 95
75 98
75 100
75 101
75 104
75 108
75 110
75 113
75 116
75 123
75 126
75 127
75 129
75 130
75 131
75 138
75 143
75 146
75 148
75 149
75 153
75 159
76 78
76 83
76 88
76 90
76 93
76 95
76 97
76 100
76 101
76 103
76 105
76 118
76 119
76 121
76 124
76 127
76 129
76 130
76 133
76 135
76 148
76 152
76 154
76 155
76 157
76 160
76 161
76 168
76 169
76 171
76 176
76 178
77 78
77 82
77 84
77 85
77 87
77 88
77 90
77 91
77 93
77 94
77 96
77 104
77 108
77 113
77 118
77 120
77 122
77 123
77 125
77 126
77 131
77 135
77 139
77 143
77 144
77 151
77 165
77 171
77 174
78 81
78 82
78 83
78 86
78 87
78 88
78 89
78 90
78 104
78 105
78 107
78 114
78 118
78 128
78 129
78 130
78 135
78 138
78 141
78 145
78 147
78 150
78 160
78 175
78 179
79 83
79 84
79 85
79 90
79 92
79 95
79 97
79 102
79 104
79 105
79 106
79 110
79 113
79 119
79 121
79 127
79 131
79 133
79 138
79 139
79 140
79 144
79 152
79 157
79 159
79 161
79 162
79 166
79 167
79 169
79 170
79 178
80 85
80 88
80 89
80 95
80 98
80 101
80 103
80 107
80 111
80 113
80 116
80 117
80 120
80 121
80 131
80 144
80 145
80 149
80 157
80 164
80 167
80 175
80 178
81 84
81 86
81 88
81 94
81 98
81 101
81 102
81 107
81 109
81 111
81 115
81 118
81 127
81 128
81 129
81 132
81 133
81 138
81 139
81 141
81 144
81 145
81 146
81 153
81 154
81 155
81 158
81 160
81 164
81 167
81 168
81 171
81 172
81 175
82 84
82 86
82 92
82 94
82 96
82 100
82 101
82 113
82 114
82 117
82 119
82 125
82 127
82 128
82 132
82 135
82 138
82 139
82 141
82 144
82 145
82 153
82 154
82 155
82 156
82 158
82 163
82 166
82 170
82 174
82 178
83 84
83 85
83 95
83 96
83 103
83 106
83 110
83 114
83 115
83 120
83 126
83 131
83 146
83 148
83 150
83 156
83 157
83 160
83 161
83 167
83 172
83 175
83 177
84 85
84 86
84 91
84 92
84 93
84 94
84 95
84 96
84 99
84 101
84 102
84 104
84 112
84 118
84 120
84 121
84 125
84 129
84 131
84 145
84 152
84 157
84 164
84 166
84 168
84 169
84 171
84 172
85 88
85 90
85 91
85 92
85 100
85 101
85 104
85 106
85 108
85 119
85 122
85 123
85 126
85 128
85 133
85 137
85 138
85 140
85 151
85 156
85 159
85 160
85 162
85 163
85 166
85 172
85 173
85 178
86 87
86 88
86 93
86 98
86 101
86 105
86 106
86 108
86 110
86 115
86 121
86 129
86 130
86 131
86 133
86 134
86 135
86 138
86 139
86 140
86 149
86 154
86 157
86 158
86 159
86 160
86 161
86 163
86 172
86 175
86 176
87 89
87 97
87 101
87 102
87 104
87 106
87 111
87 117
87 119
87 120
87 124
87 129
87 133
87 134
87 139
87 143
87 146
87 151
87 153
87 154
87 160
87 162
87 167
87 171
87 173
87 175
87 177
88 89
88 93
88 94
88 96
88 100
88 101
88 104
88 108
88 112
88 119
88 120
88 132
88 134
88 135
88 140
88 141
88 143
88 147
88 161
88 179
89 91
89 93
89 98
89 102
89 104
89 107
89 109
89 122
89 124
89 129
89 131
89 139
89 148
89 149
89 153
89 158
89 162
89 164
89 167
89 170
89 174
89 175
89 177
89 178
89 179
90 91
90 107
90 114
90 117
90 119
90 134
90 139
90 142
90 145
90 147
90 157
90 165
90 169
90 173
90 179
91 94
91 95
91 98
91 99
91 106
91 108
91 113
91 115
91 121
91 124
91 126
91 129
91 131
91 136
91 138
91 139
91 148
91 149
91 151
91 152
91 158
91 160
91 172
91 176
91 178
92 100
92 109
92 112
92 116
92 117
92 118
92 127
92 136
92 138
92 140
92 145
92 149
92 153
92 154
92 155
92 157
92 159
92 162
92 163
92 171
92 172
92 173
93 94
93 97
93 101
93 111
93 113
93 116
93 119
93 124
93 126
93 127
93 133
93 136
93 137
93 139
93 142
93 145
93 147
93 150
93 151
93 159
93 162
93 163
93 164
93 165
93 166
93 170
93 171
93 174
93 176
94 96
94 99
94 100
94 101
94 106
94 107
94 110
94 115
94 125
94 128
94 130
94 135
94 137
94 141
94 155
94 156
94 157
94 158
94 167
94 168
94 169
94 175
94 176
94 178
95 97
95 102
95 105
95 108
95 112
95 121
95 122
95 124
95 128
95 129
95 130
95 138
95 139
95 142
95 146
95 154
95 157
95 160
95 161
95 166
95 174
95 175
95 178
96 103
96 106
96 109
96 111
96 112
96 117
96 118
96 122
96 126
96 128
96 132
96 136
96 149
96 152
96 156
96 159
96 160
96 162
96 166
96 167
96 171
96 177
96 178
97 98
97 100
97 101
97 103
97 105
97 106
97 107
97 111
97 114
97 115
97 118
97 119
97 120
97 121
97 122
97 123
97 128
97 129
97 132
97 137
97 144
97 146
97 147
97 152
97 155
97 157
97 163
97 164
97 173
97 175
98 104
98 107
98 108
98 113
98 116
98 118
98 119
98 121
98 123
98 128
98 133
98 135
98 137
98 140
98 141
98 145
98 147
98 151
98 152
98 153
98 159
98 162
98 164
98 173
98 174
98 178
99 100
99 104
99 106
99 109
99 114
99 118
99 119
99 121
99 122
99 127
99 128
99 137
99 140
99 142
99 146
99 147
99 148
99 149
99 152
99 155
99 160
99 161
99 162
99 165
99 166
99 168
100 101
100 102
100 106
100 108
100 109
100 110
100 111
100 114
100 125
100 129
100 131
100 132
100 135
100 137
100 138
100 139
100 140
100 141
100 147
100 153
100 155
100 157
100 162
100 163
100 167
100 170
100 171
100 175
100 176
100 177
100 178
101 105
101 106
101 110
101 118
101 122
101 125
101 126
101 140
101 141
101 142
101 143
101 144
101 145
101 146
101 147
101 151
101 157
101 159
101 160
101 161
101 162
101 167
101 173
101 174
101 179
102 103
102 105
102 107
102 110
102 113
102 114
102 121
102 122
102 125
102 129
102 137
102 138
102 153
102 159
102 160
102 161
102 171
103 111
103 124
103 128
103 133
103 134
103 137
103 138
103 139
103 141
103 145
103 147
103 148
103 149
103 150
103 152
103 153
103 161
103 166
103 168
103 170
103 175
104 106
104 107
104 112
104 118
104 120
104 124
104 126
104 127
104 138
104 143
104 144
104 145
104 147
104 148
104 150
104 152
104 157
104 158
104 162
104 166
104 167
104 174
104 178
105 106
105 109
105 110
105 117
105 118
105 124
105 125
105 127
105 130
105 131
105 132
105 134
105 135
105 137
105 140
105 142
105 146
105 149
105 154
105 155
105 158
105 162
105 166
105 167
105 168
105 172
105 179
106 112
106 114
106 117
106 118
106 119
106 121
106 143
106 148
106 149
106 150
106 151
106 162
106 167
106 169
106 176
107 108
107 111
107 114
107 116
107 119
107 121
107 125
107 126
107 132
107 134
107 135
107 141
107 142
107 145
107 147
107 149
107 153
107 156
107 159
107 161
107 164
107 167
107 170
107 173
107 176
107 179
108 110
108 112
108 114
108 115
108 116
108 117
108 118
108 123
108 124
108 125
108 133
108 149
108 152
108 153
108 154
108 157
108 159
108 169
108 170
108 171
108 175
109 114
109 116
109 118
109 119
109 122
109 124
109 126
109 129
109 130
109 131
109 136
109 140
109 142
109 144
109 145
109 147
109 148
109 152
109 154
109 155
109 159
109 161
109 162
109 163
109 164
109 165
109 169
109 170
109 171
109 172
109 173
109 176
109 178
110 129
110 132
110 138
110 139
110 142
110 148
110 149
110 150
110 158
110 162
110 163
110 176
110 178
111 112
111 114
111 115
111 116
111 118
111 123
111 124
111 126
111 130
111 134
111 141
111 142
111 144
111 147
111 150
111 154
111 156
111 158
111 159
111 161
111 163
111 168
111 175
112 121
112 124
112 129
112 132
112 136
112 139
112 140
112 146
112 147
112 150
112 155
112 157
112 159
112 160
112 167
112 169
112 170
112 173
112 174
112 176
112 179
113 118
113 119
113 120
113 127
113 130
113 135
113 136
113 139
113 144
113 145
113 147
113 150
113 153
113 160
113 164
113 168
113 169
113 170
113 171
113 173
113 174
113 176
113 177
114 118
114 124
114 126
114 127
114 128
114 129
114 130
114 132
114 133
114 139
114 147
114 153
114 155
114 166
114 170
115 124
115 134
115 140
115 141
115 143
115 144
115 146
115 153
115 163
115 165
115 167
115 168
115 169
115 174
115 176
115 179
116 117
116 119
116 124
116 125
116 126
116 131
116 135
116 136
116 141
116 143
116 147
116 149
116 150
116 154
116 162
116 166
116 173
116 176
116 177
117 119
117 121
117 128
117 129
117 131
117 140
117 144
117 145
117 151
117 156
117 158
117 161
117 162
117 164
117 167
117 169
117 171
117 172
118 120
118 121
118 124
118 125
118 127
118 128
118 137
118 139
118 142
118 146
118 147
118 148
118 151
118 156
118 160
118 161
118 166
118 167
118 169
118 174
118 176
118 179
119 121
119 122
119 124
119 130
119 131
119 133
119 139
119 140
119 141
119 142
119 144
119 146
119 147
119 152
119 153
119 159
119 160
119 161
119 162
119 171
119 173
120 122
120 124
120 129
120 130
120 131
120 132
120 133
120 137
120 140
120 141
120 145
120 148
120 155
120 156
120 158
120 159
120 164
120 166
120 168
120 169
120 178
121 126
121 127
121 128
121 131
121 151
121 153
121 155
121 158
121 162
121 164
121 165
121 166
121 173
121 176
121 177
122 124
122 126
122 127
122 135
122 137
122 139
122 144
122 149
122 151
122 152
122 153
122 155
122 156
122 157
122 160
122 170
122 172
122 173
122 174
122 177
122 178
122 179
123 127
123 141
123 143
123 151
123 152
123 155
123 158
123 159
123 168
123 169
123 172
123 173
123 176
123 178
124 125
124 126
124 129
124 132
124 135
124 136
124 140
124 146
124 147
124 148
124 150
124 152
124 157
124 158
124 160
124 173
124 174
124 175
124 177
125 126
125 129
125 131
125 133
125 135
125 137
125 139
125 140
125 141
125 149
125 150
125 151
125 152
125 159
125 162
125 163
125 169
125 174
125 175
125 176
125 177
125 178
126 128
126 131
126 133
126 135
126 143
126 144
126 145
126 146
126 149
126 150
126 155
126 156
126 162
126 165
126 168
126 175
126 177
127 129
127 132
127 133
127 136
127 137
127 147
127 153
127 155
127 157
127 159
127 161
127 165
127 169
127 170
127 171
127 172
127 179
128 131
128 132
128 135
128 152
128 153
128 156
128 157
128 159
128 160
128 163
128 167
128 168
128 170
128 173
128 175
128 178
128 179
129 131
129 132
129 135
129 137
129 144
129 149
129 153
129 157
129 169
129 171
129 172
129 174
129 175
129 176
129 179
130 133
130 135
130 136
130 140
130 141
130 142
130 147
130 157
130 159
130 166
130 172
130 175
130 176
130 179
131 136
131 137
131 142
131 160
131 162
131 167
131 169
131 177
132 133
132 139
132 141
132 143
132 149
132 150
132 153
132 163
132 165
132 166
132 174
133 134
133 136
133 142
133 145
133 153
133 157
133 161
133 165
133 167
133 174
133 177
133 178
133 179
134 138
134 141
134 143
134 145
134 147
134 149
134 151
134 155
134 157
134 158
134 159
134 162
134 163
134 166
134 173
135 138
135 140
135 143
135 145
135 147
135 148
135 152
135 158
135 162
135 163
135 165
135 174
136 138
136 140
136 142
136 143
136 146
136 147
136 159
136 166
136 167
136 170
136 176
137 141
137 144
137 145
137 148
137 159
137 162
137 165
137 167
137 169
137 172
137 176
138 141
138 142
138 145
138 151
138 154
138 157
138 159
138 160
138 162
138 164
138 173
138 174
139 141
139 150
139 154
139 157
139 159
139 162
139 168
139 173
140 143
140 157
140 159
140 161
140 164
140 165
140 169
140 172
140 173
141 142
141 147
141 149
141 152
141 156
141 160
141 162
141 167
141 170
141 173
141 179
142 147
142 148
142 150
142 155
142 158
142 162
142 163
142 165
142 171
142 179
143 146
143 148
143 152
143 155
143 160
143 163
143 165
143 167
143 168
143 173
143 174
143 179
144 151
144 152
144 166
144 167
144 174
144 177
145 146
145 148
145 150
145 156
145 157
145 159
145 160
145 163
145 164
145 175
146 148
146 149
146 153
146 155
146 159
146 163
146 164
146 165
146 166
146 168
146 170
146 172
146 173
146 174
146 175
146 176
146 179
147 148
147 151
147 175
147 177
147 179
148 150
148 159
148 171
148 173
148 174
148 177
149 150
149 158
149 160
149 163
149 164
149 169
149 174
149 175
149 176
149 177
149 178
150 154
150 161
150 162
150 165
150 171
150 173
151 154
151 159
151 162
151 167
151 168
151 175
151 176
151 178
151 179
152 156
152 157
152 163
152 168
152 170
152 171
152 174
152 176
152 178
152 179
153 154
153 155
153 156
153 157
153 163
153 166
153 167
153 169
153 170
153 171
153 179
154 157
154 167
154 169
154 170
154 171
154 175
154 177
155 156
155 157
155 158
155 166
155 170
155 173
155 176
155 177
155 179
156 157
156 164
156 165
156 169
156 174
156 175
156 177
156 179
157 162
157 163
157 164
157 165
157 169
157 174
157 176
157 177
157 178
158 167
158 173
158 174
158 176
158 178
159 160
159 165
159 166
159 170
159 173
159 174
160 162
160 163
160 168
160 169
160 171
160 173
160 174
160 175
160 179
161 164
161 166
161 168
161 174
161 175
161 176
161 177
161 178
162 164
162 169
162 173
162 179
163 172
163 175
163 176
163 177
164 167
164 172
164 173
164 174
164 176
164 178
165 168
165 177
166 170
166 173
166 174
166 175
166 176
166 178
166 179
167 168
167 170
167 179
168 171
168 175
169 170
169 171
169 172
169 173
169 175
169 178
170 174
171 174
171 175
173 177
175 179
176 177
176 179
177 178
