0 20
0 101
0 125
0 270
0 291
0 298
0 18
1 21
1 47
1 80
1 134
1 251
1 290
1 337
2 188
2 262
2 332
2 340
3 93
3 128
3 134
4 6
4 23
4 44
5 78
5 107
5 145
5 232
5 249
5 321
6 40
6 48
6 50
6 81
6 149
6 258
7 12
7 102
7 129
7 149
7 154
7 173
7 223
7 321
7 334
7 341
8 70
8 169
8 235
9 112
9 116
9 218
9 234
9 311
10 83
10 221
10 278
10 305
11 29
11 72
11 261
11 299
11 329
12 43
12 99
12 241
12 246
12 250
12 254
12 342
13 52
13 197
13 261
13 285
14 58
14 157
14 229
14 240
14 247
14 322
14 343
15 114
15 131
15 162
15 241
15 281
15 310
16 53
16 153
16 155
16 177
16 268
16 281
17 100
17 188
17 242
17 315
19 89
19 194
19 295
19 312
19 314
19 339
20 145
20 169
21 77
21 82
21 115
21 118
21 141
21 205
21 258
21 294
21 321
22 133
22 166
22 231
22 288
22 325
23 107
23 159
23 201
23 232
23 267
23 272
23 310
24 65
24 144
24 233
24 295
24 323
25 96
25 214
25 304
26 54
26 116
26 155
26 208
26 261
27 33
27 101
27 121
27 138
27 140
27 193
27 205
27 289
28 46
28 108
28 159
28 249
28 279
28 338
28 346
29 92
29 120
29 124
29 165
30 47
30 146
30 296
31 67
31 109
31 124
31 236
31 296
32 33
32 128
32 131
32 173
32 198
32 275
32 323
33 75
33 203
33 323
34 100
34 174
34 324
35 47
35 115
35 174
35 280
35 313
35 344
36 206
36 286
36 334
37 137
37 142
38 46
38 113
38 173
38 174
38 192
38 209
38 244
38 283
38 315
39 86
39 176
39 239
39 242
39 244
39 288
40 75
40 142
40 168
40 224
40 230
41 52
41 83
41 223
41 246
41 276
41 286
42 56
42 141
42 149
42 243
42 262
43 52
43 110
43 214
43 259
43 337
43 343
44 108
44 227
44 273
44 318
45 138
45 159
45 346
46 90
46 262
46 273
46 297
47 58
47 132
47 252
47 277
47 296
47 300
48 175
48 232
49 79
49 123
49 168
49 228
49 299
50 166
50 228
50 241
50 337
51 67
51 131
51 134
51 147
51 194
51 213
51 257
51 260
51 333
52 81
52 207
52 249
52 255
52 258
52 312
52 346
53 95
53 180
53 183
53 277
54 237
54 337
55 83
55 88
55 155
55 259
56 107
56 138
56 245
57 60
57 70
57 131
57 132
57 139
57 217
57 262
57 330
58 146
58 241
58 339
59 115
59 188
59 216
59 241
59 314
60 93
60 132
60 145
60 246
60 253
60 255
60 267
60 331
61 157
61 244
61 279
61 329
61 342
62 84
62 93
62 131
62 151
62 240
62 263
62 309
63 119
63 167
63 174
63 196
63 227
64 153
64 172
64 186
64 260
64 272
64 318
65 117
65 167
65 187
65 207
65 256
65 278
65 303
66 78
66 203
66 215
66 244
66 279
66 297
66 300
67 110
67 160
67 167
67 214
67 234
67 247
67 255
67 306
67 317
68 91
68 108
68 132
68 223
68 280
68 310
69 85
69 102
69 158
70 233
70 318
70 340
70 341
71 87
71 101
71 111
71 182
71 299
71 336
72 116
72 172
72 176
72 278
72 289
72 342
73 126
73 148
73 182
73 189
73 251
73 263
73 275
74 168
74 207
74 239
74 247
74 301
74 338
75 139
75 228
75 247
75 314
75 346
76 83
76 123
76 181
76 194
76 253
76 279
76 349
77 105
77 123
77 133
77 222
77 334
77 344
77 346
78 144
79 170
79 210
79 244
79 312
80 103
80 121
80 226
80 346
81 124
81 136
81 170
81 193
81 277
81 348
82 119
82 183
82 339
83 90
84 279
84 291
84 300
84 337
85 91
85 279
86 90
86 123
86 166
86 251
86 323
87 212
87 272
87 276
88 175
88 227
88 269
88 273
88 306
89 95
89 227
89 330
90 151
90 221
90 253
90 261
90 310
91 115
91 174
91 227
91 228
91 304
91 312
92 132
92 298
92 307
92 340
93 112
93 119
93 184
93 246
93 256
93 276
94 209
94 286
95 206
95 276
95 336
96 100
96 233
96 312
96 313
96 342
97 151
97 299
98 112
98 141
98 194
98 215
98 248
98 274
99 133
99 171
99 175
99 216
99 217
99 331
100 124
100 208
100 226
101 185
101 192
101 218
101 309
102 134
102 145
102 207
102 245
103 107
103 130
103 174
103 197
104 165
104 218
104 240
104 287
104 347
105 166
105 250
105 259
105 326
105 337
106 160
106 163
107 154
107 164
107 213
107 293
108 116
108 127
108 236
108 238
108 343
109 145
109 259
109 333
110 181
110 275
111 156
111 157
111 195
111 251
111 282
111 287
111 291
112 157
112 201
112 204
112 304
113 239
113 302
113 315
114 171
114 209
114 277
114 304
114 347
115 223
115 235
115 256
115 257
115 307
115 345
116 120
116 163
116 253
116 318
117 163
117 310
117 325
118 307
119 289
119 343
119 346
120 153
120 268
120 283
120 308
120 327
121 129
121 136
121 211
121 230
121 269
121 329
122 207
122 218
122 310
122 321
123 130
123 259
123 275
124 244
124 310
125 177
125 214
125 218
125 291
125 317
125 318
125 329
126 218
127 246
127 248
127 295
127 346
128 164
128 264
128 295
128 313
128 314
129 142
129 144
129 158
129 222
129 316
130 165
130 204
130 226
130 235
130 326
131 207
131 233
131 241
131 300
131 315
131 327
132 218
132 280
132 345
133 214
133 224
133 316
133 333
133 347
134 230
134 256
135 173
135 239
136 137
136 306
137 155
138 203
139 146
139 178
139 238
139 304
139 342
140 141
140 166
140 276
140 291
140 292
140 349
141 173
141 258
141 333
141 348
142 218
142 286
143 268
143 278
143 329
144 167
144 211
144 216
145 181
145 191
145 226
145 252
145 270
145 291
146 158
146 232
146 258
146 321
146 349
147 276
147 283
147 317
148 245
148 259
148 280
148 283
148 300
149 170
149 234
149 269
149 272
149 318
150 182
150 258
150 273
150 290
150 294
150 300
150 324
150 328
151 332
151 347
152 222
152 242
153 321
154 159
154 160
154 251
154 261
154 299
154 337
156 161
156 203
156 211
156 250
156 252
156 266
157 220
157 233
157 277
158 180
158 295
158 349
159 196
159 201
159 203
159 209
159 311
160 234
160 262
161 172
161 216
161 251
161 348
161 349
162 203
162 225
162 272
162 323
162 341
163 244
164 177
164 273
164 300
166 196
166 285
166 333
167 211
167 219
167 231
167 280
167 314
168 210
168 246
169 291
170 254
170 344
171 260
171 270
171 285
172 187
172 278
172 322
173 281
174 258
174 268
174 307
175 268
175 280
176 178
176 217
176 219
176 242
176 318
176 336
177 205
177 258
178 219
179 315
180 226
180 259
180 294
180 300
180 310
180 316
180 319
180 341
181 227
181 244
181 245
181 261
182 200
182 214
182 337
183 197
183 315
184 238
184 248
184 273
184 279
184 344
185 274
185 291
187 188
187 192
187 203
187 247
187 265
187 280
188 257
188 313
188 335
188 343
189 223
189 284
189 308
190 224
190 233
191 295
191 296
191 339
191 341
192 245
193 293
193 300
193 323
194 287
194 326
194 343
195 279
195 291
195 294
195 332
195 344
196 296
196 328
196 329
197 232
197 293
198 206
198 214
199 217
199 234
199 239
199 344
200 210
201 287
202 208
202 284
203 244
203 281
203 300
203 302
203 321
204 207
204 238
204 239
204 241
204 325
205 231
205 327
206 212
206 258
206 304
206 339
207 265
207 342
208 308
209 318
209 326
209 343
210 227
211 277
211 339
212 304
212 331
212 348
213 274
214 219
214 266
215 260
215 300
216 269
216 289
216 324
217 218
217 244
217 296
218 293
218 297
219 268
219 271
220 239
220 328
220 336
221 277
221 329
222 299
222 347
223 234
223 296
224 301
224 314
224 321
225 314
225 345
226 281
226 307
228 320
228 330
229 310
229 316
230 279
233 276
233 285
234 249
235 327
236 256
236 286
236 336
237 273
237 290
238 334
240 319
240 320
240 332
241 243
241 325
242 274
243 245
243 250
244 295
244 345
245 301
245 340
246 263
247 317
248 255
248 296
249 271
251 282
251 285
251 316
251 349
252 278
252 312
253 290
253 316
253 345
254 292
254 334
255 258
255 278
255 316
258 271
258 272
259 325
260 261
261 278
261 315
261 327
263 285
264 340
264 345
266 302
266 317
266 330
267 289
268 290
268 345
269 313
270 320
271 292
271 317
272 304
273 278
273 326
277 305
279 348
280 297
280 330
280 331
281 302
282 297
282 328
283 311
283 328
289 331
289 338
293 310
293 347
294 300
294 338
295 345
299 315
299 332
299 349
302 322
303 342
305 319
307 343
308 334
314 347
315 332
316 319
316 347
319 339
328 336
329 332
330 335
336 343
343 344
