0 2
0 8
0 10
0 13
0 20
0 27
0 28
0 42
0 45
0 68
0 89
0 90
0 95
0 101
1 17
1 19
1 24
1 27
1 29
1 53
1 58
1 69
1 76
1 90
1 100
2 10
2 16
2 38
2 42
2 55
2 73
2 76
2 83
2 84
3 4
3 22
3 48
3 55
3 74
3 86
3 95
3 99
3 107
4 10
4 35
4 44
4 56
4 68
4 76
4 79
4 83
4 92
4 93
4 103
5 14
5 20
5 54
5 60
5 69
5 71
5 79
5 108
6 19
6 24
6 26
6 51
6 52
6 71
6 83
6 84
6 88
6 96
6 105
7 41
7 83
7 92
8 16
8 17
8 23
8 29
8 38
8 47
8 73
8 94
9 21
9 31
9 36
9 45
9 56
9 60
9 65
9 78
9 83
9 91
9 98
9 99
9 104
10 15
10 21
10 27
10 28
10 30
10 39
10 51
10 57
10 59
10 60
10 91
10 99
10 105
11 16
11 17
11 33
11 36
11 42
11 50
11 52
11 53
11 61
11 67
11 104
11 108
12 15
12 17
12 32
12 51
12 52
12 87
12 93
13 48
13 49
13 54
13 66
13 67
13 76
13 83
13 92
13 94
13 104
14 17
14 26
14 30
14 32
14 57
14 62
14 69
14 76
14 85
14 86
15 24
15 29
15 42
15 48
15 55
15 68
15 94
15 95
16 17
16 18
16 35
16 50
16 56
16 72
16 88
17 22
17 36
17 39
17 48
17 103
17 108
18 29
18 46
18 72
18 84
18 87
19 23
19 26
19 28
19 38
19 44
19 52
19 54
19 57
19 59
19 81
19 82
19 98
19 101
19 104
20 21
20 35
20 66
20 81
20 99
21 45
21 46
21 55
21 63
21 65
21 69
21 75
21 92
21 95
21 96
21 103
21 105
22 23
22 24
22 28
22 36
22 49
22 57
22 66
22 70
22 77
22 86
22 88
22 94
22 104
22 108
23 75
23 88
23 93
23 100
24 27
24 60
24 69
24 89
24 109
25 27
25 37
25 38
25 54
25 79
25 90
26 27
26 34
26 41
26 54
26 55
26 61
26 81
26 86
26 92
26 105
27 32
27 41
27 54
27 73
27 74
27 76
27 77
27 84
27 97
27 101
27 102
28 42
28 45
28 48
28 60
28 76
28 84
28 90
28 103
29 30
29 38
29 41
29 48
29 49
29 52
29 64
29 82
29 85
29 92
29 100
30 32
30 33
30 40
30 46
30 53
30 59
30 81
30 92
30 105
31 38
31 42
31 50
31 85
31 98
31 105
31 108
32 45
32 50
32 56
32 60
32 74
32 84
32 87
32 93
32 103
32 106
33 44
33 68
33 94
33 99
33 106
34 37
34 60
34 73
34 94
34 97
34 101
35 50
35 72
35 87
35 95
35 108
36 41
36 56
36 63
36 69
36 72
36 108
37 40
37 44
37 72
37 77
37 83
37 92
37 94
37 99
37 101
37 109
38 51
38 61
38 69
38 82
38 91
38 97
38 101
39 47
39 48
39 57
39 74
39 99
40 85
40 97
41 48
41 79
41 90
41 94
41 105
42 57
42 65
42 66
42 82
42 83
42 92
42 100
42 105
43 61
43 85
43 86
43 104
44 60
44 61
44 62
44 64
44 99
44 101
44 107
45 69
45 84
45 85
45 89
45 91
45 97
45 101
46 62
46 65
46 78
46 88
46 101
47 77
47 78
47 82
47 84
47 85
47 100
47 105
47 107
48 55
48 56
48 70
48 87
48 89
48 97
48 100
48 103
49 68
49 81
49 93
50 55
50 76
50 86
51 52
51 67
51 72
51 75
51 78
51 81
51 92
52 61
52 66
52 70
52 74
52 102
52 103
53 66
53 68
53 80
53 90
53 106
53 107
54 57
54 59
54 64
54 92
54 97
54 101
55 63
55 69
55 78
55 83
55 85
55 93
55 94
55 98
56 94
56 102
56 109
57 72
57 73
57 83
57 87
57 92
57 102
57 104
57 106
58 67
58 71
58 77
58 84
58 91
58 96
58 100
59 60
59 63
59 68
59 70
59 76
59 82
59 90
59 107
60 64
61 79
61 81
61 87
61 96
61 109
62 70
62 78
63 87
63 93
63 100
63 103
63 109
64 76
64 80
65 70
65 71
65 81
65 88
65 93
66 78
66 89
66 102
67 78
67 82
67 84
67 99
67 109
68 76
69 71
69 101
70 72
70 79
70 84
70 100
70 101
70 108
71 93
71 94
71 99
72 95
72 97
72 101
72 105
73 80
73 85
73 88
73 93
73 100
74 78
74 105
75 77
75 86
75 100
75 101
75 107
75 108
76 102
76 106
77 90
78 80
78 91
78 94
78 99
78 106
79 84
79 91
79 92
79 94
79 104
79 109
80 84
81 88
81 89
81 93
81 95
81 97
82 83
82 90
82 94
82 109
83 90
83 106
84 100
85 90
85 106
85 108
86 88
86 96
86 102
86 108
87 96
87 99
87 106
87 109
88 98
89 95
89 109
90 93
91 94
92 98
93 95
93 101
94 99
95 108
95 109
96 102
96 106
98 99
99 101
99 106
99 109
101 103
101 109
102 103
104 106
108 109
