0 2
0 3
0 4
0 8
0 10
0 11
0 13
0 14
0 17
0 20
0 24
0 27
0 28
0 42
0 43
0 44
0 45
0 46
0 47
0 48
0 52
0 53
0 57
0 59
0 67
0 68
0 70
0 71
0 79
0 80
0 82
0 86
0 89
0 90
0 91
0 95
0 101
0 105
0 107
0 112
0 114
0 117
0 120
0 125
0 127
0 132
0 135
0 137
0 140
0 143
0 146
0 149
0 155
0 156
0 159
1 2
1 3
1 5
1 8
1 9
1 11
1 12
1 18
1 19
1 26
1 30
1 31
1 34
1 35
1 40
1 46
1 48
1 50
1 53
1 61
1 62
1 67
1 71
1 73
1 74
1 77
1 78
1 80
1 87
1 89
1 92
1 95
1 99
1 100
1 101
1 106
1 112
1 114
1 117
1 118
1 119
1 121
1 124
1 126
1 130
1 132
1 133
1 136
1 140
1 141
1 147
1 148
1 154
1 155
1 156
2 4
2 10
2 17
2 19
2 22
2 27
2 28
2 29
2 33
2 39
2 41
2 43
2 44
2 52
2 54
2 61
2 71
2 72
2 80
2 81
2 87
2 91
2 92
2 99
2 100
2 101
2 102
2 105
2 108
2 111
2 113
2 116
2 118
2 121
2 122
2 139
2 140
2 145
2 146
2 147
2 148
2 151
2 152
2 155
2 159
3 11
3 20
3 21
3 23
3 27
3 29
3 31
3 34
3 36
3 38
3 40
3 46
3 47
3 48
3 57
3 58
3 59
3 60
3 63
3 66
3 69
3 72
3 73
3 79
3 82
3 86
3 96
3 104
3 110
3 113
3 115
3 119
3 121
3 122
3 127
3 128
3 130
3 138
3 139
3 149
3 150
3 151
3 152
3 153
3 156
3 157
4 7
4 8
4 9
4 10
4 11
4 12
4 14
4 18
4 25
4 26
4 31
4 33
4 34
4 38
4 42
4 53
4 54
4 56
4 57
4 58
4 59
4 62
4 63
4 78
4 79
4 83
4 84
4 90
4 91
4 94
4 95
4 102
4 103
4 108
4 112
4 119
4 133
4 138
4 143
4 146
4 147
4 150
4 154
4 159
5 8
5 15
5 21
5 22
5 26
5 33
5 36
5 38
5 47
5 58
5 72
5 73
5 79
5 85
5 87
5 89
5 93
5 94
5 97
5 99
5 101
5 102
5 103
5 107
5 113
5 115
5 118
5 122
5 125
5 129
5 133
5 150
5 151
5 153
5 154
6 7
6 13
6 15
6 24
6 32
6 33
6 34
6 38
6 39
6 44
6 48
6 50
6 57
6 59
6 63
6 68
6 74
6 75
6 81
6 83
6 84
6 86
6 88
6 89
6 92
6 94
6 96
6 97
6 98
6 99
6 101
6 102
6 104
6 106
6 107
6 114
6 117
6 123
6 129
6 130
6 132
6 133
6 141
6 147
6 149
6 153
6 157
6 159
7 9
7 10
7 17
7 27
7 29
7 30
7 41
7 44
7 45
7 49
7 53
7 55
7 57
7 64
7 65
7 66
7 69
7 73
7 75
7 77
7 81
7 84
7 86
7 87
7 88
7 90
7 92
7 98
7 100
7 101
7 108
7 109
7 115
7 117
7 124
7 126
7 133
7 134
7 135
7 139
7 151
7 152
7 155
7 156
8 9
8 11
8 25
8 26
8 27
8 32
8 33
8 37
8 39
8 45
8 46
8 48
8 55
8 75
8 76
8 79
8 80
8 81
8 83
8 87
8 90
8 92
8 96
8 100
8 102
8 114
8 120
8 121
8 125
8 128
8 130
8 132
8 135
8 138
8 139
8 141
8 144
8 149
8 150
8 153
8 156
8 157
8 158
9 13
9 14
9 16
9 20
9 23
9 25
9 26
9 29
9 32
9 34
9 43
9 44
9 52
9 55
9 61
9 64
9 65
9 66
9 67
9 72
9 74
9 79
9 92
9 97
9 104
9 108
9 111
9 117
9 120
9 121
9 135
9 136
9 141
9 142
9 145
9 148
9 153
9 158
10 18
10 19
10 20
10 22
10 28
10 35
10 44
10 48
10 49
10 50
10 51
10 58
10 61
10 65
10 67
10 74
10 75
10 84
10 89
10 90
10 91
10 94
10 101
10 106
10 107
10 108
10 109
10 112
10 114
10 123
10 127
10 129
10 143
10 145
10 148
10 151
10 158
11 13
11 14
11 22
11 25
11 30
11 39
11 47
11 51
11 53
11 55
11 56
11 58
11 65
11 66
11 67
11 72
11 81
11 82
11 84
11 86
11 87
11 88
11 94
11 95
11 102
11 103
11 107
11 109
11 113
11 116
11 120
11 123
11 125
11 132
11 137
11 143
11 145
11 154
11 156
11 158
12 18
12 19
12 20
12 22
12 23
12 28
12 33
12 35
12 36
12 38
12 39
12 40
12 45
12 48
12 49
12 56
12 58
12 60
12 61
12 62
12 70
12 71
12 74
12 77
12 79
12 83
12 86
12 87
12 89
12 95
12 103
12 105
12 108
12 110
12 127
12 131
12 132
12 133
12 134
12 139
12 141
12 144
12 149
12 150
12 151
12 152
12 155
12 158
12 159
13 15
13 17
13 25
13 27
13 29
13 42
13 54
13 55
13 56
13 60
13 62
13 63
13 67
13 75
13 78
13 81
13 83
13 90
13 93
13 101
13 102
13 103
13 107
13 114
13 119
13 121
13 127
13 128
13 135
13 137
13 145
13 147
13 149
13 151
13 156
13 157
13 158
13 159
14 17
14 23
14 29
14 32
14 33
14 34
14 40
14 42
14 43
14 47
14 48
14 52
14 60
14 61
14 62
14 68
14 73
14 81
14 82
14 90
14 94
14 95
14 100
14 101
14 104
14 105
14 106
14 110
14 112
14 116
14 118
14 123
14 125
14 128
14 132
14 133
14 134
14 137
14 138
14 149
14 152
14 156
15 16
15 20
15 30
15 37
15 41
15 54
15 59
15 66
15 67
15 78
15 79
15 82
15 84
15 87
15 95
15 99
15 101
15 102
15 103
15 106
15 108
15 111
15 113
15 117
15 120
15 121
15 123
15 126
15 138
15 140
15 141
15 142
15 144
15 148
15 150
15 157
16 17
16 19
16 20
16 29
16 30
16 32
16 33
16 35
16 40
16 41
16 46
16 50
16 53
16 61
16 67
16 68
16 69
16 70
16 71
16 73
16 77
16 78
16 82
16 88
16 90
16 97
16 102
16 104
16 109
16 116
16 118
16 120
16 121
16 129
16 130
16 133
16 136
16 138
16 140
16 142
16 144
16 146
16 149
16 153
16 156
16 158
16 159
17 19
17 24
17 25
17 28
17 31
17 34
17 36
17 38
17 43
17 47
17 48
17 54
17 55
17 56
17 68
17 69
17 73
17 80
17 88
17 89
17 90
17 91
17 92
17 99
17 102
17 105
17 112
17 116
17 117
17 124
17 127
17 132
17 133
17 135
17 138
17 140
17 141
17 144
17 150
17 151
17 154
17 156
17 158
18 20
18 30
18 31
18 35
18 39
18 41
18 45
18 46
18 54
18 57
18 58
18 60
18 65
18 69
18 71
18 73
18 76
18 83
18 84
18 85
18 87
18 91
18 92
18 98
18 99
18 100
18 103
18 104
18 109
18 111
18 112
18 113
18 117
18 120
18 121
18 125
18 127
18 131
18 134
18 135
18 138
18 144
18 146
18 147
18 150
18 154
18 156
19 20
19 22
19 23
19 24
19 25
19 27
19 29
19 30
19 33
19 34
19 35
19 36
19 50
19 52
19 55
19 61
19 63
19 66
19 68
19 74
19 79
19 84
19 90
19 91
19 92
19 94
19 96
19 97
19 102
19 112
19 114
19 115
19 120
19 125
19 127
19 130
19 137
19 141
19 144
19 146
19 148
19 150
19 155
19 156
19 157
19 158
19 159
20 21
20 29
20 34
20 35
20 37
20 40
20 41
20 46
20 50
20 52
20 54
20 55
20 56
20 57
20 61
20 62
20 63
20 64
20 67
20 70
20 73
20 74
20 75
20 76
20 77
20 83
20 85
20 89
20 91
20 92
20 93
20 96
20 110
20 118
20 120
20 124
20 131
20 134
20 138
20 146
20 152
20 153
21 22
21 23
21 24
21 27
21 30
21 34
21 37
21 40
21 42
21 46
21 49
21 50
21 57
21 60
21 63
21 64
21 67
21 71
21 75
21 76
21 79
21 83
21 87
21 89
21 95
21 97
21 100
21 104
21 105
21 113
21 118
21 125
21 126
21 127
21 131
21 134
21 135
21 146
21 149
21 152
21 154
22 26
22 27
22 28
22 29
22 32
22 35
22 41
22 42
22 48
22 53
22 54
22 56
22 57
22 67
22 69
22 70
22 72
22 76
22 82
22 83
22 85
22 88
22 91
22 94
22 97
22 99
22 100
22 109
22 113
22 115
22 118
22 121
22 123
22 125
22 129
22 135
22 141
22 143
22 145
22 147
22 148
22 149
22 150
22 151
22 152
22 154
22 156
22 157
22 159
23 26
23 31
23 32
23 35
23 36
23 37
23 39
23 41
23 42
23 43
23 44
23 48
23 50
23 53
23 58
23 60
23 63
23 69
23 71
23 73
23 78
23 81
23 85
23 87
23 89
23 90
23 102
23 104
23 111
23 113
23 117
23 119
23 121
23 122
23 125
23 131
23 134
23 137
23 138
23 143
23 147
23 148
23 155
23 157
24 26
24 29
24 30
24 31
24 34
24 36
24 42
24 51
24 54
24 60
24 63
24 72
24 76
24 80
24 86
24 88
24 97
24 105
24 109
24 110
24 112
24 114
24 115
24 116
24 119
24 121
24 123
24 129
24 132
24 140
24 141
24 154
24 155
24 157
24 158
25 29
25 31
25 34
25 35
25 37
25 46
25 47
25 48
25 52
25 53
25 54
25 57
25 63
25 76
25 82
25 84
25 87
25 90
25 91
25 96
25 104
25 107
25 108
25 112
25 113
25 117
25 125
25 127
25 130
25 137
25 142
25 151
25 152
26 30
26 31
26 33
26 34
26 42
26 43
26 44
26 48
26 50
26 62
26 63
26 64
26 68
26 75
26 79
26 81
26 83
26 84
26 85
26 87
26 98
26 101
26 110
26 113
26 120
26 122
26 124
26 125
26 130
26 137
26 139
26 154
26 155
26 156
26 158
26 159
27 30
27 31
27 36
27 37
27 39
27 40
27 42
27 44
27 46
27 47
27 48
27 52
27 55
27 56
27 60
27 65
27 67
27 72
27 74
27 75
27 79
27 80
27 83
27 86
27 88
27 96
27 98
27 106
27 107
27 109
27 111
27 114
27 118
27 119
27 124
27 126
27 130
27 138
27 148
27 149
27 155
27 157
27 158
27 159
28 31
28 32
28 33
28 34
28 45
28 48
28 49
28 52
28 53
28 54
28 55
28 56
28 57
28 65
28 66
28 67
28 72
28 74
28 77
28 79
28 80
28 81
28 97
28 98
28 99
28 103
28 107
28 109
28 110
28 113
28 118
28 123
28 126
28 127
28 128
28 130
28 131
28 138
28 148
28 149
28 151
28 158
29 33
29 34
29 38
29 40
29 45
29 49
29 50
29 51
29 53
29 54
29 55
29 56
29 59
29 61
29 63
29 75
29 84
29 85
29 86
29 89
29 92
29 100
29 102
29 103
29 109
29 110
29 111
29 113
29 114
29 116
29 123
29 124
29 129
29 130
29 131
29 132
29 135
29 138
29 139
29 140
29 144
29 145
29 147
29 149
29 156
30 31
30 44
30 46
30 51
30 55
30 57
30 58
30 59
30 64
30 68
30 70
30 75
30 80
30 81
30 84
30 86
30 87
30 88
30 90
30 91
30 92
30 95
30 96
30 107
30 109
30 111
30 115
30 117
30 121
30 131
30 134
30 136
30 139
30 140
30 143
30 144
30 145
30 147
30 148
30 153
30 154
30 155
31 32
31 36
31 37
31 43
31 46
31 50
31 52
31 53
31 56
31 60
31 61
31 62
31 63
31 65
31 68
31 69
31 72
31 83
31 85
31 87
31 89
31 91
31 97
31 100
31 102
31 105
31 107
31 114
31 115
31 116
31 120
31 123
31 125
31 127
31 130
31 136
31 137
31 140
31 153
31 156
32 40
32 42
32 45
32 49
32 50
32 52
32 55
32 57
32 63
32 72
32 73
32 80
32 83
32 87
32 89
32 91
32 92
32 98
32 99
32 101
32 102
32 104
32 106
32 109
32 110
32 114
32 117
32 118
32 122
32 128
32 134
32 135
32 137
32 141
32 142
32 147
32 149
32 151
32 152
32 154
32 156
32 159
33 35
33 38
33 39
33 40
33 43
33 45
33 47
33 51
33 54
33 57
33 61
33 65
33 66
33 70
33 74
33 82
33 84
33 85
33 88
33 93
33 94
33 95
33 100
33 101
33 108
33 111
33 117
33 129
33 131
33 132
33 135
33 137
33 138
33 149
33 150
33 151
33 153
33 154
33 159
34 41
34 43
34 56
34 64
34 65
34 72
34 74
34 78
34 82
34 85
34 88
34 90
34 95
34 96
34 110
34 112
34 119
34 120
34 121
34 123
34 127
34 129
34 133
34 135
34 140
34 141
34 143
34 147
34 149
34 151
34 157
35 37
35 38
35 41
35 44
35 45
35 47
35 52
35 60
35 66
35 71
35 75
35 76
35 78
35 86
35 87
35 88
35 93
35 98
35 99
35 115
35 119
35 125
35 126
35 137
35 140
35 143
35 145
35 150
35 153
35 158
36 40
36 45
36 49
36 51
36 59
36 60
36 63
36 64
36 65
36 66
36 69
36 72
36 74
36 75
36 76
36 80
36 83
36 84
36 86
36 100
36 108
36 109
36 119
36 123
36 126
36 127
36 147
36 149
36 157
36 159
37 38
37 44
37 49
37 50
37 51
37 55
37 65
37 66
37 69
37 70
37 73
37 79
37 88
37 92
37 95
37 96
37 97
37 102
37 109
37 114
37 118
37 126
37 129
37 135
37 137
37 141
37 145
37 155
37 156
38 40
38 42
38 43
38 47
38 48
38 51
38 52
38 53
38 55
38 56
38 57
38 59
38 62
38 68
38 69
38 71
38 75
38 78
38 83
38 84
38 93
38 95
38 101
38 109
38 110
38 117
38 120
38 124
38 125
38 126
38 128
38 129
38 130
38 131
38 132
38 139
38 141
38 148
38 153
38 158
38 159
39 43
39 45
39 50
39 52
39 54
39 58
39 59
39 61
39 64
39 68
39 80
39 91
39 94
39 98
39 99
39 101
39 106
39 109
39 110
39 114
39 121
39 122
39 124
39 125
39 131
39 134
39 135
39 139
39 141
39 142
39 143
39 147
39 150
39 153
40 43
40 49
40 50
40 56
40 57
40 61
40 63
40 64
40 65
40 72
40 78
40 79
40 85
40 86
40 87
40 89
40 93
40 96
40 97
40 102
40 104
40 106
40 111
40 114
40 117
40 122
40 127
40 131
40 135
40 139
40 143
40 144
40 146
40 147
40 150
40 157
41 42
41 48
41 51
41 56
41 58
41 60
41 63
41 69
41 71
41 74
41 75
41 77
41 83
41 93
41 96
41 98
41 103
41 106
41 110
41 114
41 116
41 118
41 120
41 121
41 126
41 128
41 130
41 132
41 133
41 137
41 141
41 147
41 150
41 152
41 154
41 155
42 44
42 47
42 51
42 52
42 54
42 66
42 68
42 69
42 73
42 76
42 79
42 84
42 85
42 86
42 88
42 89
42 90
42 92
42 97
42 102
42 105
42 111
42 115
42 122
42 128
42 129
42 132
42 134
42 135
42 139
42 141
42 147
42 151
42 155
43 44
43 49
43 51
43 52
43 56
43 59
43 66
43 67
43 70
43 76
43 77
43 78
43 87
43 88
43 89
43 91
43 99
43 103
43 104
43 107
43 108
43 109
43 113
43 118
43 119
43 128
43 131
43 137
43 138
43 139
43 140
43 148
43 150
44 47
44 49
44 51
44 52
44 53
44 54
44 55
44 58
44 61
44 62
44 65
44 66
44 67
44 68
44 73
44 75
44 77
44 82
44 85
44 87
44 89
44 90
44 91
44 92
44 96
44 97
44 104
44 107
44 108
44 109
44 111
44 112
44 113
44 117
44 119
44 120
44 126
44 128
44 129
44 133
44 136
44 139
44 140
44 143
44 146
44 151
44 154
44 157
45 51
45 53
45 54
45 57
45 58
45 59
45 60
45 65
45 67
45 68
45 72
45 75
45 80
45 87
45 93
45 96
45 111
45 112
45 116
45 119
45 124
45 128
45 131
45 137
45 145
45 159
46 47
46 50
46 52
46 54
46 56
46 59
46 66
46 71
46 72
46 76
46 89
46 90
46 96
46 97
46 101
46 104
46 105
46 106
46 112
46 113
46 114
46 115
46 118
46 122
46 124
46 131
46 134
46 135
46 142
46 144
46 145
46 151
46 153
46 154
46 157
47 59
47 67
47 73
47 80
47 81
47 83
47 84
47 91
47 109
47 110
47 114
47 118
47 119
47 130
47 134
47 136
47 140
47 147
47 149
47 152
47 153
47 156
48 51
48 53
48 56
48 58
48 62
48 66
48 67
48 68
48 74
48 75
48 82
48 83
48 84
48 86
48 93
48 94
48 102
48 106
48 109
48 110
48 111
48 112
48 117
48 121
48 127
48 131
48 132
48 133
48 134
48 135
48 140
48 147
48 148
48 150
48 151
48 153
49 51
49 55
49 62
49 63
49 69
49 78
49 79
49 82
49 83
49 87
49 90
49 92
49 94
49 97
49 103
49 117
49 120
49 122
49 126
49 130
49 131
49 135
49 136
49 137
49 138
49 139
49 141
49 144
49 145
49 146
49 148
49 150
49 151
49 153
49 155
50 51
50 54
50 55
50 59
50 61
50 62
50 63
50 77
50 78
50 79
50 80
50 83
50 89
50 93
50 94
50 95
50 101
50 104
50 105
50 113
50 125
50 133
50 134
50 135
50 137
50 138
50 144
50 145
50 155
50 158
50 159
51 53
51 57
51 58
51 59
51 62
51 65
51 66
51 69
51 70
51 71
51 74
51 76
51 77
51 86
51 87
51 92
51 93
51 97
51 98
51 102
51 105
51 110
51 114
51 119
51 122
51 130
51 131
51 132
51 135
51 138
51 139
51 144
51 149
51 156
51 157
52 55
52 63
52 65
52 69
52 71
52 72
52 76
52 77
52 80
52 84
52 85
52 89
52 91
52 92
52 104
52 110
52 115
52 118
52 119
52 128
52 136
52 137
52 139
52 142
52 143
52 151
52 153
52 154
53 54
53 56
53 59
53 62
53 83
53 96
53 98
53 101
53 103
53 106
53 108
53 109
53 111
53 118
53 120
53 125
53 126
53 127
53 128
53 129
53 130
53 131
53 134
53 137
53 138
53 145
53 146
53 152
53 153
53 158
54 55
54 58
54 63
54 65
54 74
54 77
54 79
54 89
54 94
54 95
54 97
54 104
54 107
54 112
54 115
54 126
54 127
54 135
54 138
54 142
54 143
54 144
54 147
54 151
54 154
54 157
54 158
55 65
55 66
55 67
55 68
55 70
55 73
55 78
55 84
55 88
55 94
55 95
55 98
55 99
55 100
55 102
55 106
55 107
55 108
55 111
55 117
55 118
55 119
55 121
55 130
55 131
55 132
55 135
55 136
55 141
55 144
55 146
55 148
55 151
56 58
56 59
56 61
56 63
56 66
56 70
56 72
56 80
56 84
56 87
56 92
56 93
56 106
56 109
56 110
56 111
56 112
56 113
56 115
56 120
56 121
56 124
56 125
56 126
56 127
56 128
56 131
56 132
56 133
56 134
56 139
56 140
56 143
56 147
56 150
56 158
56 159
57 60
57 65
57 66
57 68
57 72
57 78
57 79
57 82
57 94
57 98
57 99
57 100
57 109
57 110
57 122
57 123
57 126
57 132
57 133
57 134
57 135
57 136
57 141
57 148
57 149
57 159
58 60
58 70
58 73
58 78
58 80
58 90
58 93
58 101
58 104
58 105
58 109
58 110
58 112
58 115
58 116
58 118
58 119
58 121
58 122
58 124
58 127
58 128
58 131
58 134
58 135
58 144
58 145
58 146
58 147
58 156
59 61
59 64
59 65
59 70
59 74
59 76
59 78
59 82
59 87
59 88
59 92
59 95
59 102
59 103
59 108
59 110
59 112
59 115
59 116
59 117
59 118
59 121
59 124
59 126
59 127
59 129
59 138
59 139
59 144
59 145
59 149
59 151
59 155
59 156
59 158
60 62
60 63
60 66
60 67
60 69
60 74
60 78
60 79
60 83
60 87
60 106
60 109
60 116
60 118
60 119
60 120
60 121
60 127
60 133
60 134
60 137
60 141
60 148
60 150
60 151
60 153
60 154
60 155
60 159
61 62
61 66
61 67
61 68
61 69
61 72
61 74
61 77
61 84
61 90
61 92
61 97
61 98
61 100
61 101
61 102
61 114
61 118
61 120
61 130
61 131
61 137
61 140
61 144
61 152
61 155
62 67
62 71
62 78
62 79
62 84
62 87
62 88
62 92
62 93
62 94
62 96
62 102
62 103
62 105
62 110
62 111
62 113
62 116
62 118
62 133
62 136
62 141
62 144
62 152
62 156
62 158
63 69
63 77
63 78
63 79
63 84
63 90
63 92
63 94
63 95
63 98
63 101
63 105
63 106
63 109
63 110
63 113
63 128
63 129
63 130
63 131
63 135
63 140
63 141
63 151
63 155
64 66
64 73
64 84
64 88
64 90
64 104
64 106
64 109
64 116
64 117
64 119
64 120
64 121
64 124
64 129
64 134
64 136
64 137
64 144
64 145
64 157
65 66
65 67
65 71
65 74
65 77
65 82
65 83
65 86
65 88
65 97
65 101
65 103
65 106
65 107
65 108
65 109
65 112
65 119
65 132
65 133
65 135
65 136
65 137
65 141
65 143
65 145
65 146
65 150
65 151
65 155
65 159
66 72
66 75
66 77
66 78
66 79
66 81
66 85
66 87
66 88
66 92
66 94
66 105
66 115
66 116
66 118
66 119
66 122
66 126
66 129
66 133
66 143
66 144
66 147
66 148
67 77
67 89
67 90
67 97
67 99
67 102
67 103
67 104
67 105
67 108
67 113
67 121
67 123
67 125
67 127
67 129
67 130
67 132
67 134
67 136
67 138
67 140
67 143
67 148
67 149
67 150
67 154
67 155
67 158
68 79
68 80
68 81
68 82
68 85
68 91
68 94
68 95
68 97
68 101
68 103
68 108
68 112
68 113
68 114
68 119
68 120
68 124
68 130
68 131
68 135
68 136
68 137
68 139
68 142
68 143
68 147
68 148
68 158
69 71
69 73
69 77
69 80
69 85
69 87
69 88
69 90
69 99
69 103
69 106
69 107
69 116
69 121
69 122
69 123
69 124
69 132
69 135
69 136
69 137
69 138
69 139
69 142
69 145
69 148
69 152
69 159
70 73
70 75
70 81
70 89
70 90
70 94
70 95
70 99
70 100
70 101
70 103
70 107
70 108
70 109
70 112
70 113
70 114
70 117
70 123
70 127
70 128
70 129
70 130
70 132
70 135
70 139
70 143
70 145
70 146
70 149
70 151
70 152
70 155
70 157
70 159
71 73
71 78
71 79
71 80
71 81
71 85
71 90
71 94
71 99
71 105
71 106
71 108
71 115
71 118
71 119
71 121
71 131
71 144
71 145
71 147
71 151
71 156
71 157
72 74
72 76
72 77
72 81
72 86
72 89
72 91
72 92
72 95
72 96
72 100
72 105
72 106
72 108
72 111
72 121
72 125
72 126
72 128
72 129
72 138
72 141
72 142
72 143
72 146
72 147
72 149
72 155
72 156
73 75
73 78
73 80
73 82
73 87
73 90
73 92
73 97
73 98
73 101
73 107
73 122
73 124
73 125
73 129
73 134
73 135
73 138
73 139
73 141
73 142
73 144
73 146
73 149
73 150
73 152
73 157
74 79
74 85
74 87
74 89
74 90
74 92
74 95
74 100
74 105
74 112
74 113
74 114
74 118
74 125
74 129
74 131
74 132
74 134
74 139
74 141
74 145
74 150
74 155
74 158
75 83
75 85
75 87
75 91
75 94
75 97
75 98
75 102
75 108
75 110
75 122
75 123
75 125
75 132
75 138
75 145
75 148
75 149
75 151
75 154
75 156
76 80
76 82
76 83
76 85
76 89
76 92
76 93
76 101
76 103
76 108
76 111
76 115
76 122
76 125
76 126
76 130
76 133
76 136
76 140
76 142
76 144
76 149
76 154
76 157
76 158
77 78
77 84
77 85
77 87
77 93
77 94
77 95
77 98
77 104
77 107
77 108
77 109
77 111
77 113
77 114
77 116
77 119
77 124
77 129
77 130
77 133
77 151
77 152
77 153
77 156
78 80
78 81
78 85
78 89
78 91
78 100
78 101
78 105
78 111
78 116
78 117
78 121
78 126
78 131
78 133
78 134
78 137
78 148
78 151
78 152
78 153
78 154
78 158
78 159
79 86
79 88
79 90
79 94
79 95
79 96
79 98
79 105
79 112
79 113
79 114
79 115
79 120
79 121
79 123
79 124
79 125
79 127
79 128
79 129
79 136
79 139
79 145
79 146
79 147
79 151
79 154
79 156
79 157
80 81
80 83
80 85
80 88
80 89
80 90
80 94
80 103
80 104
80 105
80 106
80 107
80 108
80 109
80 113
80 116
80 117
80 120
80 123
80 129
80 131
80 132
80 134
80 135
80 138
80 139
80 140
80 147
80 148
80 154
80 155
80 156
81 84
81 87
81 95
81 98
81 102
81 104
81 109
81 119
81 126
81 134
81 139
81 144
81 146
81 147
81 148
81 150
81 154
81 155
81 157
82 84
82 85
82 86
82 88
82 90
82 91
82 98
82 99
82 107
82 108
82 111
82 118
82 127
82 134
82 136
82 139
82 143
82 147
82 148
82 152
82 153
82 156
83 84
83 85
83 86
83 89
83 95
83 98
83 99
83 101
83 102
83 103
83 107
83 108
83 120
83 123
83 127
83 134
83 137
83 140
83 145
83 150
83 158
84 90
84 103
84 109
84 111
84 112
84 113
84 120
84 122
84 126
84 128
84 130
84 140
84 141
84 143
84 144
84 145
84 148
84 152
84 158
84 159
85 96
85 97
85 100
85 101
85 103
85 104
85 105
85 108
85 111
85 113
85 116
85 122
85 124
85 127
85 128
85 130
85 133
85 139
85 140
85 145
85 150
85 153
85 154
85 155
86 89
86 90
86 98
86 103
86 108
86 110
86 111
86 113
86 119
86 122
86 123
86 124
86 125
86 128
86 129
86 132
86 133
86 134
86 140
86 144
86 147
86 150
86 154
86 155
86 156
86 158
87 88
87 91
87 96
87 98
87 99
87 102
87 103
87 108
87 109
87 110
87 112
87 116
87 130
87 131
87 141
87 145
87 146
87 149
87 150
88 89
88 92
88 93
88 100
88 101
88 103
88 106
88 107
88 109
88 111
88 113
88 115
88 116
88 117
88 121
88 123
88 125
88 126
88 133
88 136
88 143
88 152
88 153
88 156
89 94
89 96
89 100
89 101
89 103
89 111
89 115
89 117
89 118
89 119
89 124
89 125
89 138
89 143
89 144
89 145
89 147
89 155
89 156
89 157
90 92
90 93
90 97
90 105
90 111
90 118
90 120
90 121
90 125
90 135
90 136
90 145
90 146
90 150
90 154
90 155
90 156
90 157
91 92
91 98
91 99
91 102
91 107
91 109
91 110
91 116
91 117
91 122
91 126
91 128
91 133
91 147
91 149
91 150
91 154
91 155
91 158
91 159
92 97
92 98
92 100
92 101
92 103
92 109
92 111
92 112
92 118
92 119
92 122
92 126
92 129
92 137
92 138
92 142
92 144
92 150
92 157
92 158
93 98
93 101
93 109
93 110
93 113
93 117
93 120
93 121
93 123
93 126
93 128
93 130
93 131
93 132
93 135
93 137
93 138
93 139
93 143
93 146
93 149
93 154
93 155
93 156
93 157
94 95
94 96
94 102
94 103
94 108
94 109
94 112
94 119
94 120
94 123
94 124
94 129
94 131
94 134
94 138
94 150
94 151
94 155
94 157
95 96
95 98
95 104
95 106
95 113
95 115
95 119
95 125
95 128
95 130
95 131
95 134
95 138
95 140
95 143
95 146
95 153
95 156
95 157
95 159
96 97
96 98
96 105
96 110
96 113
96 115
96 116
96 120
96 126
96 148
96 153
96 158
97 98
97 101
97 103
97 105
97 108
97 109
97 111
97 113
97 126
97 127
97 129
97 132
97 135
97 137
97 138
97 141
97 143
97 156
98 99
98 101
98 102
98 104
98 107
98 108
98 115
98 116
98 118
98 123
98 125
98 127
98 131
98 133
98 134
98 136
98 137
98 139
98 140
98 142
98 143
98 145
98 153
98 157
99 102
99 107
99 109
99 111
99 112
99 114
99 115
99 120
99 124
99 128
99 132
99 133
99 140
99 154
100 101
100 104
100 112
100 113
100 114
100 117
100 118
100 119
100 120
100 121
100 135
100 136
100 138
100 145
100 149
100 159
101 102
101 103
101 108
101 111
101 114
101 118
101 120
101 123
101 133
101 148
101 152
101 156
101 157
101 158
102 106
102 108
102 111
102 113
102 118
102 120
102 121
102 122
102 126
102 129
102 135
102 137
102 143
102 147
102 149
102 154
102 155
102 156
103 104
103 112
103 117
103 119
103 121
103 122
103 126
103 127
103 129
103 130
103 138
103 144
103 147
103 148
103 154
103 157
104 105
104 107
104 111
104 115
104 117
104 120
104 121
104 124
104 125
104 135
104 148
104 149
104 153
105 107
105 114
105 117
105 125
105 128
105 132
105 134
105 136
105 142
105 146
105 149
105 150
105 155
105 157
105 159
106 110
106 113
106 122
106 123
106 124
106 127
106 128
106 133
106 134
106 136
106 139
106 140
106 141
106 148
106 149
106 150
106 153
106 155
106 159
107 110
107 111
107 114
107 115
107 118
107 124
107 126
107 132
107 134
107 136
107 140
107 141
107 153
107 154
107 157
107 159
108 114
108 116
108 117
108 121
108 124
108 127
108 128
108 130
108 133
108 134
108 142
108 143
108 144
108 145
108 147
108 152
108 155
108 159
109 113
109 117
109 119
109 120
109 130
109 131
109 138
109 141
109 145
109 149
109 150
109 155
110 112
110 117
110 132
110 134
110 136
110 142
110 143
110 146
110 147
110 153
110 158
111 113
111 115
111 118
111 119
111 124
111 125
111 126
111 127
111 128
111 129
111 132
111 134
111 135
111 137
111 145
111 151
111 153
111 154
111 158
112 115
112 117
112 131
112 138
112 143
112 150
112 152
112 154
112 155
112 157
112 158
113 122
113 124
113 125
113 126
113 134
113 135
113 138
113 140
113 142
113 153
113 156
113 157
114 115
114 117
114 122
114 126
114 127
114 129
114 140
114 145
114 148
114 149
114 151
114 152
114 155
115 117
115 118
115 123
115 125
115 126
115 131
115 136
115 139
115 143
115 144
115 146
115 148
115 153
115 159
116 124
116 125
116 126
116 128
116 129
116 130
116 133
116 134
116 135
116 144
116 149
116 152
116 153
116 154
116 155
116 156
116 158
117 125
117 128
117 129
117 134
117 142
117 146
117 147
117 149
117 151
117 156
118 121
118 123
118 124
118 128
118 133
118 137
118 138
118 143
118 147
118 150
118 155
118 157
118 158
119 124
119 126
119 131
119 135
119 137
119 139
119 141
119 144
119 148
119 149
119 151
119 155
119 156
119 159
120 124
120 128
120 135
120 136
120 148
120 150
120 151
120 156
120 157
120 159
121 125
121 139
121 157
121 159
122 124
122 129
122 133
122 135
122 138
122 140
122 153
122 155
123 124
123 126
123 134
123 143
123 144
123 148
123 153
123 157
123 159
124 127
124 130
124 134
124 135
124 137
124 138
124 139
124 140
124 156
125 129
125 132
125 134
125 149
125 154
125 157
126 127
126 129
126 139
126 147
126 151
126 155
127 129
127 132
127 133
127 136
127 137
127 144
127 146
127 151
127 153
127 159
128 131
128 133
128 136
128 138
128 143
128 145
128 146
128 155
128 156
128 158
128 159
129 135
129 137
129 149
129 153
129 155
130 135
130 144
130 147
130 151
130 152
130 153
131 134
131 143
131 145
131 147
131 152
131 156
132 133
132 134
132 135
132 137
132 139
132 142
132 143
132 151
132 152
132 153
133 134
133 137
133 141
133 151
133 153
133 156
133 159
134 139
134 141
134 142
134 148
134 151
134 152
134 154
134 157
135 136
135 138
135 141
135 142
135 150
135 153
135 154
135 155
135 156
135 157
136 138
136 139
136 142
136 144
136 149
136 152
136 153
136 154
136 159
137 138
137 141
137 146
137 156
137 159
138 140
138 145
138 147
138 151
139 145
139 146
139 147
139 148
139 157
139 158
139 159
140 146
140 147
140 149
140 152
140 157
141 142
141 145
141 149
141 158
141 159
142 144
142 148
142 149
142 150
142 158
142 159
143 146
143 150
143 158
144 146
144 149
144 150
144 155
145 149
145 150
145 153
146 148
146 151
146 154
146 156
146 157
147 150
147 151
147 155
147 159
148 150
148 154
148 158
150 152
150 155
150 159
151 154
151 155
151 157
152 154
152 155
152 159
153 159
154 155
154 157
154 159
155 156
155 158
156 157
156 158
156 159
