0 20
0 101
0 125
0 127
0 6
0 207
1 22
1 43
1 50
1 121
1 147
1 180
1 234
2 24
2 34
2 104
2 143
2 190
3 142
3 216
4 28
4 41
4 49
4 148
4 183
4 189
4 200
4 208
5 162
5 179
5 200
7 24
7 93
7 122
7 160
7 247
8 23
8 95
8 157
8 165
8 167
8 171
8 198
9 26
9 135
9 231
10 82
10 109
10 129
10 134
10 153
10 203
11 63
11 76
11 83
11 153
11 164
12 15
12 23
12 81
12 232
13 59
13 62
13 66
13 168
13 184
13 228
14 26
14 137
15 41
15 98
15 125
15 152
15 187
15 230
16 20
16 119
16 186
16 224
17 22
17 73
17 129
17 181
18 40
18 45
18 49
18 53
18 81
18 141
18 187
18 191
19 61
19 102
19 166
19 180
19 190
19 196
19 210
20 69
20 168
20 240
21 23
21 30
21 105
21 126
21 231
21 248
22 52
22 131
22 171
22 200
23 50
23 150
23 152
23 174
24 40
24 53
24 204
25 68
25 122
25 195
26 128
26 182
26 232
27 59
27 185
28 69
28 170
28 187
28 189
28 202
28 214
28 242
29 56
29 129
29 153
30 100
30 170
30 175
30 208
30 211
30 234
30 239
31 80
31 133
31 169
31 196
31 225
31 228
32 118
32 151
32 216
33 57
33 71
33 94
33 202
33 236
34 39
34 81
34 112
34 147
34 152
34 190
35 56
35 135
35 193
35 224
36 73
36 101
36 198
36 249
37 104
37 149
37 194
37 242
38 47
38 56
38 118
38 157
38 159
38 210
39 53
39 147
39 215
39 235
40 43
40 45
40 98
40 110
40 184
40 194
41 64
41 126
41 177
42 60
42 90
42 101
42 149
42 157
42 223
43 45
43 49
43 90
44 56
44 86
44 185
45 131
45 220
46 59
46 74
46 141
46 164
46 186
46 211
46 246
47 98
47 193
47 196
47 238
48 62
48 139
48 148
48 187
49 55
49 102
49 164
49 172
49 183
50 104
50 196
51 72
51 144
51 195
51 222
52 60
52 62
52 64
52 130
52 189
53 99
53 132
53 163
54 143
54 145
54 223
55 69
55 77
55 192
55 197
56 148
56 219
57 66
57 94
57 120
57 154
57 155
57 173
57 190
57 225
58 73
58 83
58 105
58 144
58 186
59 76
59 86
59 149
59 152
59 154
59 198
60 105
60 172
60 198
60 220
61 66
61 72
61 202
61 233
62 186
62 190
62 209
62 239
62 249
63 140
63 225
63 233
64 142
64 161
64 238
65 73
65 131
65 227
65 235
66 97
66 175
66 181
67 69
67 188
67 234
68 83
68 98
68 222
68 243
69 114
69 168
69 247
70 71
70 118
70 155
71 112
71 123
71 147
71 210
72 107
72 227
73 76
73 95
73 99
74 100
74 157
74 180
75 130
75 163
75 174
75 219
76 106
76 177
76 232
77 171
77 233
77 246
78 171
78 199
79 93
79 96
79 109
79 138
79 149
79 156
79 175
79 219
79 222
80 107
80 126
80 171
81 112
81 129
81 171
81 177
81 180
81 234
82 101
82 146
82 231
82 234
83 162
84 141
85 88
85 188
85 217
85 228
85 233
86 137
86 241
87 153
87 220
88 90
88 184
88 197
88 204
88 211
89 144
89 154
89 212
89 215
89 216
89 223
90 133
90 142
90 187
91 97
91 129
91 145
91 204
92 142
92 240
93 145
93 150
93 223
94 96
94 121
94 141
94 194
95 108
95 147
95 160
96 108
96 115
96 117
96 121
96 129
96 193
96 241
97 104
97 155
97 242
98 108
98 126
98 176
98 189
98 218
98 227
98 246
99 115
99 135
99 224
99 247
100 144
100 240
101 140
101 145
101 147
101 169
101 200
102 192
102 249
103 118
103 137
103 151
103 225
103 237
104 138
104 198
104 221
105 116
105 127
105 147
105 167
105 196
105 216
105 219
105 238
105 248
106 120
106 178
107 161
107 173
107 202
107 237
108 114
108 117
108 122
108 143
108 209
109 119
109 126
109 173
109 193
109 206
109 214
110 126
110 137
110 192
110 209
110 233
111 186
111 243
112 136
112 163
112 191
112 208
112 223
112 244
113 128
115 213
116 165
116 187
116 188
116 212
116 226
116 236
116 246
117 128
117 175
118 161
118 198
119 125
119 181
119 185
120 158
120 169
120 222
121 154
121 176
121 196
121 210
121 217
122 127
122 152
122 164
122 176
123 145
123 215
123 218
123 236
124 132
124 164
124 172
124 226
125 139
125 214
126 180
126 199
126 200
127 144
127 149
127 176
127 186
127 226
128 163
128 176
128 235
129 141
129 144
129 211
129 239
130 138
130 148
130 237
131 231
131 241
131 243
132 195
133 224
135 146
135 186
135 220
136 175
136 204
136 235
137 141
137 170
137 184
137 235
137 237
137 246
139 145
139 191
139 197
139 203
139 237
140 151
140 235
141 198
141 236
142 193
143 243
144 155
145 206
148 199
148 211
148 220
149 157
149 175
151 166
151 229
151 236
151 240
152 176
152 219
152 239
153 208
154 177
154 185
154 239
155 242
156 209
156 213
156 223
158 190
158 242
159 194
159 198
159 208
159 231
159 244
160 191
161 235
162 227
163 165
163 245
164 230
165 166
165 178
165 186
165 235
165 240
166 208
166 215
167 192
167 245
167 246
168 241
168 249
169 246
171 212
172 178
172 187
172 216
172 220
172 248
173 179
173 244
174 231
174 241
175 187
177 230
178 236
179 229
180 249
181 203
182 206
183 200
183 217
184 209
185 221
186 187
186 203
186 237
186 238
187 205
188 205
189 201
189 224
190 234
191 240
192 212
193 209
193 230
194 208
194 234
196 236
197 222
197 226
198 216
198 217
200 232
201 226
203 217
203 235
208 227
208 228
208 234
209 220
210 219
211 234
212 227
213 233
213 244
215 237
216 242
220 228
221 223
222 240
223 237
224 231
229 242
231 234
233 245
237 244
239 245
247 248
