0 2
0 3
0 4
0 8
0 10
0 11
0 13
0 14
0 17
0 20
0 24
0 27
0 28
0 42
0 43
0 44
0 45
0 46
0 47
0 48
0 52
0 53
0 57
0 59
0 67
0 68
0 70
0 71
0 79
0 80
0 82
0 86
0 89
0 90
0 91
0 95
0 101
0 105
0 107
0 112
0 114
0 117
1 2
1 7
1 9
1 14
1 17
1 19
1 22
1 25
1 28
1 31
1 37
1 38
1 41
1 42
1 43
1 45
1 48
1 49
1 51
1 52
1 58
1 59
1 66
1 70
1 71
1 74
1 75
1 80
1 86
1 88
1 90
1 93
1 101
1 102
1 107
1 111
1 113
1 114
1 117
1 118
2 3
2 10
2 12
2 15
2 18
2 22
2 23
2 24
2 29
2 35
2 37
2 40
2 41
2 42
2 44
2 47
2 49
2 53
2 55
2 56
2 59
2 63
2 64
2 70
2 71
2 77
2 78
2 79
2 84
2 90
2 97
2 99
2 102
2 107
2 108
2 109
2 113
2 119
3 5
3 7
3 8
3 16
3 18
3 25
3 35
3 36
3 44
3 45
3 51
3 55
3 56
3 63
3 64
3 65
3 66
3 69
3 72
3 75
3 77
3 80
3 82
3 85
3 86
3 103
3 104
3 109
3 110
3 111
3 112
3 115
3 116
3 119
4 8
4 16
4 25
4 26
4 28
4 32
4 34
4 36
4 39
4 41
4 43
4 45
4 51
4 52
4 53
4 62
4 63
4 64
4 65
4 68
4 71
4 74
4 77
4 78
4 84
4 87
4 91
4 101
4 109
4 115
4 118
5 6
5 10
5 12
5 13
5 18
5 19
5 21
5 29
5 30
5 40
5 41
5 42
5 43
5 44
5 47
5 48
5 53
5 54
5 55
5 56
5 57
5 58
5 60
5 64
5 71
5 72
5 77
5 79
5 80
5 84
5 88
5 99
5 100
5 102
5 103
5 104
5 105
5 108
5 109
6 11
6 12
6 16
6 17
6 23
6 24
6 27
6 28
6 35
6 36
6 41
6 45
6 52
6 66
6 71
6 76
6 79
6 80
6 83
6 87
6 92
6 95
6 102
6 108
6 109
6 113
7 8
7 11
7 13
7 22
7 33
7 47
7 48
7 54
7 60
7 62
7 64
7 68
7 69
7 72
7 74
7 76
7 77
7 78
7 82
7 88
7 90
7 93
7 97
7 100
7 104
7 108
8 14
8 15
8 17
8 18
8 24
8 30
8 32
8 41
8 49
8 50
8 51
8 55
8 56
8 61
8 65
8 67
8 74
8 76
8 80
8 85
8 91
8 92
8 98
8 100
8 101
8 103
8 105
8 106
8 109
8 111
8 113
8 114
8 115
8 116
8 118
8 119
9 11
9 13
9 14
9 21
9 24
9 30
9 36
9 37
9 39
9 40
9 48
9 54
9 56
9 60
9 64
9 66
9 68
9 69
9 76
9 86
9 88
9 89
9 100
9 103
9 104
9 108
9 112
9 114
9 116
10 14
10 15
10 16
10 19
10 23
10 25
10 27
10 31
10 34
10 36
10 37
10 38
10 40
10 42
10 48
10 50
10 51
10 58
10 59
10 65
10 67
10 74
10 76
10 83
10 84
10 85
10 89
10 101
10 102
10 105
10 106
10 110
10 112
11 18
11 19
11 20
11 25
11 26
11 30
11 32
11 38
11 39
11 41
11 48
11 68
11 69
11 72
11 73
11 74
11 76
11 80
11 83
11 85
11 89
11 93
11 95
11 107
11 113
11 114
11 118
12 14
12 16
12 18
12 21
12 24
12 25
12 27
12 30
12 35
12 36
12 39
12 42
12 43
12 44
12 49
12 50
12 52
12 56
12 59
12 61
12 62
12 65
12 68
12 70
12 79
12 80
12 88
12 91
12 97
12 100
12 101
12 102
12 103
12 108
12 110
12 115
13 22
13 27
13 34
13 38
13 41
13 47
13 50
13 51
13 65
13 66
13 71
13 72
13 75
13 78
13 83
13 88
13 97
13 98
13 99
13 101
13 107
13 114
14 18
14 22
14 23
14 24
14 25
14 32
14 35
14 39
14 41
14 48
14 49
14 58
14 63
14 64
14 65
14 68
14 75
14 80
14 81
14 82
14 83
14 86
14 88
14 97
14 101
14 103
14 117
14 119
15 18
15 21
15 28
15 31
15 32
15 40
15 43
15 48
15 57
15 65
15 69
15 71
15 73
15 74
15 76
15 83
15 84
15 85
15 90
15 99
15 100
15 102
15 104
15 105
15 106
15 112
15 113
16 17
16 18
16 22
16 24
16 28
16 31
16 35
16 38
16 40
16 47
16 52
16 58
16 60
16 69
16 71
16 73
16 80
16 81
16 82
16 84
16 85
16 90
16 95
16 97
16 98
16 100
16 101
16 102
16 107
16 110
16 111
16 118
17 18
17 20
17 21
17 22
17 30
17 31
17 34
17 37
17 39
17 43
17 46
17 47
17 49
17 55
17 63
17 65
17 68
17 70
17 87
17 91
17 92
17 93
17 94
17 99
17 101
17 104
17 109
17 110
17 111
17 112
17 115
17 118
17 119
18 20
18 22
18 30
18 32
18 34
18 47
18 59
18 60
18 61
18 65
18 67
18 68
18 72
18 80
18 83
18 86
18 88
18 95
18 98
18 106
18 107
18 108
18 112
18 119
19 24
19 26
19 32
19 33
19 40
19 42
19 50
19 52
19 54
19 56
19 61
19 62
19 63
19 64
19 67
19 73
19 79
19 82
19 83
19 84
19 90
19 92
19 93
19 97
19 98
19 102
19 110
19 111
19 112
19 118
20 24
20 32
20 33
20 41
20 45
20 46
20 51
20 52
20 55
20 56
20 57
20 61
20 63
20 67
20 69
20 74
20 76
20 79
20 83
20 84
20 85
20 88
20 89
20 100
20 103
20 107
20 111
20 115
21 27
21 34
21 38
21 51
21 56
21 63
21 64
21 75
21 76
21 79
21 81
21 84
21 92
21 96
21 98
21 99
21 100
21 103
21 105
21 108
21 110
21 114
21 117
21 118
22 23
22 26
22 38
22 40
22 41
22 42
22 44
22 48
22 50
22 57
22 60
22 62
22 63
22 72
22 73
22 75
22 76
22 78
22 83
22 84
22 89
22 93
22 96
22 104
22 110
22 111
22 112
22 113
22 114
22 116
23 24
23 25
23 29
23 35
23 37
23 44
23 49
23 51
23 56
23 63
23 65
23 67
23 68
23 76
23 77
23 80
23 83
23 85
23 87
23 89
23 91
23 93
23 96
23 100
23 103
23 105
23 106
23 108
23 113
23 114
23 117
24 25
24 28
24 30
24 32
24 37
24 41
24 42
24 48
24 49
24 50
24 62
24 63
24 67
24 74
24 82
24 83
24 84
24 85
24 86
24 93
24 96
24 99
24 106
24 110
24 111
24 118
25 27
25 32
25 33
25 35
25 38
25 40
25 41
25 44
25 50
25 51
25 54
25 56
25 58
25 61
25 71
25 72
25 76
25 80
25 82
25 86
25 87
25 95
25 98
25 99
25 101
25 106
25 110
25 112
25 114
25 117
26 31
26 32
26 33
26 35
26 39
26 40
26 46
26 47
26 48
26 51
26 52
26 57
26 59
26 60
26 61
26 65
26 68
26 69
26 73
26 75
26 79
26 82
26 83
26 86
26 92
26 94
26 95
26 98
26 102
26 104
26 108
26 110
26 111
26 112
26 113
26 115
26 117
26 118
27 29
27 30
27 31
27 32
27 46
27 48
27 51
27 57
27 59
27 62
27 64
27 70
27 75
27 80
27 86
27 87
27 88
27 90
27 92
27 93
27 98
27 108
27 110
27 111
27 116
28 30
28 32
28 35
28 42
28 46
28 49
28 51
28 53
28 55
28 60
28 61
28 62
28 63
28 64
28 65
28 73
28 78
28 79
28 81
28 84
28 85
28 90
28 94
28 96
28 98
28 99
28 100
28 101
28 105
28 106
28 107
28 108
28 111
28 114
28 117
28 118
28 119
29 30
29 31
29 37
29 39
29 43
29 45
29 46
29 47
29 50
29 64
29 72
29 74
29 78
29 85
29 88
29 92
29 100
29 106
29 107
29 114
29 115
29 116
29 119
30 33
30 37
30 40
30 43
30 45
30 49
30 52
30 53
30 60
30 63
30 66
30 67
30 70
30 74
30 78
30 79
30 82
30 86
30 90
30 92
30 98
30 100
30 103
30 107
30 108
30 116
31 33
31 40
31 41
31 42
31 46
31 49
31 50
31 61
31 64
31 67
31 69
31 78
31 79
31 80
31 81
31 84
31 87
31 93
31 94
31 100
31 105
31 106
31 108
31 109
31 119
32 34
32 35
32 37
32 41
32 47
32 48
32 50
32 53
32 56
32 59
32 62
32 64
32 65
32 74
32 78
32 80
32 83
32 86
32 88
32 90
32 94
32 100
32 106
32 108
32 110
32 112
32 113
32 114
32 115
32 116
32 117
32 119
33 35
33 36
33 38
33 41
33 46
33 47
33 50
33 51
33 52
33 54
33 56
33 57
33 58
33 59
33 63
33 65
33 68
33 73
33 75
33 78
33 84
33 86
33 88
33 93
33 96
33 100
33 102
33 104
33 105
33 117
33 119
34 41
34 43
34 47
34 49
34 51
34 52
34 55
34 61
34 64
34 67
34 68
34 73
34 77
34 78
34 85
34 87
34 91
34 94
34 95
34 96
34 99
34 101
34 107
34 116
34 119
35 41
35 44
35 53
35 57
35 61
35 67
35 69
35 78
35 86
35 90
35 91
35 93
35 95
35 96
35 97
35 100
35 102
35 104
35 110
35 113
36 38
36 39
36 52
36 53
36 55
36 56
36 61
36 63
36 66
36 67
36 69
36 78
36 79
36 80
36 84
36 85
36 86
36 89
36 95
36 108
36 114
36 116
36 119
37 40
37 41
37 46
37 54
37 57
37 58
37 62
37 63
37 67
37 75
37 77
37 80
37 87
37 92
37 101
37 102
37 113
37 114
37 116
37 117
38 44
38 45
38 46
38 50
38 52
38 64
38 65
38 66
38 70
38 77
38 81
38 83
38 85
38 86
38 87
38 89
38 100
38 103
38 112
38 115
39 42
39 44
39 46
39 47
39 52
39 59
39 61
39 76
39 77
39 78
39 80
39 81
39 84
39 85
39 90
39 91
39 93
39 94
39 96
39 98
39 100
39 101
39 102
39 106
39 109
39 110
39 114
39 119
40 42
40 47
40 49
40 50
40 54
40 55
40 58
40 61
40 63
40 71
40 73
40 81
40 82
40 84
40 86
40 89
40 93
40 94
40 99
40 101
40 105
40 113
41 45
41 46
41 52
41 54
41 55
41 56
41 59
41 60
41 61
41 62
41 73
41 76
41 77
41 80
41 81
41 82
41 83
41 84
41 85
41 93
41 94
41 95
41 100
41 102
41 105
41 107
41 108
41 109
42 48
42 49
42 50
42 54
42 58
42 60
42 61
42 64
42 69
42 74
42 77
42 78
42 79
42 81
42 82
42 89
42 99
42 100
42 102
42 109
42 114
42 115
42 119
43 45
43 50
43 54
43 55
43 56
43 58
43 59
43 60
43 61
43 64
43 66
43 68
43 80
43 89
43 90
43 91
43 94
43 97
43 105
43 107
43 108
43 114
43 115
43 116
43 118
43 119
44 46
44 53
44 54
44 59
44 60
44 61
44 62
44 65
44 68
44 69
44 70
44 74
44 75
44 77
44 79
44 86
44 90
44 103
44 105
44 110
44 114
44 116
44 117
44 118
45 49
45 53
45 55
45 60
45 65
45 66
45 69
45 71
45 72
45 73
45 75
45 76
45 77
45 80
45 81
45 92
45 94
45 96
45 100
45 102
45 106
45 116
45 119
46 48
46 51
46 52
46 55
46 56
46 57
46 59
46 60
46 65
46 66
46 67
46 72
46 76
46 77
46 83
46 86
46 90
46 92
46 93
46 96
46 100
46 101
46 102
46 103
46 105
46 108
46 109
46 112
47 51
47 53
47 55
47 57
47 59
47 65
47 68
47 70
47 73
47 75
47 82
47 83
47 84
47 88
47 91
47 93
47 95
47 98
47 104
47 105
47 108
48 50
48 53
48 64
48 66
48 69
48 73
48 74
48 76
48 79
48 81
48 87
48 96
48 97
48 104
48 107
48 111
48 113
48 115
48 116
49 52
49 53
49 55
49 56
49 58
49 60
49 63
49 64
49 68
49 71
49 72
49 76
49 82
49 88
49 89
49 91
49 95
49 96
49 101
49 103
49 105
49 106
49 108
49 110
49 113
49 115
49 118
49 119
50 51
50 54
50 56
50 58
50 62
50 65
50 68
50 72
50 76
50 77
50 81
50 85
50 93
50 95
50 96
50 99
50 104
50 105
50 106
50 111
50 112
50 119
51 54
51 60
51 72
51 74
51 75
51 78
51 80
51 81
51 92
51 93
51 94
51 96
51 97
51 102
51 109
51 111
52 57
52 65
52 66
52 73
52 75
52 79
52 83
52 86
52 89
52 91
52 96
52 97
52 111
52 113
53 54
53 55
53 56
53 58
53 62
53 64
53 68
53 70
53 75
53 76
53 78
53 82
53 84
53 86
53 92
53 96
53 97
53 100
53 103
53 104
53 106
53 111
53 119
54 60
54 65
54 69
54 70
54 72
54 80
54 81
54 82
54 87
54 92
54 93
54 109
54 113
54 119
55 56
55 67
55 70
55 73
55 75
55 80
55 83
55 88
55 93
55 98
55 102
55 104
55 112
55 113
55 116
55 117
55 118
55 119
56 59
56 62
56 64
56 65
56 66
56 70
56 73
56 74
56 76
56 90
56 98
56 99
56 109
56 113
56 116
56 117
57 75
57 77
57 85
57 87
57 88
57 94
57 99
57 100
57 101
57 105
57 115
57 116
57 119
58 59
58 62
58 68
58 77
58 81
58 84
58 85
58 86
58 91
58 98
58 103
58 107
58 115
58 118
59 64
59 66
59 70
59 74
59 84
59 85
59 90
59 92
59 93
59 97
59 98
59 101
59 102
59 103
59 105
59 106
59 107
59 109
59 112
59 118
59 119
60 62
60 66
60 69
60 74
60 75
60 84
60 86
60 92
60 100
60 101
60 108
60 111
60 115
60 116
60 117
60 119
61 62
61 63
61 64
61 65
61 72
61 74
61 81
61 86
61 91
61 92
61 96
61 98
61 103
61 105
61 107
61 111
61 112
61 114
61 117
62 64
62 76
62 87
62 90
62 94
62 95
62 97
62 102
62 105
62 106
62 110
62 117
62 118
63 64
63 65
63 71
63 74
63 75
63 79
63 81
63 82
63 83
63 87
63 90
63 93
63 102
63 108
63 109
63 115
63 116
64 65
64 67
64 68
64 69
64 76
64 82
64 83
64 89
64 90
64 91
64 93
64 97
64 100
64 101
64 106
64 108
64 110
64 115
64 118
65 67
65 72
65 77
65 81
65 85
65 89
65 93
65 94
65 96
65 97
65 100
65 107
65 110
65 116
65 119
66 71
66 73
66 75
66 78
66 84
66 86
66 89
66 90
66 92
66 98
66 108
66 111
66 113
66 118
67 69
67 73
67 77
67 79
67 81
67 83
67 84
67 89
67 91
67 93
67 95
67 96
67 100
67 104
67 110
67 113
67 115
67 117
67 118
68 73
68 76
68 80
68 81
68 83
68 95
68 97
68 98
68 102
68 105
68 108
68 113
68 114
68 115
68 117
68 118
68 119
69 71
69 76
69 81
69 84
69 90
69 94
69 101
69 107
69 108
69 111
69 113
69 114
69 118
70 71
70 77
70 81
70 85
70 90
70 95
70 97
70 98
70 102
70 105
70 112
70 113
70 116
71 74
71 75
71 76
71 85
71 86
71 87
71 89
71 97
71 101
71 102
71 105
71 106
71 107
71 111
71 116
71 117
72 79
72 82
72 88
72 89
72 90
72 91
72 99
72 101
72 113
72 115
72 117
72 118
72 119
73 74
73 75
73 78
73 81
73 82
73 85
73 86
73 87
73 88
73 93
73 95
73 97
73 102
73 105
73 107
73 109
73 110
73 111
73 112
73 116
73 117
74 79
74 82
74 83
74 84
74 86
74 87
74 88
74 92
74 94
74 95
74 101
74 103
74 104
74 108
74 111
74 114
74 115
74 118
75 77
75 82
75 85
75 88
75 96
75 98
75 99
75 102
75 103
75 104
75 105
75 110
75 112
75 113
75 117
76 77
76 82
76 89
76 95
76 98
76 113
76 114
76 118
77 79
77 84
77 88
77 91
77 97
77 105
77 119
78 79
78 82
78 84
78 86
78 88
78 91
78 98
78 103
78 104
78 108
79 81
79 82
79 88
79 89
79 93
79 96
79 97
79 98
79 104
79 105
79 106
79 107
79 110
79 114
79 116
80 84
80 87
80 88
80 95
80 97
80 98
80 104
80 106
80 107
80 110
81 86
81 94
81 100
81 107
81 108
81 110
81 111
81 118
82 99
82 100
82 104
82 108
82 109
83 84
83 88
83 90
83 94
83 101
83 103
83 106
83 107
83 110
83 116
83 118
84 86
84 88
84 92
84 96
84 97
84 98
84 104
84 105
84 112
84 113
84 114
84 116
85 89
85 90
85 98
85 102
85 105
85 106
85 107
85 108
85 113
85 117
86 90
86 94
86 95
86 96
86 97
86 98
86 103
86 110
86 111
86 113
86 114
86 116
87 92
87 96
87 103
87 104
87 110
87 119
88 89
88 92
88 93
88 97
88 100
88 102
88 104
88 107
88 113
89 97
89 100
89 102
89 106
89 110
89 111
89 115
89 116
89 117
89 118
89 119
90 92
90 95
90 96
90 97
90 99
90 101
90 102
90 104
90 106
90 111
90 114
90 115
90 119
91 93
91 94
91 95
91 109
91 110
91 111
91 112
91 115
92 94
92 98
92 99
92 100
92 106
92 109
92 110
92 118
93 104
93 112
93 113
93 114
93 116
93 117
94 98
94 99
94 109
94 112
94 113
94 115
94 119
95 96
95 97
95 100
95 103
95 104
95 107
95 108
95 109
95 112
95 114
95 115
96 101
96 102
96 107
96 108
96 112
96 113
96 117
97 98
97 103
97 107
97 112
97 115
98 102
98 103
98 104
98 107
98 110
98 111
98 116
99 101
99 108
99 109
99 114
100 103
100 105
100 109
100 111
100 112
100 116
100 117
101 102
101 106
101 107
101 111
101 113
101 114
102 109
102 115
103 104
103 107
103 108
103 117
104 110
104 111
104 113
104 116
104 117
105 111
105 113
105 114
106 107
106 109
106 112
106 115
108 113
109 116
109 118
110 112
110 114
110 117
110 119
111 112
111 114
112 114
112 116
113 115
113 116
113 117
113 118
113 119
114 115
114 116
114 119
115 118
115 119
