0 1
0 16
0 15
1 2
1 241
2 3
2 18
3 4
3 243
4 5
4 20
5 6
5 245
6 7
6 22
7 8
7 247
8 9
8 24
9 10
9 249
10 11
10 26
11 12
11 251
12 13
12 28
13 14
13 253
14 15
14 30
15 255
16 17
16 31
17 18
17 33
18 19
19 20
19 35
20 21
21 22
21 37
22 23
23 24
23 39
24 25
25 26
25 41
26 27
27 28
27 43
28 29
29 30
29 45
30 31
31 47
32 33
32 48
32 47
33 34
34 35
34 50
35 36
36 37
36 52
37 38
38 39
38 54
39 40
40 41
40 56
41 42
42 43
42 58
43 44
44 45
44 60
45 46
46 47
46 62
48 49
48 63
49 50
49 65
50 51
51 52
51 67
52 53
53 54
53 69
54 55
55 56
55 71
56 57
57 58
57 73
58 59
59 60
59 75
60 61
61 62
61 77
62 63
63 79
64 65
64 80
64 79
65 66
66 67
66 82
67 68
68 69
68 84
69 70
70 71
70 86
71 72
72 73
72 88
73 74
74 75
74 90
75 76
76 77
76 92
77 78
78 79
78 94
80 81
80 95
81 82
81 97
82 83
83 84
83 99
84 85
85 86
85 101
86 87
87 88
87 103
88 89
89 90
89 105
90 91
91 92
91 107
92 93
93 94
93 109
94 95
95 111
96 97
96 112
96 111
97 98
98 99
98 114
99 100
100 101
100 116
101 102
102 103
102 118
103 104
104 105
104 120
105 106
106 107
106 122
107 108
108 109
108 124
109 110
110 111
110 126
112 113
112 127
113 114
113 129
114 115
115 116
115 131
116 117
117 118
117 133
118 119
119 120
119 135
120 121
121 122
121 137
122 123
123 124
123 139
124 125
125 126
125 141
126 127
127 143
128 129
128 144
128 143
129 130
130 131
130 146
131 132
132 133
132 148
133 134
134 135
134 150
135 136
136 137
136 152
137 138
138 139
138 154
139 140
140 141
140 156
141 142
142 143
142 158
144 145
144 159
145 146
145 161
146 147
147 148
147 163
148 149
149 150
149 165
150 151
151 152
151 167
152 153
153 154
153 169
154 155
155 156
155 171
156 157
157 158
157 173
158 159
159 175
160 161
160 176
160 175
161 162
162 163
162 178
163 164
164 165
164 180
165 166
166 167
166 182
167 168
168 169
168 184
169 170
170 171
170 186
171 172
172 173
172 188
173 174
174 175
174 190
176 177
176 191
177 178
177 193
178 179
179 180
179 195
180 181
181 182
181 197
182 183
183 184
183 199
184 185
185 186
185 201
186 187
187 188
187 203
188 189
189 190
189 205
190 191
191 207
192 193
192 208
192 207
193 194
194 195
194 210
195 196
196 197
196 212
197 198
198 199
198 214
199 200
200 201
200 216
201 202
202 203
202 218
203 204
204 205
204 220
205 206
206 207
206 222
208 209
208 223
209 210
209 225
210 211
211 212
211 227
212 213
213 214
213 229
214 215
215 216
215 231
216 217
217 218
217 233
218 219
219 220
219 235
220 221
221 222
221 237
222 223
223 239
224 225
224 240
224 239
225 226
226 227
226 242
227 228
228 229
228 244
229 230
230 231
230 246
231 232
232 233
232 248
233 234
234 235
234 250
235 236
236 237
236 252
237 238
238 239
238 254
240 241
240 255
241 242
242 243
243 244
244 245
245 246
246 247
247 248
248 249
249 250
250 251
251 252
252 253
253 254
254 255
