0 1
0 20
0 19
1 2
1 381
2 3
2 22
3 4
3 383
4 5
4 24
5 6
5 385
6 7
6 26
7 8
7 387
8 9
8 28
9 10
9 389
10 11
10 30
11 12
11 391
12 13
12 32
13 14
13 393
14 15
14 34
15 16
15 395
16 17
16 36
17 18
17 397
18 19
18 38
19 399
20 21
20 39
21 22
21 41
22 23
23 24
23 43
24 25
25 26
25 45
26 27
27 28
27 47
28 29
29 30
29 49
30 31
31 32
31 51
32 33
33 34
33 53
34 35
35 36
35 55
36 37
37 38
37 57
38 39
39 59
40 41
40 60
40 59
41 42
42 43
42 62
43 44
44 45
44 64
45 46
46 47
46 66
47 48
48 49
48 68
49 50
50 51
50 70
51 52
52 53
52 72
53 54
54 55
54 74
55 56
56 57
56 76
57 58
58 59
58 78
60 61
60 79
61 62
61 81
62 63
63 64
63 83
64 65
65 66
65 85
66 67
67 68
67 87
68 69
69 70
69 89
70 71
71 72
71 91
72 73
73 74
73 93
74 75
75 76
75 95
76 77
77 78
77 97
78 79
79 99
80 81
80 100
80 99
81 82
82 83
82 102
83 84
84 85
84 104
85 86
86 87
86 106
87 88
88 89
88 108
89 90
90 91
90 110
91 92
92 93
92 112
93 94
94 95
94 114
95 96
96 97
96 116
97 98
98 99
98 118
100 101
100 119
101 102
101 121
102 103
103 104
103 123
104 105
105 106
105 125
106 107
107 108
107 127
108 109
109 110
109 129
110 111
111 112
111 131
112 113
113 114
113 133
114 115
115 116
115 135
116 117
117 118
117 137
118 119
119 139
120 121
120 140
120 139
121 122
122 123
122 142
123 124
124 125
124 144
125 126
126 127
126 146
127 128
128 129
128 148
129 130
130 131
130 150
131 132
132 133
132 152
133 134
134 135
134 154
135 136
136 137
136 156
137 138
138 139
138 158
140 141
140 159
141 142
141 161
142 143
143 144
143 163
144 145
145 146
145 165
146 147
147 148
147 167
148 149
149 150
149 169
150 151
151 152
151 171
152 153
153 154
153 173
154 155
155 156
155 175
156 157
157 158
157 177
158 159
159 179
160 161
160 180
160 179
161 162
162 163
162 182
163 164
164 165
164 184
165 166
166 167
166 186
167 168
168 169
168 188
169 170
170 171
170 190
171 172
172 173
172 192
173 174
174 175
174 194
175 176
176 177
176 196
177 178
178 179
178 198
180 181
180 199
181 182
181 201
182 183
183 184
183 203
184 185
185 186
185 205
186 187
187 188
187 207
188 189
189 190
189 209
190 191
191 192
191 211
192 193
193 194
193 213
194 195
195 196
195 215
196 197
197 198
197 217
198 199
199 219
200 201
200 220
200 219
201 202
202 203
202 222
203 204
204 205
204 224
205 206
206 207
206 226
207 208
208 209
208 228
209 210
210 211
210 230
211 212
212 213
212 232
213 214
214 215
214 234
215 216
216 217
216 236
217 218
218 219
218 238
220 221
220 239
221 222
221 241
222 223
223 224
223 243
224 225
225 226
225 245
226 227
227 228
227 247
228 229
229 230
229 249
230 231
231 232
231 251
232 233
233 234
233 253
234 235
235 236
235 255
236 237
237 238
237 257
238 239
239 259
240 241
240 260
240 259
241 242
242 243
242 262
243 244
244 245
244 264
245 246
246 247
246 266
247 248
248 249
248 268
249 250
250 251
250 270
251 252
252 253
252 272
253 254
254 255
254 274
255 256
256 257
256 276
257 258
258 259
258 278
260 261
260 279
261 262
261 281
262 263
263 264
263 283
264 265
265 266
265 285
266 267
267 268
267 287
268 269
269 270
269 289
270 271
271 272
271 291
272 273
273 274
273 293
274 275
275 276
275 295
276 277
277 278
277 297
278 279
279 299
280 281
280 300
280 299
281 282
282 283
282 302
283 284
284 285
284 304
285 286
286 287
286 306
287 288
288 289
288 308
289 290
290 291
290 310
291 292
292 293
292 312
293 294
294 295
294 314
295 296
296 297
296 316
297 298
298 299
298 318
300 301
300 319
301 302
301 321
302 303
303 304
303 323
304 305
305 306
305 325
306 307
307 308
307 327
308 309
309 310
309 329
310 311
311 312
311 331
312 313
313 314
313 333
314 315
315 316
315 335
316 317
317 318
317 337
318 319
319 339
320 321
320 340
320 339
321 322
322 323
322 342
323 324
324 325
324 344
325 326
326 327
326 346
327 328
328 329
328 348
329 330
330 331
330 350
331 332
332 333
332 352
333 334
334 335
334 354
335 336
336 337
336 356
337 338
338 339
338 358
340 341
340 359
341 342
341 361
342 343
343 344
343 363
344 345
345 346
345 365
346 347
347 348
347 367
348 349
349 350
349 369
350 351
351 352
351 371
352 353
353 354
353 373
354 355
355 356
355 375
356 357
357 358
357 377
358 359
359 379
360 361
360 380
360 379
361 362
362 363
362 382
363 364
364 365
364 384
365 366
366 367
366 386
367 368
368 369
368 388
369 370
370 371
370 390
371 372
372 373
372 392
373 374
374 375
374 394
375 376
376 377
376 396
377 378
378 379
378 398
380 381
380 399
381 382
382 383
383 384
384 385
385 386
386 387
387 388
388 389
389 390
390 391
391 392
392 393
393 394
394 395
395 396
396 397
397 398
398 399
