0 1
0 22
0 21
1 2
1 463
2 3
2 24
3 4
3 465
4 5
4 26
5 6
5 467
6 7
6 28
7 8
7 469
8 9
8 30
9 10
9 471
10 11
10 32
11 12
11 473
12 13
12 34
13 14
13 475
14 15
14 36
15 16
15 477
16 17
16 38
17 18
17 479
18 19
18 40
19 20
19 481
20 21
20 42
21 483
22 23
22 43
23 24
23 45
24 25
25 26
25 47
26 27
27 28
27 49
28 29
29 30
29 51
30 31
31 32
31 53
32 33
33 34
33 55
34 35
35 36
35 57
36 37
37 38
37 59
38 39
39 40
39 61
40 41
41 42
41 63
42 43
43 65
44 45
44 66
44 65
45 46
46 47
46 68
47 48
48 49
48 70
49 50
50 51
50 72
51 52
52 53
52 74
53 54
54 55
54 76
55 56
56 57
56 78
57 58
58 59
58 80
59 60
60 61
60 82
61 62
62 63
62 84
63 64
64 65
64 86
66 67
66 87
67 68
67 89
68 69
69 70
69 91
70 71
71 72
71 93
72 73
73 74
73 95
74 75
75 76
75 97
76 77
77 78
77 99
78 79
79 80
79 101
80 81
81 82
81 103
82 83
83 84
83 105
84 85
85 86
85 107
86 87
87 109
88 89
88 110
88 109
89 90
90 91
90 112
91 92
92 93
92 114
93 94
94 95
94 116
95 96
96 97
96 118
97 98
98 99
98 120
99 100
100 101
100 122
101 102
102 103
102 124
103 104
104 105
104 126
105 106
106 107
106 128
107 108
108 109
108 130
110 111
110 131
111 112
111 133
112 113
113 114
113 135
114 115
115 116
115 137
116 117
117 118
117 139
118 119
119 120
119 141
120 121
121 122
121 143
122 123
123 124
123 145
124 125
125 126
125 147
126 127
127 128
127 149
128 129
129 130
129 151
130 131
131 153
132 133
132 154
132 153
133 134
134 135
134 156
135 136
136 137
136 158
137 138
138 139
138 160
139 140
140 141
140 162
141 142
142 143
142 164
143 144
144 145
144 166
145 146
146 147
146 168
147 148
148 149
148 170
149 150
150 151
150 172
151 152
152 153
152 174
154 155
154 175
155 156
155 177
156 157
157 158
157 179
158 159
159 160
159 181
160 161
161 162
161 183
162 163
163 164
163 185
164 165
165 166
165 187
166 167
167 168
167 189
168 169
169 170
169 191
170 171
171 172
171 193
172 173
173 174
173 195
174 175
175 197
176 177
176 198
176 197
177 178
178 179
178 200
179 180
180 181
180 202
181 182
182 183
182 204
183 184
184 185
184 206
185 186
186 187
186 208
187 188
188 189
188 210
189 190
190 191
190 212
191 192
192 193
192 214
193 194
194 195
194 216
195 196
196 197
196 218
198 199
198 219
199 200
199 221
200 201
201 202
201 223
202 203
203 204
203 225
204 205
205 206
205 227
206 207
207 208
207 229
208 209
209 210
209 231
210 211
211 212
211 233
212 213
213 214
213 235
214 215
215 216
215 237
216 217
217 218
217 239
218 219
219 241
220 221
220 242
220 241
221 222
222 223
222 244
223 224
224 225
224 246
225 226
226 227
226 248
227 228
228 229
228 250
229 230
230 231
230 252
231 232
232 233
232 254
233 234
234 235
234 256
235 236
236 237
236 258
237 238
238 239
238 260
239 240
240 241
240 262
242 243
242 263
243 244
243 265
244 245
245 246
245 267
246 247
247 248
247 269
248 249
249 250
249 271
250 251
251 252
251 273
252 253
253 254
253 275
254 255
255 256
255 277
256 257
257 258
257 279
258 259
259 260
259 281
260 261
261 262
261 283
262 263
263 285
264 265
264 286
264 285
265 266
266 267
266 288
267 268
268 269
268 290
269 270
270 271
270 292
271 272
272 273
272 294
273 274
274 275
274 296
275 276
276 277
276 298
277 278
278 279
278 300
279 280
280 281
280 302
281 282
282 283
282 304
283 284
284 285
284 306
286 287
286 307
287 288
287 309
288 289
289 290
289 311
290 291
291 292
291 313
292 293
293 294
293 315
294 295
295 296
295 317
296 297
297 298
297 319
298 299
299 300
299 321
300 301
301 302
301 323
302 303
303 304
303 325
304 305
305 306
305 327
306 307
307 329
308 309
308 330
308 329
309 310
310 311
310 332
311 312
312 313
312 334
313 314
314 315
314 336
315 316
316 317
316 338
317 318
318 319
318 340
319 320
320 321
320 342
321 322
322 323
322 344
323 324
324 325
324 346
325 326
326 327
326 348
327 328
328 329
328 350
330 331
330 351
331 332
331 353
332 333
333 334
333 355
334 335
335 336
335 357
336 337
337 338
337 359
338 339
339 340
339 361
340 341
341 342
341 363
342 343
343 344
343 365
344 345
345 346
345 367
346 347
347 348
347 369
348 349
349 350
349 371
350 351
351 373
352 353
352 374
352 373
353 354
354 355
354 376
355 356
356 357
356 378
357 358
358 359
358 380
359 360
360 361
360 382
361 362
362 363
362 384
363 364
364 365
364 386
365 366
366 367
366 388
367 368
368 369
368 390
369 370
370 371
370 392
371 372
372 373
372 394
374 375
374 395
375 376
375 397
376 377
377 378
377 399
378 379
379 380
379 401
380 381
381 382
381 403
382 383
383 384
383 405
384 385
385 386
385 407
386 387
387 388
387 409
388 389
389 390
389 411
390 391
391 392
391 413
392 393
393 394
393 415
394 395
395 417
396 397
396 418
396 417
397 398
398 399
398 420
399 400
400 401
400 422
401 402
402 403
402 424
403 404
404 405
404 426
405 406
406 407
406 428
407 408
408 409
408 430
409 410
410 411
410 432
411 412
412 413
412 434
413 414
414 415
414 436
415 416
416 417
416 438
418 419
418 439
419 420
419 441
420 421
421 422
421 443
422 423
423 424
423 445
424 425
425 426
425 447
426 427
427 428
427 449
428 429
429 430
429 451
430 431
431 432
431 453
432 433
433 434
433 455
434 435
435 436
435 457
436 437
437 438
437 459
438 439
439 461
440 441
440 462
440 461
441 442
442 443
442 464
443 444
444 445
444 466
445 446
446 447
446 468
447 448
448 449
448 470
449 450
450 451
450 472
451 452
452 453
452 474
453 454
454 455
454 476
455 456
456 457
456 478
457 458
458 459
458 480
459 460
460 461
460 482
462 463
462 483
463 464
464 465
465 466
466 467
467 468
468 469
469 470
470 471
471 472
472 473
473 474
474 475
475 476
476 477
477 478
478 479
479 480
480 481
481 482
482 483
