0 1
0 14
0 13
1 2
1 183
2 3
2 16
3 4
3 185
4 5
4 18
5 6
5 187
6 7
6 20
7 8
7 189
8 9
8 22
9 10
9 191
10 11
10 24
11 12
11 193
12 13
12 26
13 195
14 15
14 27
15 16
15 29
16 17
17 18
17 31
18 19
19 20
19 33
20 21
21 22
21 35
22 23
23 24
23 37
24 25
25 26
25 39
26 27
27 41
28 29
28 42
28 41
29 30
30 31
30 44
31 32
32 33
32 46
33 34
34 35
34 48
35 36
36 37
36 50
37 38
38 39
38 52
39 40
40 41
40 54
42 43
42 55
43 44
43 57
44 45
45 46
45 59
46 47
47 48
47 61
48 49
49 50
49 63
50 51
51 52
51 65
52 53
53 54
53 67
54 55
55 69
56 57
56 70
56 69
57 58
58 59
58 72
59 60
60 61
60 74
61 62
62 63
62 76
63 64
64 65
64 78
65 66
66 67
66 80
67 68
68 69
68 82
70 71
70 83
71 72
71 85
72 73
73 74
73 87
74 75
75 76
75 89
76 77
77 78
77 91
78 79
79 80
79 93
80 81
81 82
81 95
82 83
83 97
84 85
84 98
84 97
85 86
86 87
86 100
87 88
88 89
88 102
89 90
90 91
90 104
91 92
92 93
92 106
93 94
94 95
94 108
95 96
96 97
96 110
98 99
98 111
99 100
99 113
100 101
101 102
101 115
102 103
103 104
103 117
104 105
105 106
105 119
106 107
107 108
107 121
108 109
109 110
109 123
110 111
111 125
112 113
112 126
112 125
113 114
114 115
114 128
115 116
116 117
116 130
117 118
118 119
118 132
119 120
120 121
120 134
121 122
122 123
122 136
123 124
124 125
124 138
126 127
126 139
127 128
127 141
128 129
129 130
129 143
130 131
131 132
131 145
132 133
133 134
133 147
134 135
135 136
135 149
136 137
137 138
137 151
138 139
139 153
140 141
140 154
140 153
141 142
142 143
142 156
143 144
144 145
144 158
145 146
146 147
146 160
147 148
148 149
148 162
149 150
150 151
150 164
151 152
152 153
152 166
154 155
154 167
155 156
155 169
156 157
157 158
157 171
158 159
159 160
159 173
160 161
161 162
161 175
162 163
163 164
163 177
164 165
165 166
165 179
166 167
167 181
168 169
168 182
168 181
169 170
170 171
170 184
171 172
172 173
172 186
173 174
174 175
174 188
175 176
176 177
176 190
177 178
178 179
178 192
179 180
180 181
180 194
182 183
182 195
183 184
184 185
185 186
186 187
187 188
188 189
189 190
190 191
191 192
192 193
193 194
194 195
