0 1
0 18
0 17
1 2
1 307
2 3
2 20
3 4
3 309
4 5
4 22
5 6
5 311
6 7
6 24
7 8
7 313
8 9
8 26
9 10
9 315
10 11
10 28
11 12
11 317
12 13
12 30
13 14
13 319
14 15
14 32
15 16
15 321
16 17
16 34
17 323
18 19
18 35
19 20
19 37
20 21
21 22
21 39
22 23
23 24
23 41
24 25
25 26
25 43
26 27
27 28
27 45
28 29
29 30
29 47
30 31
31 32
31 49
32 33
33 34
33 51
34 35
35 53
36 37
36 54
36 53
37 38
38 39
38 56
39 40
40 41
40 58
41 42
42 43
42 60
43 44
44 45
44 62
45 46
46 47
46 64
47 48
48 49
48 66
49 50
50 51
50 68
51 52
52 53
52 70
54 55
54 71
55 56
55 73
56 57
57 58
57 75
58 59
59 60
59 77
60 61
61 62
61 79
62 63
63 64
63 81
64 65
65 66
65 83
66 67
67 68
67 85
68 69
69 70
69 87
70 71
71 89
72 73
72 90
72 89
73 74
74 75
74 92
75 76
76 77
76 94
77 78
78 79
78 96
79 80
80 81
80 98
81 82
82 83
82 100
83 84
84 85
84 102
85 86
86 87
86 104
87 88
88 89
88 106
90 91
90 107
91 92
91 109
92 93
93 94
93 111
94 95
95 96
95 113
96 97
97 98
97 115
98 99
99 100
99 117
100 101
101 102
101 119
102 103
103 104
103 121
104 105
105 106
105 123
106 107
107 125
108 109
108 126
108 125
109 110
110 111
110 128
111 112
112 113
112 130
113 114
114 115
114 132
115 116
116 117
116 134
117 118
118 119
118 136
119 120
120 121
120 138
121 122
122 123
122 140
123 124
124 125
124 142
126 127
126 143
127 128
127 145
128 129
129 130
129 147
130 131
131 132
131 149
132 133
133 134
133 151
134 135
135 136
135 153
136 137
137 138
137 155
138 139
139 140
139 157
140 141
141 142
141 159
142 143
143 161
144 145
144 162
144 161
145 146
146 147
146 164
147 148
148 149
148 166
149 150
150 151
150 168
151 152
152 153
152 170
153 154
154 155
154 172
155 156
156 157
156 174
157 158
158 159
158 176
159 160
160 161
160 178
162 163
162 179
163 164
163 181
164 165
165 166
165 183
166 167
167 168
167 185
168 169
169 170
169 187
170 171
171 172
171 189
172 173
173 174
173 191
174 175
175 176
175 193
176 177
177 178
177 195
178 179
179 197
180 181
180 198
180 197
181 182
182 183
182 200
183 184
184 185
184 202
185 186
186 187
186 204
187 188
188 189
188 206
189 190
190 191
190 208
191 192
192 193
192 210
193 194
194 195
194 212
195 196
196 197
196 214
198 199
198 215
199 200
199 217
200 201
201 202
201 219
202 203
203 204
203 221
204 205
205 206
205 223
206 207
207 208
207 225
208 209
209 210
209 227
210 211
211 212
211 229
212 213
213 214
213 231
214 215
215 233
216 217
216 234
216 233
217 218
218 219
218 236
219 220
220 221
220 238
221 222
222 223
222 240
223 224
224 225
224 242
225 226
226 227
226 244
227 228
228 229
228 246
229 230
230 231
230 248
231 232
232 233
232 250
234 235
234 251
235 236
235 253
236 237
237 238
237 255
238 239
239 240
239 257
240 241
241 242
241 259
242 243
243 244
243 261
244 245
245 246
245 263
246 247
247 248
247 265
248 249
249 250
249 267
250 251
251 269
252 253
252 270
252 269
253 254
254 255
254 272
255 256
256 257
256 274
257 258
258 259
258 276
259 260
260 261
260 278
261 262
262 263
262 280
263 264
264 265
264 282
265 266
266 267
266 284
267 268
268 269
268 286
270 271
270 287
271 272
271 289
272 273
273 274
273 291
274 275
275 276
275 293
276 277
277 278
277 295
278 279
279 280
279 297
280 281
281 282
281 299
282 283
283 284
283 301
284 285
285 286
285 303
286 287
287 305
288 289
288 306
288 305
289 290
290 291
290 308
291 292
292 293
292 310
293 294
294 295
294 312
295 296
296 297
296 314
297 298
298 299
298 316
299 300
300 301
300 318
301 302
302 303
302 320
303 304
304 305
304 322
306 307
306 323
307 308
308 309
309 310
310 311
311 312
312 313
313 314
314 315
315 316
316 317
317 318
318 319
319 320
320 321
321 322
322 323
