0 1
0 12
0 11
1 2
1 133
2 3
2 14
3 4
3 135
4 5
4 16
5 6
5 137
6 7
6 18
7 8
7 139
8 9
8 20
9 10
9 141
10 11
10 22
11 143
12 13
12 23
13 14
13 25
14 15
15 16
15 27
16 17
17 18
17 29
18 19
19 20
19 31
20 21
21 22
21 33
22 23
23 35
24 25
24 36
24 35
25 26
26 27
26 38
27 28
28 29
28 40
29 30
30 31
30 42
31 32
32 33
32 44
33 34
34 35
34 46
36 37
36 47
37 38
37 49
38 39
39 40
39 51
40 41
41 42
41 53
42 43
43 44
43 55
44 45
45 46
45 57
46 47
47 59
48 49
48 60
48 59
49 50
50 51
50 62
51 52
52 53
52 64
53 54
54 55
54 66
55 56
56 57
56 68
57 58
58 59
58 70
60 61
60 71
61 62
61 73
62 63
63 64
63 75
64 65
65 66
65 77
66 67
67 68
67 79
68 69
69 70
69 81
70 71
71 83
72 73
72 84
72 83
73 74
74 75
74 86
75 76
76 77
76 88
77 78
78 79
78 90
79 80
80 81
80 92
81 82
82 83
82 94
84 85
84 95
85 86
85 97
86 87
87 88
87 99
88 89
89 90
89 101
90 91
91 92
91 103
92 93
93 94
93 105
94 95
95 107
96 97
96 108
96 107
97 98
98 99
98 110
99 100
100 101
100 112
101 102
102 103
102 114
103 104
104 105
104 116
105 106
106 107
106 118
108 109
108 119
109 110
109 121
110 111
111 112
111 123
112 113
113 114
113 125
114 115
115 116
115 127
116 117
117 118
117 129
118 119
119 131
120 121
120 132
120 131
121 122
122 123
122 134
123 124
124 125
124 136
125 126
126 127
126 138
127 128
128 129
128 140
129 130
130 131
130 142
132 133
132 143
133 134
134 135
135 136
136 137
137 138
138 139
139 140
140 141
141 142
142 143
