0 1
0 10
0 9
1 2
1 91
2 3
2 12
3 4
3 93
4 5
4 14
5 6
5 95
6 7
6 16
7 8
7 97
8 9
8 18
9 99
10 11
10 19
11 12
11 21
12 13
13 14
13 23
14 15
15 16
15 25
16 17
17 18
17 27
18 19
19 29
20 21
20 30
20 29
21 22
22 23
22 32
23 24
24 25
24 34
25 26
26 27
26 36
27 28
28 29
28 38
30 31
30 39
31 32
31 41
32 33
33 34
33 43
34 35
35 36
35 45
36 37
37 38
37 47
38 39
39 49
40 41
40 50
40 49
41 42
42 43
42 52
43 44
44 45
44 54
45 46
46 47
46 56
47 48
48 49
48 58
50 51
50 59
51 52
51 61
52 53
53 54
53 63
54 55
55 56
55 65
56 57
57 58
57 67
58 59
59 69
60 61
60 70
60 69
61 62
62 63
62 72
63 64
64 65
64 74
65 66
66 67
66 76
67 68
68 69
68 78
70 71
70 79
71 72
71 81
72 73
73 74
73 83
74 75
75 76
75 85
76 77
77 78
77 87
78 79
79 89
80 81
80 90
80 89
81 82
82 83
82 92
83 84
84 85
84 94
85 86
86 87
86 96
87 88
88 89
88 98
90 91
90 99
91 92
92 93
93 94
94 95
95 96
96 97
97 98
98 99
