0 12
0 13
0 14
0 15
0 16
0 17
0 19
0 21
0 22
0 23
0 25
0 26
0 27
0 30
0 39
0 53
0 54
0 56
0 61
0 68
0 71
0 81
0 94
0 99
0 104
0 113
0 114
0 115
0 120
0 124
0 126
0 134
0 135
0 136
0 142
0 144
0 155
0 156
0 159
0 160
0 164
0 169
0 183
0 186
0 211
0 215
0 222
0 240
1 12
1 13
1 14
1 16
1 19
1 22
1 30
1 32
1 33
1 34
1 35
1 36
1 39
1 42
1 44
1 46
1 47
1 50
1 53
1 54
1 55
1 57
1 60
1 68
1 69
1 79
1 84
1 88
1 90
1 96
1 98
1 99
1 101
1 108
1 109
1 110
1 113
1 117
1 124
1 125
1 132
1 141
1 147
1 148
1 151
1 152
1 164
1 166
1 170
1 174
1 179
1 184
1 186
1 187
1 195
1 196
1 205
1 217
1 218
1 219
1 220
1 226
1 229
1 230
1 231
1 233
1 234
1 238
1 240
1 241
1 242
1 247
2 12
2 13
2 15
2 17
2 18
2 20
2 22
2 24
2 25
2 26
2 27
2 30
2 31
2 33
2 35
2 46
2 49
2 50
2 54
2 55
2 86
2 92
2 99
2 103
2 108
2 118
2 122
2 128
2 139
2 141
2 148
2 151
2 159
2 163
2 189
2 193
2 195
2 198
2 200
2 206
2 232
2 249
3 12
3 13
3 14
3 17
3 18
3 20
3 26
3 32
3 33
3 36
3 40
3 42
3 45
3 47
3 50
3 58
3 62
3 65
3 67
3 77
3 95
3 119
3 124
3 143
3 154
3 157
3 167
3 179
3 180
3 187
3 197
3 206
3 213
3 214
3 215
3 217
3 223
3 229
3 236
3 242
3 243
3 245
3 246
4 12
4 13
4 14
4 15
4 16
4 18
4 19
4 21
4 23
4 27
4 28
4 31
4 32
4 35
4 39
4 43
4 44
4 47
4 50
4 57
4 60
4 61
4 62
4 63
4 65
4 66
4 68
4 74
4 76
4 79
4 83
4 84
4 87
4 90
4 93
4 94
4 98
4 108
4 109
4 111
4 114
4 119
4 120
4 121
4 122
4 137
4 140
4 141
4 147
4 156
4 158
4 167
4 168
4 169
4 190
4 198
4 214
4 221
4 223
4 232
4 239
4 249
5 12
5 13
5 14
5 16
5 17
5 18
5 19
5 32
5 41
5 45
5 53
5 59
5 63
5 65
5 66
5 93
5 107
5 115
5 132
5 138
5 144
5 145
5 149
5 150
5 167
5 181
5 191
5 197
5 207
5 220
5 232
5 242
5 247
6 12
6 13
6 14
6 15
6 16
6 17
6 18
6 19
6 20
6 21
6 23
6 24
6 25
6 29
6 31
6 32
6 34
6 35
6 38
6 41
6 43
6 44
6 47
6 48
6 50
6 51
6 52
6 54
6 58
6 62
6 64
6 69
6 70
6 71
6 72
6 73
6 74
6 76
6 77
6 78
6 81
6 82
6 86
6 91
6 99
6 100
6 101
6 103
6 109
6 111
6 119
6 120
6 121
6 123
6 127
6 132
6 133
6 134
6 137
6 144
6 147
6 150
6 155
6 156
6 159
6 165
6 170
6 174
6 182
6 183
6 193
6 198
6 206
6 208
6 213
6 220
6 221
6 223
6 224
6 243
7 12
7 14
7 15
7 16
7 18
7 20
7 21
7 24
7 32
7 33
7 34
7 35
7 36
7 37
7 39
7 41
7 43
7 48
7 49
7 50
7 53
7 54
7 55
7 56
7 59
7 63
7 78
7 83
7 86
7 91
7 92
7 98
7 105
7 108
7 112
7 118
7 123
7 135
7 137
7 138
7 145
7 149
7 152
7 154
7 160
7 169
7 172
7 175
7 176
7 200
7 219
8 12
8 13
8 15
8 16
8 17
8 27
8 28
8 33
8 37
8 38
8 42
8 43
8 65
8 74
8 75
8 80
8 82
8 86
8 89
8 94
8 100
8 104
8 111
8 126
8 128
8 132
8 136
8 137
8 140
8 146
8 149
8 158
8 164
8 166
8 178
8 186
8 191
8 196
8 206
8 209
8 211
8 215
8 222
8 232
8 238
8 241
9 12
9 13
9 14
9 15
9 16
9 22
9 27
9 29
9 30
9 34
9 35
9 44
9 45
9 46
9 49
9 51
9 57
9 60
9 69
9 83
9 90
9 93
9 94
9 101
9 120
9 130
9 133
9 148
9 154
9 158
9 162
9 172
9 185
9 199
9 208
9 227
9 235
9 240
10 12
10 13
10 14
10 15
10 18
10 19
10 20
10 21
10 26
10 28
10 29
10 30
10 38
10 39
10 41
10 46
10 48
10 51
10 57
10 60
10 66
10 67
10 69
10 77
10 85
10 87
10 89
10 93
10 106
10 111
10 125
10 131
10 149
10 192
10 193
10 200
10 207
10 213
10 218
10 245
11 12
11 13
11 14
11 15
11 17
11 19
11 20
11 22
11 23
11 26
11 28
11 31
11 32
11 37
11 40
11 43
11 49
11 52
11 56
11 60
11 66
11 71
11 104
11 109
11 112
11 120
11 125
11 131
11 133
11 136
11 140
11 141
11 145
11 146
11 161
11 163
11 170
11 183
11 196
11 197
11 198
11 199
11 200
11 207
11 208
11 221
11 227
11 228
11 235
11 240
11 241
12 13
12 14
12 15
12 16
12 17
12 18
12 19
12 20
12 21
12 22
12 23
12 24
12 25
12 26
12 27
12 28
12 29
12 30
12 31
12 32
12 33
12 40
12 41
12 43
12 45
12 46
12 47
12 50
12 51
12 53
12 58
12 59
12 70
12 71
12 73
12 76
12 78
12 87
12 93
12 94
12 98
12 100
12 101
12 102
12 104
12 106
12 107
12 109
12 112
12 116
12 118
12 121
12 122
12 123
12 138
12 142
12 157
12 159
12 161
12 162
12 163
12 164
12 167
12 169
12 170
12 178
12 180
12 182
12 185
12 188
12 191
12 194
12 197
12 211
12 213
12 218
12 220
12 224
12 227
12 230
12 231
12 233
12 244
12 245
12 246
12 247
13 14
13 15
13 16
13 17
13 18
13 19
13 20
13 22
13 23
13 24
13 25
13 27
13 28
13 29
13 32
13 33
13 34
13 35
13 36
13 39
13 41
13 45
13 47
13 49
13 52
13 53
13 54
13 56
13 58
13 60
13 61
13 62
13 63
13 67
13 72
13 76
13 83
13 86
13 89
13 94
13 95
13 101
13 111
13 112
13 115
13 122
13 124
13 125
13 127
13 132
13 133
13 134
13 145
13 170
13 172
13 173
13 186
13 195
13 197
13 199
13 200
13 219
13 224
13 233
13 234
13 237
13 243
13 246
13 247
14 15
14 16
14 17
14 18
14 19
14 20
14 21
14 22
14 24
14 25
14 26
14 27
14 28
14 29
14 30
14 31
14 34
14 37
14 39
14 40
14 42
14 43
14 49
14 53
14 55
14 60
14 61
14 64
14 65
14 67
14 69
14 72
14 78
14 80
14 84
14 85
14 87
14 91
14 96
14 97
14 98
14 99
14 103
14 104
14 106
14 108
14 110
14 112
14 116
14 117
14 118
14 125
14 127
14 128
14 131
14 133
14 138
14 145
14 147
14 163
14 169
14 172
14 174
14 176
14 184
14 187
14 197
14 198
14 199
14 201
14 202
14 206
14 207
14 212
14 213
14 227
14 249
15 16
15 17
15 18
15 19
15 20
15 21
15 22
15 23
15 25
15 26
15 30
15 31
15 33
15 35
15 37
15 38
15 40
15 42
15 50
15 55
15 56
15 60
15 61
15 63
15 64
15 70
15 71
15 72
15 77
15 79
15 80
15 82
15 87
15 93
15 96
15 100
15 105
15 110
15 112
15 126
15 131
15 184
15 189
15 191
15 200
15 204
15 226
15 227
15 238
15 241
15 246
16 17
16 21
16 24
16 28
16 29
16 30
16 31
16 33
16 38
16 39
16 41
16 42
16 56
16 60
16 75
16 79
16 86
16 104
16 152
16 162
16 173
16 175
16 200
16 204
16 212
16 215
16 223
16 248
17 18
17 21
17 22
17 23
17 24
17 25
17 26
17 27
17 29
17 30
17 33
17 34
17 36
17 37
17 39
17 43
17 49
17 51
17 53
17 54
17 55
17 62
17 66
17 67
17 68
17 88
17 90
17 93
17 95
17 99
17 124
17 148
17 155
17 166
17 184
17 187
17 191
17 204
17 218
17 223
17 247
17 248
18 19
18 21
18 23
18 24
18 30
18 34
18 40
18 44
18 52
18 57
18 66
18 67
18 86
18 88
18 89
18 95
18 102
18 104
18 106
18 114
18 117
18 128
18 180
18 181
18 217
18 229
18 241
19 20
19 22
19 23
19 24
19 25
19 26
19 28
19 30
19 32
19 33
19 34
19 35
19 36
19 37
19 38
19 40
19 41
19 46
19 52
19 54
19 65
19 69
19 70
19 78
19 84
19 85
19 96
19 101
19 102
19 112
19 118
19 127
19 129
19 133
19 138
19 141
19 143
19 145
19 168
19 202
19 208
20 21
20 24
20 26
20 34
20 39
20 40
20 45
20 46
20 47
20 52
20 54
20 58
20 63
20 73
20 74
20 77
20 91
20 95
20 98
20 110
20 112
20 113
20 130
20 138
20 150
20 154
20 172
20 181
20 204
20 243
20 249
21 25
21 31
21 37
21 38
21 48
21 58
21 66
21 69
21 82
21 83
21 102
21 114
21 118
21 134
21 144
21 150
21 156
21 181
21 213
22 25
22 27
22 32
22 34
22 36
22 42
22 48
22 79
22 133
22 139
22 148
22 182
22 198
22 229
22 232
23 25
23 29
23 44
23 68
23 71
23 81
23 122
23 175
23 233
23 241
24 27
24 28
24 35
24 41
24 43
24 51
24 76
24 85
25 26
25 29
25 60
25 61
25 62
25 67
25 78
25 102
25 119
25 131
25 133
26 36
26 45
26 77
26 91
26 106
26 159
26 160
26 183
26 236
27 31
27 46
27 75
27 89
27 101
27 112
27 160
27 203
27 227
28 31
28 33
28 35
28 37
28 38
28 59
28 66
28 70
28 74
28 75
28 82
28 83
28 95
28 117
28 127
28 129
28 156
28 199
28 208
28 235
29 43
29 51
29 53
29 75
29 78
29 87
29 100
29 119
29 175
30 31
30 60
30 85
30 90
30 101
30 141
30 145
30 217
31 45
31 56
31 71
31 81
31 105
31 112
31 120
31 145
31 224
31 228
32 36
32 38
32 40
32 41
32 53
32 58
32 61
32 68
32 71
32 72
32 80
32 81
32 107
32 109
32 114
32 117
32 123
32 125
32 140
32 147
32 149
32 155
32 168
32 170
32 195
32 196
32 220
32 225
32 229
32 236
32 238
32 243
32 247
33 35
33 36
33 37
33 38
33 42
33 47
33 49
33 50
33 54
33 55
33 66
33 69
33 70
33 73
33 74
33 75
33 76
33 79
33 80
33 82
33 84
33 88
33 93
33 95
33 96
33 107
33 108
33 122
33 124
33 127
33 132
33 136
33 137
33 139
33 140
33 145
33 146
33 155
33 163
33 168
33 169
33 174
33 185
33 189
33 190
33 194
33 196
33 203
33 206
33 208
33 217
33 222
33 230
33 240
33 246
34 36
34 37
34 39
34 42
34 44
34 48
34 51
34 54
34 57
34 63
34 64
34 65
34 67
34 68
34 72
34 78
34 79
34 83
34 85
34 89
34 94
34 95
34 96
34 97
34 101
34 103
34 105
34 111
34 115
34 116
34 117
34 121
34 123
34 130
34 131
34 137
34 139
34 142
34 147
34 148
34 149
34 154
34 159
34 165
34 170
34 177
34 179
34 184
34 185
34 192
34 209
34 211
34 216
34 224
34 227
34 246
34 248
35 37
35 38
35 40
35 41
35 43
35 44
35 46
35 51
35 55
35 57
35 59
35 62
35 64
35 66
35 68
35 70
35 71
35 73
35 78
35 79
35 80
35 88
35 91
35 96
35 101
35 109
35 116
35 117
35 119
35 124
35 126
35 128
35 129
35 130
35 139
35 148
35 152
35 154
35 155
35 160
35 163
35 164
35 168
35 170
35 172
35 173
35 178
35 180
35 181
35 188
35 193
35 194
35 198
35 199
35 205
35 207
35 211
35 215
35 221
35 222
35 224
35 235
35 236
35 240
35 241
35 249
36 46
36 47
36 48
36 54
36 56
36 58
36 63
36 64
36 72
36 75
36 78
36 79
36 87
36 88
36 89
36 91
36 99
36 116
36 119
36 122
36 134
36 135
36 144
36 146
36 152
36 157
36 167
36 168
36 172
36 175
36 176
36 182
36 190
36 202
36 244
37 39
37 40
37 42
37 44
37 45
37 50
37 52
37 55
37 57
37 58
37 59
37 63
37 64
37 70
37 73
37 74
37 75
37 76
37 80
37 82
37 95
37 98
37 99
37 100
37 105
37 106
37 107
37 114
37 118
37 126
37 130
37 131
37 136
37 137
37 140
37 141
37 144
37 150
37 153
37 156
37 166
37 171
37 172
37 173
37 176
37 177
37 179
37 188
37 195
37 196
37 205
37 208
37 218
37 224
37 225
37 233
37 237
37 238
37 243
37 249
38 40
38 44
38 48
38 51
38 56
38 57
38 64
38 66
38 69
38 70
38 79
38 80
38 85
38 88
38 95
38 97
38 102
38 107
38 116
38 132
38 133
38 142
38 164
38 173
38 177
38 178
38 181
38 183
38 186
38 205
38 207
38 208
38 211
38 213
38 216
38 237
38 246
39 41
39 42
39 48
39 49
39 50
39 51
39 52
39 57
39 59
39 73
39 77
39 82
39 89
39 98
39 99
39 105
39 109
39 119
39 123
39 133
39 137
39 144
39 150
39 164
39 166
39 167
39 179
39 189
39 214
39 217
39 224
39 239
39 244
39 246
40 42
40 43
40 45
40 46
40 47
40 49
40 52
40 55
40 56
40 61
40 62
40 63
40 65
40 70
40 71
40 74
40 75
40 76
40 82
40 86
40 87
40 90
40 92
40 94
40 97
40 102
40 105
40 107
40 111
40 118
40 124
40 129
40 130
40 139
40 143
40 148
40 151
40 161
40 162
40 169
40 171
40 183
40 193
40 198
40 215
40 219
40 228
40 235
40 241
41 48
41 53
41 62
41 71
41 74
41 75
41 100
41 118
41 121
41 122
41 138
41 150
41 153
41 189
41 202
41 220
41 223
41 225
41 233
41 234
42 45
42 47
42 53
42 56
42 58
42 59
42 61
42 64
42 65
42 67
42 72
42 73
42 84
42 91
42 96
42 124
42 129
42 142
42 171
42 177
42 184
42 188
42 218
42 229
42 232
42 234
42 237
42 244
43 48
43 52
43 55
43 57
43 58
43 71
43 74
43 75
43 76
43 78
43 83
43 86
43 87
43 89
43 92
43 94
43 97
43 104
43 105
43 106
43 110
43 114
43 125
43 135
43 136
43 140
43 149
44 57
44 58
44 62
44 115
44 138
44 161
44 179
44 193
44 194
44 219
44 227
44 233
44 245
45 49
45 52
45 97
45 110
45 111
45 116
45 122
45 140
45 143
45 151
45 153
45 174
45 175
45 176
45 187
45 228
45 244
46 56
46 60
46 62
46 65
46 69
46 70
46 79
46 81
46 85
46 100
46 104
46 108
46 110
46 129
46 133
46 139
46 144
46 158
46 166
46 171
46 172
46 174
46 190
46 232
46 238
47 50
47 59
47 61
47 64
47 88
47 91
47 111
47 141
47 157
47 168
48 51
48 78
48 85
48 91
48 92
48 104
48 122
48 123
48 130
48 134
48 151
48 180
48 224
49 55
49 61
49 72
49 90
49 93
49 107
49 114
49 115
49 133
49 151
49 162
49 173
49 189
49 200
50 52
50 59
50 63
50 80
50 120
50 139
50 144
50 148
50 151
50 157
50 180
50 182
50 188
50 217
50 245
51 86
51 88
51 99
51 247
52 92
52 94
52 110
52 135
52 165
52 181
53 61
53 64
53 68
53 96
53 114
53 124
53 137
53 191
54 63
54 73
54 98
54 113
54 160
54 179
54 184
55 68
55 90
55 106
55 146
55 201
55 223
56 59
56 68
56 76
56 123
56 154
56 160
57 62
57 68
57 109
57 113
57 125
57 164
57 210
57 226
58 65
58 77
58 80
58 108
58 126
58 129
58 147
58 182
58 225
58 237
59 64
59 119
59 154
59 160
59 181
59 214
60 97
60 229
61 65
61 73
61 81
61 120
61 175
61 215
62 70
62 72
62 86
62 91
62 119
62 121
62 130
62 146
62 198
62 212
63 83
63 103
63 108
63 117
63 126
63 195
64 67
64 72
64 77
64 87
64 89
64 96
64 100
64 102
64 106
64 109
64 121
64 131
64 132
64 138
64 139
64 143
64 152
64 158
64 160
64 170
64 177
64 185
64 193
64 207
64 212
64 221
64 246
65 67
65 69
65 77
65 91
65 92
65 94
65 100
65 103
65 108
65 117
65 121
65 123
65 124
65 127
65 143
65 155
65 161
65 163
65 178
65 186
65 190
65 210
65 214
65 232
65 243
65 244
66 67
66 74
66 83
66 84
66 88
66 92
66 101
66 105
66 115
66 117
66 122
66 130
66 135
66 141
66 161
66 165
66 168
66 171
66 178
66 182
66 185
66 196
66 201
66 207
66 209
66 210
66 217
66 218
66 224
66 225
66 235
66 245
67 83
67 84
67 85
67 97
67 112
67 115
67 142
67 143
67 148
67 161
67 203
67 214
67 215
67 229
67 243
68 81
68 82
68 84
68 85
68 87
68 90
68 97
68 98
68 99
68 113
68 114
68 126
68 128
68 136
68 137
68 158
68 182
68 183
68 187
68 189
68 205
68 248
69 72
69 74
69 77
69 80
69 81
69 82
69 83
69 84
69 90
69 96
69 122
69 142
69 146
69 147
69 158
69 162
69 165
69 166
69 175
69 183
69 184
69 199
69 202
69 205
69 207
69 212
69 217
69 219
69 222
69 232
69 233
69 234
69 239
70 100
70 102
70 116
70 124
70 128
70 129
70 143
70 146
70 156
70 157
70 161
70 172
70 178
70 179
70 185
70 194
70 196
70 210
70 214
70 222
70 235
70 247
71 73
71 75
71 80
71 81
71 88
71 101
71 102
71 103
71 105
71 158
71 161
71 169
71 171
71 174
71 183
71 191
71 202
71 231
71 236
71 239
72 73
72 76
72 77
72 84
72 89
72 96
72 97
72 106
72 116
72 120
72 142
72 144
72 155
72 162
72 177
72 206
72 227
72 234
72 242
73 81
73 98
73 107
73 109
73 115
73 142
73 168
73 171
73 193
73 204
73 214
73 224
73 229
73 249
74 76
74 79
74 89
74 95
74 107
74 117
74 127
74 129
74 138
74 153
74 165
74 166
74 187
74 189
74 203
74 228
74 230
74 248
74 249
75 86
75 93
75 100
75 106
75 121
75 125
75 134
75 166
75 186
75 187
75 201
75 203
75 220
75 221
76 119
76 126
76 127
76 152
76 153
76 180
76 182
76 192
76 204
76 231
76 244
77 84
77 85
77 99
77 103
77 121
77 127
77 129
77 134
77 150
77 153
77 158
77 213
77 223
77 237
78 105
78 108
78 119
78 128
78 149
78 155
78 157
78 162
78 174
78 213
79 88
79 95
79 108
79 127
79 128
79 141
79 173
79 174
79 195
79 249
80 81
80 82
80 93
80 175
80 176
80 204
80 210
80 212
81 93
81 105
81 110
81 145
81 146
81 147
81 153
81 155
81 197
81 201
81 205
82 114
82 131
82 132
82 143
82 199
82 200
82 218
82 235
83 97
83 118
83 134
83 157
83 183
83 214
83 227
84 90
84 106
84 146
85 104
85 107
85 110
85 112
85 113
85 123
85 134
85 135
85 147
85 179
85 181
85 205
85 216
86 92
86 118
86 125
86 138
86 145
86 165
86 203
86 209
86 239
87 92
87 113
87 161
87 162
87 169
87 226
87 231
87 244
88 102
88 190
88 193
88 208
89 94
89 139
89 211
89 228
90 92
90 113
90 114
90 120
90 135
90 137
90 172
90 187
90 204
91 103
91 111
91 126
91 184
91 223
92 181
92 190
93 132
93 156
93 230
93 234
94 104
94 130
94 143
94 192
94 211
95 130
95 167
95 211
96 98
96 103
96 110
96 111
96 131
96 147
96 177
96 186
96 188
96 198
96 225
96 248
97 103
97 107
97 111
97 113
97 115
97 136
97 140
97 175
97 187
97 189
97 212
97 228
97 229
98 113
98 123
98 126
98 130
98 145
98 152
98 153
98 160
98 164
98 167
98 168
98 182
98 185
98 192
98 193
98 219
98 230
98 242
99 110
99 116
99 128
99 135
99 136
99 140
99 164
99 167
99 176
99 177
99 192
99 226
99 231
99 237
99 243
100 113
100 152
100 178
100 185
100 203
100 221
100 225
100 247
101 103
101 154
101 168
101 227
102 121
102 128
102 134
102 136
102 152
102 157
102 159
102 171
102 185
102 202
102 231
103 126
103 132
103 158
103 163
103 178
103 179
103 182
103 187
103 204
103 214
103 216
103 228
103 237
103 238
103 248
104 115
104 120
104 125
104 149
104 154
104 159
104 166
104 167
104 170
104 203
104 210
104 215
105 129
105 149
105 151
105 153
105 162
105 163
105 195
105 201
105 204
105 217
105 220
105 228
106 125
106 146
106 175
106 176
106 201
106 223
106 238
107 109
107 115
107 123
107 171
107 197
108 128
108 137
108 155
108 186
108 195
108 209
108 218
109 121
109 170
109 175
109 176
109 184
109 197
109 199
109 210
109 221
109 234
110 116
110 158
110 213
111 213
111 245
112 195
112 204
113 169
113 209
113 212
114 120
114 131
114 195
116 118
116 157
116 194
116 212
116 213
117 207
117 210
118 230
119 138
119 141
119 174
119 188
119 226
119 231
119 239
120 135
120 156
121 179
121 203
121 206
121 216
122 135
122 148
122 165
122 180
122 196
123 238
124 146
124 166
124 208
124 232
125 215
126 129
127 158
127 165
127 205
127 230
127 239
128 136
128 141
128 142
128 150
128 151
128 156
128 180
128 194
128 195
128 198
128 199
128 206
128 222
128 223
128 225
128 248
129 139
129 150
129 153
129 201
129 215
129 235
130 172
130 211
131 132
131 139
131 142
131 151
131 165
131 169
131 177
131 183
131 184
131 191
131 192
131 193
131 194
131 201
131 221
132 134
132 135
132 143
132 144
132 151
132 173
132 177
132 181
132 182
132 190
132 191
132 192
132 200
132 201
132 214
132 216
132 222
132 234
132 242
133 148
133 149
133 159
133 164
133 166
133 237
133 239
134 152
134 157
134 180
134 189
134 216
134 219
135 140
135 190
136 140
136 153
136 192
136 208
136 225
136 241
137 154
137 209
137 220
137 245
138 144
138 147
138 152
138 159
138 163
138 177
138 181
138 183
138 189
138 242
138 245
139 169
139 228
139 238
140 149
140 164
140 186
140 209
140 219
140 230
141 151
141 159
141 185
141 188
141 196
141 202
141 226
141 249
142 163
142 168
142 188
142 218
142 221
143 157
143 161
143 162
143 173
143 176
143 178
143 214
143 242
144 150
144 156
144 165
144 174
144 206
144 211
144 233
144 234
145 163
145 197
145 201
145 218
145 233
147 242
148 161
149 162
149 191
149 209
150 159
150 165
150 167
150 225
151 180
151 188
151 196
151 222
152 160
152 188
152 236
153 155
153 160
153 189
154 215
154 243
155 186
155 218
156 180
156 206
157 171
158 204
158 228
158 248
159 171
159 202
159 226
160 186
160 211
160 219
161 178
161 229
161 245
162 173
162 184
162 194
162 203
162 226
162 240
162 248
163 167
163 197
163 216
163 247
164 176
164 178
164 191
164 202
164 226
164 238
165 174
165 179
165 205
165 239
165 242
166 177
166 203
166 209
166 217
166 222
167 170
167 190
167 191
167 220
167 230
167 237
167 244
168 190
168 212
168 217
169 221
169 235
169 240
170 185
170 244
171 188
171 242
172 173
172 233
172 236
173 194
173 207
173 208
173 221
174 206
174 209
174 239
175 176
175 190
175 212
176 210
177 192
177 222
177 226
177 231
178 201
179 187
179 239
180 210
180 236
182 216
182 238
185 192
186 200
187 196
188 236
190 192
191 231
192 193
192 226
192 240
193 194
193 216
194 212
194 216
194 236
195 223
195 230
195 235
196 200
196 202
196 241
197 199
197 207
197 233
197 246
198 220
198 232
198 244
199 222
199 234
199 236
200 202
200 231
200 237
200 249
201 203
201 205
201 216
202 241
202 248
202 249
203 205
203 210
203 225
203 240
204 228
205 237
206 209
206 232
207 210
207 220
207 245
208 224
208 230
209 219
210 225
212 236
212 246
217 219
218 229
219 246
221 235
223 243
225 240
225 243
226 231
227 240
227 242
230 247
232 241
232 244
233 234
233 239
238 245
238 247
240 248
