0 7
0 10
0 11
0 12
0 23
0 24
0 29
1 7
1 8
1 9
1 11
1 13
1 14
1 15
1 16
1 19
1 27
2 7
2 8
2 9
2 10
2 14
2 15
2 16
2 18
2 23
2 24
2 25
2 28
3 7
3 8
3 9
3 10
3 13
3 17
3 18
3 21
4 7
4 8
4 9
4 10
4 12
4 16
4 17
4 20
4 26
5 7
5 8
5 17
5 19
5 22
6 7
6 8
6 9
6 11
6 12
6 15
6 19
6 20
6 21
6 22
6 26
7 8
7 9
7 10
7 11
7 12
7 13
7 14
7 15
7 16
7 17
7 18
7 19
7 21
7 22
7 23
7 24
7 25
7 26
7 27
7 29
8 9
8 10
8 11
8 12
8 13
8 14
8 15
8 16
8 17
8 20
8 21
8 22
8 28
9 10
9 11
9 12
9 16
9 18
9 20
9 24
9 25
10 11
10 13
10 15
10 17
10 18
10 20
10 23
10 24
10 27
10 28
10 29
11 12
11 13
11 23
11 25
11 27
11 29
12 13
12 16
12 19
12 23
12 24
12 25
12 29
13 14
13 17
13 18
13 20
13 24
14 15
14 20
14 27
16 19
17 18
17 19
17 21
17 22
17 26
18 23
19 21
19 22
20 21
20 26
20 28
21 26
22 26
22 27
23 28
23 29
24 25
24 27
24 29
