0 5
0 8
0 18
0 21
0 24
0 33
0 34
0 39
0 43
0 46
0 47
0 51
0 52
0 59
0 67
0 71
0 77
0 82
0 84
0 87
0 88
1 5
1 6
1 7
1 11
1 14
1 18
1 23
1 24
1 27
1 28
1 50
1 51
1 56
1 60
1 68
1 70
1 76
1 85
1 87
1 89
1 97
2 5
2 6
2 8
2 9
2 10
2 13
2 14
2 15
2 19
2 22
2 26
2 29
2 30
2 32
2 34
2 36
2 37
2 42
2 43
2 48
2 49
2 52
2 58
2 61
2 62
2 65
2 68
2 69
2 76
2 77
2 78
2 80
2 85
2 91
2 92
2 96
2 98
3 5
3 6
3 7
3 9
3 10
3 11
3 12
3 13
3 14
3 16
3 18
3 19
3 22
3 36
3 40
3 41
3 44
3 45
3 50
3 52
3 54
3 58
3 62
3 70
3 71
3 73
3 74
3 89
4 5
4 6
4 7
4 8
4 9
4 18
4 25
4 27
4 29
4 31
4 39
4 66
4 69
4 72
4 84
4 96
5 6
5 7
5 9
5 10
5 11
5 12
5 14
5 15
5 16
5 17
5 18
5 20
5 21
5 23
5 25
5 27
5 28
5 29
5 34
5 35
5 38
5 40
5 41
5 46
5 49
5 54
5 57
5 72
5 73
5 77
5 80
5 83
5 94
5 99
6 7
6 8
6 10
6 11
6 12
6 14
6 15
6 19
6 20
6 21
6 24
6 26
6 27
6 28
6 37
6 38
6 45
6 54
6 56
6 60
6 62
6 63
6 69
6 72
6 78
6 81
6 96
7 8
7 9
7 11
7 12
7 13
7 15
7 16
7 17
7 20
7 24
7 33
7 37
7 38
7 44
7 51
7 55
7 60
7 64
7 66
7 73
7 80
7 81
7 86
7 91
7 93
8 10
8 12
8 15
8 20
8 22
8 26
8 31
8 33
8 41
8 47
8 53
8 55
8 59
8 60
8 63
8 74
8 92
8 93
8 95
9 17
9 29
9 31
9 33
9 37
9 39
9 41
9 44
9 50
9 55
9 99
10 13
10 17
10 21
10 22
10 23
10 25
10 26
10 30
10 32
10 36
10 42
10 44
10 48
10 51
10 53
10 70
10 79
10 82
10 93
11 13
11 16
11 25
11 61
11 79
11 89
12 17
12 31
12 32
12 33
12 35
12 38
12 53
12 56
12 58
12 66
12 69
13 19
13 30
13 81
14 19
14 24
14 28
14 30
14 34
14 39
14 43
14 58
14 71
14 95
14 98
15 20
15 22
15 39
15 43
15 48
15 94
16 23
16 50
16 74
17 23
17 35
17 71
17 86
17 91
18 40
18 46
18 54
19 21
19 30
19 32
19 36
19 45
19 65
19 80
20 31
20 63
20 94
21 27
21 32
21 47
21 52
21 77
21 87
22 40
22 41
23 25
23 50
23 74
24 28
24 34
24 55
24 87
26 29
26 61
28 47
30 44
30 47
30 95
31 35
31 99
32 35
32 36
32 37
32 42
32 45
32 46
32 48
32 49
32 57
32 59
32 65
32 67
32 70
32 75
32 89
32 90
32 92
32 95
33 53
33 56
33 63
33 86
34 71
34 75
35 42
35 49
35 52
35 61
35 75
35 79
36 40
36 46
36 48
36 57
36 79
36 83
36 92
37 56
37 59
37 65
37 67
37 68
37 76
37 88
37 93
38 45
38 54
38 57
38 66
38 83
39 43
39 51
39 91
40 58
40 94
41 42
41 55
41 64
41 78
41 90
41 97
41 99
42 53
42 64
42 65
42 79
42 82
42 84
42 97
42 98
43 49
43 62
43 84
45 73
46 92
48 57
48 61
48 64
48 98
49 67
49 82
50 68
50 74
50 87
51 64
51 68
51 76
51 82
51 85
51 88
51 90
52 59
53 86
53 88
54 72
55 63
55 73
55 80
55 81
57 66
57 67
57 83
57 96
58 62
59 60
59 84
62 69
62 75
63 86
64 75
64 78
64 90
64 93
66 83
67 70
67 77
67 96
67 99
68 76
68 78
69 72
71 85
71 94
73 81
73 95
76 85
76 88
76 97
78 90
79 89
80 91
84 98
88 97
