0 15
0 16
0 17
0 18
0 19
0 20
0 21
0 22
0 23
0 24
0 25
0 27
0 28
0 31
0 34
0 35
0 37
0 38
0 40
0 42
0 44
0 47
0 52
0 53
0 58
0 60
0 61
0 62
0 63
0 67
0 69
0 72
0 73
0 76
0 77
0 79
0 80
0 82
0 83
0 89
0 95
0 96
0 99
0 103
0 109
0 111
0 119
0 123
0 128
0 129
0 131
0 132
0 134
0 137
0 139
0 140
0 147
0 149
0 151
0 153
0 163
0 166
0 167
0 177
0 183
0 186
0 188
0 201
0 204
0 206
0 207
0 212
0 226
0 228
0 230
0 232
0 233
0 237
0 241
0 247
0 253
0 256
0 258
0 260
0 263
0 266
0 275
0 276
0 278
0 287
0 288
0 299
1 15
1 16
1 17
1 18
1 19
1 23
1 25
1 30
1 31
1 36
1 37
1 38
1 41
1 52
1 54
1 55
1 57
1 61
1 67
1 70
1 79
1 87
1 91
1 98
1 113
1 118
1 120
1 138
1 140
1 154
1 155
1 160
1 162
1 164
1 167
1 172
1 176
1 180
1 189
1 209
1 220
1 225
1 244
1 251
1 264
1 267
1 275
1 281
1 287
2 15
2 16
2 17
2 18
2 19
2 22
2 23
2 24
2 25
2 26
2 27
2 28
2 30
2 33
2 34
2 35
2 37
2 38
2 39
2 40
2 41
2 42
2 44
2 45
2 46
2 47
2 49
2 50
2 61
2 62
2 65
2 72
2 75
2 83
2 84
2 85
2 89
2 90
2 91
2 93
2 110
2 112
2 114
2 135
2 137
2 138
2 141
2 143
2 144
2 145
2 147
2 148
2 151
2 152
2 164
2 165
2 166
2 171
2 172
2 174
2 179
2 182
2 184
2 190
2 191
2 199
2 203
2 206
2 210
2 212
2 230
2 236
2 237
2 239
2 243
2 254
2 275
2 282
2 285
2 286
2 287
2 291
2 295
2 296
2 299
3 15
3 16
3 17
3 19
3 20
3 23
3 25
3 29
3 30
3 32
3 37
3 38
3 39
3 41
3 43
3 66
3 74
3 78
3 82
3 86
3 89
3 91
3 99
3 101
3 102
3 104
3 106
3 112
3 120
3 121
3 127
3 130
3 136
3 137
3 143
3 148
3 150
3 152
3 162
3 167
3 168
3 174
3 177
3 182
3 184
3 187
3 195
3 207
3 217
3 220
3 230
3 232
3 241
3 242
3 248
3 251
3 255
3 261
3 279
3 289
3 291
3 296
3 299
4 15
4 16
4 17
4 18
4 19
4 21
4 22
4 27
4 28
4 29
4 30
4 33
4 42
4 47
4 49
4 53
4 54
4 67
4 69
4 73
4 77
4 91
4 96
4 97
4 104
4 106
4 109
4 110
4 114
4 121
4 123
4 124
4 126
4 127
4 130
4 139
4 151
4 162
4 187
4 190
4 200
4 207
4 209
4 228
4 240
4 248
4 251
4 254
4 265
4 267
4 278
4 281
4 282
4 297
5 15
5 16
5 17
5 18
5 19
5 24
5 26
5 29
5 30
5 43
5 44
5 54
5 56
5 67
5 74
5 75
5 86
5 94
5 95
5 99
5 100
5 102
5 105
5 122
5 124
5 127
5 129
5 131
5 136
5 137
5 141
5 143
5 146
5 154
5 156
5 157
5 160
5 174
5 176
5 181
5 192
5 200
5 201
5 213
5 228
5 231
5 232
5 238
5 241
5 247
5 264
5 272
5 274
5 276
5 292
5 293
5 294
5 295
5 297
6 15
6 16
6 17
6 18
6 19
6 20
6 21
6 22
6 23
6 26
6 27
6 28
6 32
6 35
6 36
6 40
6 42
6 43
6 45
6 46
6 47
6 48
6 50
6 54
6 58
6 60
6 63
6 69
6 72
6 74
6 80
6 85
6 96
6 97
6 109
6 111
6 115
6 118
6 123
6 151
6 155
6 160
6 167
6 184
6 199
6 203
6 209
6 210
6 212
6 215
6 216
6 233
6 245
6 246
6 250
6 262
6 264
6 265
6 267
6 269
6 270
6 273
6 274
6 278
6 279
6 286
6 294
6 298
7 15
7 16
7 17
7 18
7 20
7 23
7 26
7 28
7 29
7 30
7 35
7 37
7 46
7 47
7 49
7 54
7 58
7 77
7 82
7 86
7 90
7 93
7 96
7 100
7 111
7 124
7 137
7 139
7 141
7 164
7 167
7 173
7 180
7 184
7 190
7 198
7 199
7 200
7 203
7 218
7 220
7 240
7 244
7 252
7 254
7 274
7 289
7 290
7 294
8 15
8 16
8 17
8 18
8 20
8 21
8 23
8 24
8 27
8 28
8 31
8 32
8 37
8 39
8 40
8 41
8 42
8 50
8 52
8 56
8 57
8 58
8 60
8 65
8 70
8 71
8 81
8 95
8 111
8 112
8 113
8 125
8 128
8 134
8 135
8 138
8 142
8 143
8 144
8 145
8 156
8 163
8 172
8 176
8 181
8 197
8 204
8 218
8 225
8 233
8 237
8 240
8 254
8 258
8 262
8 269
8 271
8 277
8 282
9 15
9 16
9 17
9 18
9 19
9 21
9 22
9 24
9 25
9 30
9 32
9 33
9 34
9 40
9 44
9 45
9 50
9 60
9 61
9 63
9 73
9 75
9 76
9 78
9 80
9 100
9 103
9 104
9 110
9 112
9 119
9 121
9 122
9 126
9 134
9 150
9 156
9 178
9 180
9 182
9 194
9 196
9 198
9 203
9 225
9 231
9 236
9 238
9 246
9 253
9 268
9 283
9 286
10 15
10 16
10 17
10 19
10 20
10 21
10 22
10 24
10 27
10 28
10 29
10 32
10 34
10 39
10 43
10 44
10 46
10 60
10 66
10 68
10 71
10 82
10 86
10 93
10 100
10 101
10 103
10 108
10 111
10 117
10 122
10 133
10 147
10 160
10 166
10 183
10 201
10 208
10 211
10 212
10 214
10 225
10 233
10 245
10 246
10 254
10 259
10 266
10 271
10 274
10 278
10 286
10 299
11 15
11 20
11 21
11 22
11 24
11 25
11 26
11 33
11 36
11 41
11 43
11 45
11 49
11 84
11 87
11 95
11 108
11 115
11 122
11 123
11 125
11 127
11 133
11 140
11 144
11 149
11 161
11 163
11 170
11 179
11 180
11 192
11 206
11 221
11 222
12 15
12 16
12 18
12 19
12 20
12 21
12 22
12 23
12 24
12 25
12 29
12 31
12 32
12 33
12 36
12 37
12 41
12 42
12 44
12 45
12 48
12 51
12 52
12 53
12 57
12 59
12 60
12 62
12 63
12 65
12 66
12 70
12 79
12 80
12 88
12 91
12 92
12 93
12 107
12 111
12 112
12 117
12 122
12 125
12 126
12 135
12 138
12 142
12 144
12 148
12 149
12 161
12 175
12 177
12 179
12 186
12 193
12 197
12 198
12 200
12 204
12 208
12 212
12 214
12 225
12 228
12 236
12 240
12 247
12 260
12 273
12 292
12 294
13 15
13 16
13 17
13 18
13 20
13 22
13 25
13 27
13 48
13 55
13 57
13 59
13 68
13 92
13 94
13 243
14 15
14 16
14 17
14 18
14 19
14 20
14 21
14 22
14 24
14 33
14 34
14 35
14 36
14 39
14 51
14 53
14 57
14 73
14 74
14 81
14 86
14 92
14 100
14 115
14 121
14 122
14 155
14 175
14 186
14 203
14 217
14 286
15 16
15 17
15 18
15 19
15 20
15 21
15 23
15 24
15 25
15 26
15 27
15 28
15 29
15 30
15 31
15 33
15 34
15 35
15 36
15 37
15 38
15 39
15 40
15 42
15 43
15 46
15 48
15 49
15 50
15 52
15 53
15 54
15 59
15 60
15 63
15 64
15 69
15 71
15 73
15 74
15 75
15 76
15 77
15 80
15 82
15 84
15 87
15 93
15 95
15 100
15 105
15 116
15 120
15 121
15 125
15 126
15 127
15 133
15 134
15 140
15 143
15 145
15 155
15 156
15 164
15 168
15 172
15 187
15 189
15 206
15 215
15 221
15 241
15 246
15 250
15 255
15 265
15 292
15 298
16 17
16 18
16 19
16 20
16 21
16 22
16 23
16 24
16 25
16 26
16 27
16 29
16 30
16 31
16 32
16 33
16 35
16 36
16 42
16 43
16 44
16 47
16 48
16 51
16 54
16 57
16 62
16 63
16 65
16 66
16 69
16 71
16 75
16 76
16 79
16 83
16 86
16 88
16 94
16 99
16 100
16 102
16 114
16 116
16 129
16 135
16 136
16 139
16 153
16 154
16 155
16 161
16 164
16 168
16 171
16 172
16 173
16 176
16 180
16 187
16 197
16 203
16 204
16 216
16 227
16 229
16 232
16 237
16 238
16 239
16 253
16 256
16 259
16 260
16 268
16 269
16 273
16 275
16 285
16 291
16 292
16 294
16 298
17 18
17 19
17 20
17 21
17 22
17 24
17 25
17 26
17 27
17 28
17 29
17 30
17 31
17 32
17 34
17 36
17 38
17 39
17 44
17 47
17 48
17 52
17 53
17 54
17 56
17 59
17 60
17 65
17 66
17 67
17 77
17 79
17 81
17 82
17 86
17 87
17 90
17 92
17 97
17 100
17 101
17 102
17 107
17 109
17 112
17 123
17 124
17 125
17 127
17 130
17 135
17 141
17 146
17 154
17 158
17 172
17 212
17 221
17 224
17 234
17 242
17 244
17 246
17 253
17 257
17 265
17 284
17 286
17 287
17 295
18 19
18 20
18 21
18 22
18 23
18 24
18 26
18 27
18 28
18 29
18 32
18 34
18 35
18 38
18 40
18 46
18 47
18 48
18 49
18 50
18 51
18 52
18 54
18 57
18 59
18 61
18 63
18 69
18 73
18 74
18 76
18 79
18 81
18 83
18 84
18 92
18 94
18 97
18 98
18 99
18 103
18 106
18 107
18 115
18 122
18 123
18 131
18 142
18 153
18 154
18 157
18 159
18 164
18 173
18 185
18 186
18 190
18 200
18 229
18 232
18 239
18 245
18 252
18 258
18 269
18 276
19 20
19 21
19 22
19 23
19 26
19 29
19 31
19 32
19 34
19 35
19 37
19 38
19 40
19 41
19 44
19 50
19 51
19 54
19 64
19 65
19 73
19 81
19 83
19 84
19 85
19 86
19 97
19 98
19 101
19 103
19 104
19 113
19 114
19 115
19 118
19 121
19 122
19 125
19 131
19 135
19 154
19 155
19 159
19 192
19 196
19 212
19 228
19 238
19 248
19 253
19 274
20 21
20 22
20 23
20 26
20 28
20 31
20 32
20 33
20 34
20 35
20 37
20 39
20 45
20 50
20 51
20 54
20 56
20 58
20 59
20 60
20 64
20 66
20 71
20 77
20 82
20 87
20 90
20 93
20 95
20 96
20 98
20 114
20 127
20 132
20 140
20 155
20 219
20 223
21 23
21 24
21 26
21 27
21 39
21 46
21 51
21 60
21 63
21 85
21 100
21 138
21 203
21 206
21 251
21 254
22 23
22 24
22 25
22 26
22 31
22 34
22 35
22 37
22 40
22 43
22 44
22 59
22 67
22 72
22 83
22 87
22 89
22 97
22 103
22 108
22 125
22 133
22 134
22 138
22 139
22 143
22 168
22 191
22 194
22 195
22 213
22 227
22 236
22 256
22 272
22 285
23 26
23 27
23 31
23 32
23 33
23 37
23 41
23 42
23 43
23 45
23 50
23 55
23 70
23 78
23 90
23 91
23 100
23 101
23 111
23 114
23 127
23 166
23 189
23 219
23 275
24 25
24 27
24 28
24 29
24 31
24 32
24 35
24 36
24 37
24 39
24 41
24 42
24 43
24 45
24 46
24 48
24 49
24 56
24 58
24 60
24 61
24 72
24 74
24 99
24 102
24 104
24 111
24 130
24 134
24 141
24 146
24 157
24 161
24 163
24 170
24 187
24 188
24 202
24 207
24 215
24 238
24 243
24 249
24 252
24 277
24 283
24 299
25 26
25 28
25 31
25 33
25 34
25 37
25 38
25 45
25 48
25 55
25 57
25 63
25 65
25 72
25 76
25 78
25 79
25 81
25 90
25 139
25 149
25 158
25 172
25 182
25 187
25 256
26 28
26 29
26 30
26 33
26 38
26 45
26 46
26 69
26 74
26 107
26 109
26 111
26 119
26 120
26 125
26 139
26 145
26 157
26 158
26 286
27 28
27 29
27 30
27 32
27 33
27 39
27 43
27 45
27 59
27 67
27 73
27 80
27 81
27 84
27 96
27 100
27 118
27 143
27 237
27 259
28 29
28 30
28 34
28 45
28 47
28 56
28 61
28 62
28 66
28 69
28 71
28 72
28 98
28 102
28 115
28 141
28 143
28 144
28 149
28 181
28 263
29 30
29 31
29 33
29 35
29 36
29 42
29 59
29 64
29 68
29 73
29 104
29 130
29 142
29 153
29 211
29 265
29 267
29 279
30 31
30 78
30 102
30 103
30 114
30 129
30 144
30 148
30 177
30 182
30 219
30 228
30 253
30 284
31 36
31 38
31 41
31 56
31 64
31 67
31 75
31 128
31 158
31 188
31 189
31 263
32 35
32 36
32 39
32 40
32 41
32 45
32 46
32 48
32 51
32 52
32 55
32 59
32 60
32 61
32 62
32 64
32 65
32 66
32 68
32 70
32 73
32 74
32 77
32 79
32 80
32 81
32 85
32 86
32 89
32 90
32 91
32 101
32 107
32 108
32 109
32 113
32 122
32 123
32 128
32 130
32 131
32 132
32 134
32 137
32 145
32 147
32 149
32 150
32 156
32 161
32 164
32 168
32 175
32 180
32 185
32 187
32 188
32 190
32 191
32 192
32 195
32 201
32 210
32 213
32 215
32 216
32 220
32 222
32 223
32 228
32 235
32 238
32 244
32 247
32 249
32 250
32 261
32 266
32 274
32 277
32 278
32 279
32 281
32 282
32 283
32 290
32 292
33 39
33 44
33 45
33 46
33 49
33 51
33 53
33 55
33 56
33 58
33 64
33 70
33 73
33 74
33 76
33 85
33 86
33 87
33 88
33 90
33 103
33 110
33 114
33 120
33 129
33 135
33 142
33 155
33 161
33 170
33 171
33 173
33 176
33 179
33 189
33 192
33 193
33 210
33 217
33 219
33 222
33 231
33 239
33 252
33 253
33 255
33 260
33 269
33 274
33 280
34 37
34 40
34 41
34 47
34 54
34 57
34 61
34 62
34 63
34 64
34 66
34 67
34 68
34 71
34 78
34 79
34 83
34 85
34 88
34 89
34 92
34 94
34 95
34 97
34 101
34 102
34 105
34 106
34 110
34 117
34 118
34 119
34 123
34 127
34 132
34 133
34 136
34 143
34 144
34 145
34 147
34 157
34 160
34 164
34 170
34 183
34 185
34 186
34 201
34 204
34 205
34 211
34 214
34 239
34 241
34 252
34 260
34 265
34 268
34 283
34 299
35 36
35 38
35 40
35 41
35 44
35 47
35 48
35 50
35 51
35 52
35 53
35 62
35 65
35 66
35 68
35 69
35 72
35 73
35 74
35 75
35 76
35 77
35 80
35 81
35 82
35 83
35 85
35 87
35 91
35 93
35 97
35 98
35 100
35 103
35 105
35 112
35 115
35 124
35 125
35 126
35 128
35 134
35 140
35 144
35 147
35 148
35 149
35 150
35 151
35 152
35 155
35 157
35 159
35 162
35 169
35 171
35 172
35 174
35 175
35 176
35 179
35 191
35 194
35 199
35 202
35 204
35 205
35 206
35 207
35 209
35 211
35 216
35 219
35 221
35 223
35 225
35 233
35 235
35 243
35 245
35 253
35 255
35 258
35 260
35 264
35 266
35 268
35 277
35 282
35 283
35 285
35 294
35 297
36 38
36 40
36 42
36 50
36 51
36 58
36 59
36 61
36 62
36 64
36 67
36 68
36 69
36 70
36 72
36 78
36 80
36 84
36 89
36 93
36 96
36 97
36 99
36 106
36 115
36 119
36 120
36 122
36 136
36 150
36 153
36 160
36 162
36 167
36 169
36 172
36 175
36 177
36 178
36 180
36 183
36 186
36 197
36 211
36 214
36 223
36 234
36 243
36 249
36 250
36 272
36 273
36 274
36 285
36 291
36 292
36 293
36 295
37 38
37 39
37 42
37 43
37 46
37 47
37 48
37 49
37 50
37 54
37 55
37 56
37 57
37 58
37 59
37 60
37 62
37 67
37 70
37 71
37 72
37 73
37 76
37 77
37 78
37 82
37 83
37 84
37 86
37 89
37 92
37 96
37 99
37 110
37 113
37 114
37 116
37 124
37 132
37 137
37 138
37 142
37 146
37 147
37 156
37 157
37 158
37 160
37 162
37 163
37 164
37 166
37 175
37 185
37 186
37 196
37 205
37 206
37 217
37 218
37 220
37 222
37 232
37 238
37 246
37 251
37 252
37 256
37 258
37 259
37 264
37 268
37 270
37 280
37 286
37 297
38 42
38 50
38 52
38 54
38 57
38 75
38 94
38 96
38 112
38 121
38 124
38 130
38 136
38 138
38 142
38 145
38 147
38 148
38 159
38 162
38 168
38 169
38 170
38 175
38 178
38 179
38 184
38 195
38 198
38 204
38 206
38 217
38 219
38 234
38 237
38 262
38 273
38 280
38 283
38 295
39 40
39 41
39 42
39 43
39 46
39 47
39 49
39 50
39 51
39 53
39 55
39 56
39 57
39 60
39 68
39 72
39 73
39 74
39 75
39 78
39 80
39 81
39 84
39 85
39 87
39 91
39 93
39 94
39 95
39 103
39 104
39 106
39 107
39 110
39 113
39 115
39 116
39 117
39 118
39 120
39 121
39 129
39 142
39 145
39 146
39 151
39 155
39 161
39 162
39 164
39 165
39 168
39 169
39 170
39 173
39 174
39 178
39 179
39 181
39 186
39 188
39 191
39 194
39 196
39 197
39 198
39 202
39 205
39 208
39 210
39 212
39 215
39 217
39 218
39 233
39 235
39 240
39 242
39 249
39 251
39 254
39 255
39 270
39 289
39 291
39 293
40 41
40 44
40 46
40 49
40 52
40 53
40 55
40 56
40 60
40 61
40 63
40 65
40 68
40 69
40 70
40 71
40 72
40 78
40 81
40 82
40 89
40 98
40 99
40 110
40 117
40 124
40 137
40 138
40 139
40 144
40 151
40 152
40 157
40 182
40 193
40 197
40 198
40 201
40 205
40 211
40 221
40 223
40 233
40 239
40 245
40 258
40 261
40 262
40 270
40 273
40 278
40 286
40 287
40 292
40 296
40 299
41 48
41 52
41 55
41 56
41 61
41 66
41 67
41 71
41 76
41 78
41 79
41 81
41 84
41 88
41 89
41 91
41 92
41 95
41 101
41 105
41 108
41 109
41 120
41 122
41 123
41 128
41 131
41 133
41 140
41 141
41 143
41 146
41 154
41 160
41 161
41 162
41 164
41 169
41 170
41 180
41 185
41 189
41 195
41 200
41 207
41 209
41 215
41 218
41 219
41 221
41 231
41 237
41 266
41 271
41 276
41 289
41 291
41 298
42 43
42 46
42 48
42 49
42 51
42 52
42 55
42 56
42 59
42 61
42 68
42 69
42 70
42 82
42 87
42 88
42 91
42 93
42 106
42 115
42 118
42 127
42 133
42 142
42 155
42 156
42 161
42 166
42 171
42 177
42 180
42 184
42 186
42 194
42 197
42 201
42 214
42 226
42 235
42 236
42 238
42 240
42 242
42 255
42 259
42 271
42 273
42 275
42 283
42 292
42 294
43 48
43 53
43 55
43 74
43 76
43 78
43 80
43 81
43 88
43 99
43 127
43 133
43 138
43 147
43 153
43 154
43 158
43 163
43 166
43 174
43 175
43 184
43 206
43 213
43 225
43 238
43 245
43 265
43 268
43 270
43 272
43 299
44 45
44 47
44 51
44 52
44 53
44 55
44 62
44 65
44 66
44 68
44 69
44 71
44 76
44 77
44 86
44 87
44 88
44 94
44 99
44 101
44 106
44 110
44 111
44 113
44 117
44 119
44 125
44 132
44 139
44 144
44 146
44 150
44 154
44 162
44 171
44 175
44 178
44 180
44 187
44 192
44 200
44 210
44 229
44 233
44 243
44 250
44 252
44 253
44 275
44 288
45 49
45 53
45 62
45 68
45 75
45 93
45 102
45 107
45 114
45 121
45 135
45 147
45 149
45 166
45 181
45 214
45 229
45 232
45 239
45 257
45 259
45 270
45 280
46 49
46 51
46 57
46 58
46 59
46 62
46 65
46 69
46 70
46 71
46 72
46 76
46 79
46 83
46 84
46 87
46 101
46 105
46 116
46 123
46 126
46 145
46 159
46 170
46 181
46 202
46 212
46 215
46 216
46 227
46 239
46 243
46 245
46 249
46 271
46 272
46 278
47 50
47 63
47 64
47 69
47 75
47 92
47 95
47 104
47 108
47 115
47 119
47 144
47 151
47 162
47 181
47 196
47 206
47 226
47 232
47 248
47 279
47 282
48 53
48 55
48 58
48 62
48 64
48 74
48 76
48 77
48 82
48 88
48 108
48 115
48 124
48 130
48 134
48 158
48 184
48 191
48 195
48 205
48 229
48 270
48 284
48 295
49 52
49 54
49 56
49 58
49 62
49 64
49 90
49 94
49 95
49 96
49 107
49 110
49 115
49 137
49 201
49 205
49 232
49 263
50 56
50 58
50 65
50 80
50 83
50 99
50 105
50 107
50 109
50 125
50 159
50 162
50 167
50 172
50 177
50 191
50 199
50 203
50 216
50 218
50 235
50 252
50 275
50 287
50 288
51 57
51 58
51 63
51 64
51 70
51 88
51 90
51 94
51 116
51 131
51 171
51 207
51 211
51 219
51 264
52 87
52 89
52 113
52 167
52 194
52 209
52 253
53 55
53 66
53 86
53 95
53 163
53 166
53 200
53 256
54 57
54 75
54 96
54 99
54 146
54 152
54 196
54 228
54 241
55 59
55 68
55 89
55 91
55 151
55 161
55 163
55 165
55 193
55 227
55 248
56 61
56 74
56 102
56 296
57 88
57 94
57 95
57 113
57 116
57 155
57 217
58 63
58 77
58 93
58 126
58 169
58 188
59 67
59 93
59 130
59 165
59 215
60 72
60 107
60 116
60 265
61 64
61 65
61 67
61 70
61 79
61 80
61 83
61 144
61 157
61 182
61 183
61 188
61 235
61 299
62 67
62 91
62 108
62 123
62 169
62 194
62 244
62 258
63 78
63 92
63 117
63 299
64 66
64 71
64 75
64 78
64 79
64 85
64 88
64 90
64 108
64 114
64 126
64 129
64 130
64 133
64 146
64 156
64 161
64 163
64 165
64 183
64 189
64 203
64 213
64 220
64 230
64 235
64 258
64 263
64 267
64 268
64 277
64 283
64 297
64 299
65 66
65 68
65 71
65 77
65 78
65 83
65 88
65 92
65 95
65 105
65 107
65 109
65 111
65 112
65 114
65 120
65 132
65 141
65 152
65 159
65 163
65 171
65 177
65 185
65 193
65 220
65 222
65 225
65 226
65 233
65 237
65 241
65 243
65 249
65 295
66 70
66 71
66 85
66 88
66 90
66 91
66 94
66 98
66 102
66 104
66 105
66 110
66 113
66 123
66 125
66 129
66 136
66 139
66 140
66 150
66 152
66 155
66 165
66 169
66 173
66 174
66 183
66 184
66 185
66 186
66 188
66 190
66 191
66 192
66 193
66 208
66 218
66 226
66 234
66 235
66 240
66 247
66 259
66 267
66 268
66 269
66 286
66 288
66 289
66 290
67 73
67 83
67 85
67 91
67 99
67 103
67 106
67 108
67 113
67 127
67 128
67 130
67 148
67 150
67 176
67 177
67 182
67 183
67 186
67 194
67 202
67 204
67 207
67 211
67 220
67 227
67 230
67 233
67 244
67 248
67 251
67 259
67 266
67 273
67 274
67 277
67 280
68 75
68 79
68 81
68 82
68 84
68 92
68 96
68 97
68 101
68 104
68 108
68 112
68 118
68 138
68 142
68 147
68 152
68 153
68 159
68 171
68 181
68 185
68 188
68 189
68 199
68 226
68 238
68 241
68 245
68 248
68 261
68 280
68 284
68 288
68 289
68 296
69 76
69 80
69 82
69 84
69 88
69 97
69 105
69 109
69 110
69 113
69 119
69 128
69 134
69 135
69 140
69 141
69 149
69 163
69 164
69 167
69 178
69 190
69 191
69 192
69 215
69 222
69 239
69 256
69 257
69 271
69 277
69 281
69 283
69 285
69 289
69 291
70 85
70 86
70 90
70 96
70 119
70 120
70 127
70 132
70 138
70 142
70 146
70 149
70 172
70 173
70 176
70 180
70 203
70 214
70 218
70 220
70 232
70 249
70 255
70 264
70 278
70 280
70 290
70 292
71 75
71 85
71 94
71 101
71 102
71 105
71 106
71 108
71 111
71 117
71 118
71 124
71 128
71 131
71 132
71 136
71 156
71 157
71 160
71 166
71 192
71 193
71 196
71 200
71 208
71 210
71 223
71 226
71 228
71 229
71 241
71 243
71 250
71 255
71 263
71 264
71 280
72 77
72 83
72 84
72 87
72 89
72 98
72 116
72 137
72 141
72 148
72 160
72 178
72 182
72 186
72 205
72 213
72 214
72 220
72 239
72 249
72 251
72 269
72 286
72 292
72 296
73 84
73 85
73 92
73 98
73 103
73 117
73 118
73 120
73 121
73 128
73 135
73 139
73 148
73 150
73 167
73 171
73 176
73 189
73 190
73 191
73 208
73 227
73 245
73 256
73 260
73 274
73 276
73 292
74 89
74 104
74 107
74 110
74 119
74 123
74 124
74 141
74 168
74 197
74 202
74 213
74 225
74 233
74 255
74 265
74 296
74 299
75 77
75 97
75 102
75 112
75 116
75 121
75 129
75 134
75 135
75 136
75 143
75 146
75 156
75 174
75 195
75 213
75 229
75 235
75 242
75 257
75 261
75 276
75 279
75 284
76 86
76 87
76 95
76 96
76 124
76 132
76 196
76 201
76 225
76 234
76 245
76 256
76 285
77 90
77 93
77 108
77 121
77 131
77 137
77 138
77 159
77 195
77 222
77 227
77 229
77 261
77 263
77 282
77 294
77 298
78 99
78 104
78 106
78 118
78 126
78 129
78 133
78 139
78 165
78 177
78 183
78 185
78 213
78 234
78 245
78 253
78 270
78 293
78 295
79 98
79 100
79 116
79 139
79 154
79 167
79 170
79 176
79 190
79 200
79 239
79 287
80 81
80 103
80 130
80 131
80 184
80 197
80 209
80 251
80 257
80 272
81 82
81 98
81 100
81 107
81 113
81 115
81 130
81 132
81 164
81 175
81 181
81 195
81 211
81 219
81 224
81 251
81 261
81 269
81 297
82 98
82 101
82 119
82 186
82 245
82 259
82 263
83 89
83 92
83 105
83 128
83 152
83 182
83 207
83 215
83 230
83 247
84 96
84 116
84 133
84 146
84 196
84 234
84 249
84 260
84 282
84 293
85 98
85 102
85 113
85 118
85 126
85 130
85 149
85 172
85 173
85 183
85 189
85 224
85 230
85 231
85 260
85 264
85 280
85 285
85 299
86 94
86 101
86 160
86 184
86 247
86 290
87 98
87 105
87 134
87 145
87 180
87 220
87 250
88 117
88 126
88 133
88 140
88 161
88 171
88 218
88 249
88 264
88 270
89 90
89 97
89 122
89 124
89 153
89 178
89 197
89 198
89 257
89 262
90 149
91 101
91 120
91 174
91 177
91 194
91 220
91 234
91 236
91 248
91 249
91 291
92 93
92 103
92 141
92 150
92 151
93 105
93 144
93 184
93 191
93 192
93 235
94 104
94 121
94 218
94 294
95 127
95 152
95 154
96 100
96 106
96 109
96 114
96 119
96 134
96 137
96 153
96 156
96 181
96 184
96 188
96 196
96 199
96 201
96 211
96 224
96 226
96 246
96 247
96 262
96 281
96 285
96 289
96 295
97 109
97 117
97 134
97 139
97 143
97 158
97 160
97 165
97 176
97 183
97 202
97 216
97 236
97 244
97 250
97 254
97 255
97 282
97 285
97 290
98 126
98 148
98 171
98 186
98 197
98 198
98 205
98 208
98 214
98 240
98 258
98 260
98 263
98 269
99 106
99 114
99 121
99 122
99 125
99 150
99 152
99 162
99 169
99 173
99 177
99 179
99 183
99 185
99 187
99 199
99 202
99 208
99 218
99 230
99 248
99 259
99 281
99 285
99 288
99 293
99 295
100 105
100 107
100 111
100 112
100 117
100 120
100 122
100 128
100 129
100 131
100 145
100 153
100 155
100 156
100 161
100 169
100 174
100 181
100 188
100 202
100 209
100 211
100 216
100 238
100 248
100 262
100 271
100 280
101 102
101 104
101 108
101 119
101 127
101 130
101 135
101 149
101 158
101 163
101 175
101 196
101 200
101 216
101 219
101 231
101 236
101 243
101 255
101 257
101 271
101 275
102 107
102 109
102 116
102 117
102 124
102 126
102 129
102 131
102 141
102 147
102 148
102 149
102 150
102 152
102 156
102 168
102 182
102 192
102 195
102 209
102 217
102 218
102 219
102 222
102 223
102 239
102 244
102 247
102 261
102 277
102 281
102 292
102 296
102 297
103 106
103 109
103 111
103 119
103 132
103 141
103 142
103 147
103 148
103 151
103 158
103 161
103 169
103 177
103 210
103 216
103 221
103 227
103 251
103 259
103 261
103 273
103 281
104 118
104 129
104 135
104 147
104 170
104 184
104 185
104 198
104 202
104 204
104 213
104 226
104 235
104 246
104 271
104 276
104 293
105 111
105 126
105 133
105 134
105 136
105 140
105 152
105 158
105 159
105 166
105 172
105 192
105 193
105 216
105 220
105 228
105 232
105 247
105 267
105 294
105 298
106 114
106 116
106 118
106 123
106 128
106 129
106 131
106 144
106 151
106 153
106 156
106 165
106 170
106 179
106 182
106 187
106 188
106 189
106 198
106 201
106 205
106 214
106 215
106 224
106 227
106 229
106 250
106 278
106 282
106 287
106 298
107 108
107 109
107 117
107 136
107 158
107 162
107 175
107 202
107 203
107 207
107 208
107 225
107 232
107 244
107 270
107 273
108 121
108 128
108 136
108 181
108 183
108 189
108 221
108 223
108 250
108 284
108 286
109 110
109 112
109 113
109 120
109 133
109 158
109 187
109 193
109 202
109 208
109 216
109 225
109 228
109 267
109 272
110 115
110 116
110 140
110 150
110 158
110 163
110 168
110 178
110 192
110 195
110 200
110 201
110 215
110 242
110 287
110 292
110 294
110 296
111 112
111 119
111 122
111 131
111 132
111 145
111 157
111 178
111 193
111 229
111 266
111 277
111 278
111 281
111 288
111 290
112 135
112 159
112 168
112 182
112 199
112 210
112 236
112 253
112 254
112 265
113 139
113 154
113 156
113 167
113 168
113 169
113 190
113 242
114 118
114 133
114 154
114 182
114 193
114 198
114 224
114 253
114 259
114 297
115 180
115 192
116 137
116 166
116 213
116 250
117 126
117 169
117 208
117 246
118 120
118 123
118 153
118 203
118 241
118 245
119 138
119 148
119 195
119 227
119 261
119 296
120 152
120 236
121 135
121 136
121 138
121 145
121 208
121 257
121 284
122 131
122 146
122 209
122 211
122 238
122 273
123 125
123 222
123 278
123 289
123 296
124 141
124 240
124 248
125 177
125 208
125 254
126 151
126 186
126 207
126 243
126 263
127 206
127 241
127 275
127 290
128 129
128 137
128 188
128 189
128 190
128 191
128 224
128 266
128 269
128 297
129 150
129 153
129 161
129 165
129 185
129 188
129 193
129 213
129 215
129 219
129 228
129 233
129 236
129 240
129 246
129 250
129 268
129 284
129 287
129 288
130 162
130 168
130 178
130 192
130 194
130 199
130 205
130 221
130 224
130 230
130 231
130 247
130 258
130 262
130 266
130 279
130 282
130 286
130 295
130 299
131 132
131 136
131 137
131 143
131 144
131 146
131 153
131 159
131 170
131 195
131 201
131 209
131 210
131 217
131 231
131 256
131 257
131 263
131 272
131 276
131 289
132 142
132 146
132 151
132 209
132 211
132 219
132 225
132 237
132 244
132 267
132 269
133 140
133 175
133 193
133 200
133 220
133 242
133 254
133 280
133 288
134 136
134 143
134 145
134 165
134 180
134 194
134 204
134 213
134 220
134 223
134 227
134 235
134 236
134 252
134 255
134 258
134 260
134 272
134 282
134 284
135 140
135 147
135 154
135 157
135 179
135 189
135 198
135 204
135 208
135 223
135 229
135 257
135 260
135 265
135 281
136 142
136 143
136 159
136 169
136 176
136 185
136 187
136 194
136 196
136 205
136 210
136 211
136 265
136 269
136 273
136 274
136 289
137 157
137 165
137 171
137 199
137 216
137 224
137 240
137 249
137 275
138 149
138 168
138 174
138 175
138 178
138 191
138 195
138 198
138 204
138 206
138 242
138 276
139 150
139 160
139 165
139 172
139 176
139 178
139 190
139 196
139 212
139 226
139 228
139 231
139 243
139 268
140 164
140 170
140 259
140 271
141 142
141 151
141 174
141 212
141 221
141 270
141 273
142 145
142 163
142 170
142 174
142 180
142 181
142 222
142 266
143 164
143 174
143 278
143 289
144 148
144 153
144 179
144 182
144 197
144 270
144 272
144 282
145 157
145 191
145 204
145 245
145 252
145 254
146 166
146 201
146 222
146 238
146 272
147 148
147 159
147 166
147 172
147 179
147 181
148 155
148 159
148 160
148 217
148 244
148 281
149 256
149 294
150 169
150 194
150 207
150 223
150 262
152 187
152 202
152 210
152 218
152 226
152 288
153 163
153 224
153 279
153 297
154 160
154 224
154 231
154 257
154 293
155 165
155 167
155 173
155 209
156 175
156 196
156 205
156 231
156 234
156 238
156 280
157 183
157 210
157 223
157 265
157 295
159 171
159 181
159 191
159 284
159 289
159 294
160 165
160 179
160 214
160 236
160 251
160 262
160 264
160 275
160 296
161 179
161 193
161 196
161 213
161 226
161 233
161 264
161 271
161 280
161 287
162 167
162 173
162 178
162 199
162 207
162 223
162 252
162 259
162 293
163 167
163 178
163 207
163 222
163 234
163 237
163 256
163 297
164 166
164 168
164 173
164 197
164 212
164 224
164 240
164 252
164 293
165 183
165 185
165 187
165 199
165 227
165 229
165 244
165 264
165 287
165 289
166 173
166 223
166 298
167 198
167 206
167 222
167 229
167 234
167 252
167 281
168 195
168 224
168 231
168 235
168 240
168 242
168 247
169 170
169 174
169 177
169 190
169 218
169 222
169 224
169 226
169 243
169 258
169 262
169 291
170 202
170 209
170 235
170 239
171 173
171 176
171 194
171 199
171 200
171 232
171 245
171 248
171 257
171 265
171 274
171 277
172 179
172 201
172 203
172 225
172 246
172 290
173 217
173 221
173 252
173 277
174 203
174 206
174 239
174 248
174 251
174 268
175 197
175 234
175 244
175 279
175 294
176 216
176 268
176 284
177 230
178 190
178 212
178 213
178 215
178 230
178 242
178 262
178 279
179 202
179 226
179 283
180 198
180 238
180 253
180 260
180 290
181 241
181 262
181 279
182 184
182 210
182 251
182 287
183 185
183 187
183 188
183 227
183 230
183 253
184 197
184 199
184 262
184 291
185 194
185 249
186 230
186 288
187 250
187 267
187 269
187 288
188 189
188 215
188 233
189 217
189 257
192 217
192 224
192 228
192 239
192 240
192 247
192 279
192 281
192 297
193 221
193 228
193 240
193 254
193 263
193 278
193 288
193 290
194 212
194 261
194 270
194 273
195 221
195 223
195 261
196 206
196 210
196 231
196 234
196 269
197 203
197 214
197 227
197 237
197 242
197 258
197 291
197 298
198 204
198 205
198 246
198 260
199 205
199 227
199 244
199 248
199 255
199 258
199 259
199 275
199 284
199 287
199 298
200 231
200 237
200 241
200 242
201 211
201 214
201 216
201 222
201 257
201 263
201 292
202 208
202 235
202 244
202 267
203 214
203 218
203 246
204 217
204 219
204 230
204 260
204 267
204 277
205 214
205 221
205 232
205 270
205 273
205 291
206 243
206 276
207 243
207 256
207 299
209 219
209 266
210 217
210 234
210 274
210 281
210 291
211 212
211 232
211 267
211 280
212 293
214 264
214 283
215 242
215 291
216 255
217 267
218 254
218 285
219 266
221 270
222 247
222 296
222 297
223 247
223 298
224 226
224 229
224 231
224 254
224 285
224 295
224 297
224 298
225 233
225 237
225 261
225 269
226 256
226 283
226 288
226 295
227 252
227 265
227 293
227 298
228 229
228 234
228 236
228 263
228 286
228 288
228 297
229 250
229 276
229 284
229 289
230 236
230 262
230 277
231 237
231 251
231 258
231 266
231 275
231 293
232 290
233 241
233 246
233 291
234 271
234 272
234 284
235 255
235 276
236 237
236 285
237 249
237 256
237 266
237 271
237 294
239 249
239 279
239 296
240 248
240 276
241 242
241 286
243 271
243 287
244 261
244 279
248 257
252 283
252 284
252 293
254 278
255 280
255 290
255 296
256 283
257 292
258 275
260 263
260 268
261 281
261 282
262 264
262 268
262 277
262 279
262 283
263 267
263 282
264 266
264 268
266 274
266 277
266 285
268 272
268 274
269 276
270 272
271 272
271 278
272 295
276 298
280 290
288 290
292 293
293 298
