0 7
0 10
0 11
0 12
0 23
0 24
0 29
0 55
0 92
1 7
1 8
1 9
1 11
1 13
1 14
1 15
1 16
1 19
1 27
1 35
1 36
1 41
1 43
1 46
1 47
1 52
1 54
1 56
1 64
1 67
1 73
1 82
1 86
1 90
1 96
1 97
1 98
1 100
1 101
1 104
1 105
2 7
2 8
2 9
2 10
2 14
2 15
2 16
2 18
2 23
2 24
2 25
2 28
2 30
2 32
2 38
2 46
2 64
2 66
2 72
2 82
2 88
2 91
2 97
2 98
2 99
2 102
3 7
3 8
3 9
3 10
3 13
3 17
3 18
3 21
3 32
3 34
3 39
3 44
3 45
3 48
3 51
3 52
3 58
3 59
3 60
3 62
3 66
3 70
3 71
3 72
3 75
3 77
3 78
3 84
3 85
3 88
3 107
4 7
4 8
4 9
4 10
4 12
4 16
4 17
4 20
4 26
4 37
4 38
4 46
4 49
4 51
4 109
5 7
5 8
5 17
5 19
5 22
5 31
5 32
5 40
5 48
5 57
6 7
6 8
6 9
6 11
6 12
6 15
6 19
6 20
6 21
6 22
6 26
6 33
6 37
6 42
6 49
6 50
6 57
6 63
6 71
6 79
6 91
6 93
6 94
6 99
6 107
7 8
7 9
7 10
7 11
7 12
7 13
7 14
7 15
7 16
7 17
7 18
7 19
7 21
7 22
7 23
7 24
7 25
7 26
7 27
7 29
7 30
7 31
7 35
7 36
7 38
7 39
7 42
7 43
7 44
7 46
7 47
7 50
7 51
7 53
7 54
7 55
7 59
7 60
7 61
7 62
7 65
7 68
7 69
7 70
7 73
7 74
7 75
7 76
7 77
7 78
7 80
7 83
7 87
7 94
7 96
7 97
7 98
7 99
7 104
7 107
7 109
8 9
8 10
8 11
8 12
8 13
8 14
8 15
8 16
8 17
8 20
8 21
8 22
8 28
8 31
8 32
8 34
8 35
8 37
8 38
8 39
8 40
8 41
8 42
8 45
8 46
8 50
8 52
8 54
8 57
8 58
8 60
8 61
8 63
8 68
8 76
8 80
8 83
8 86
8 87
8 96
8 99
8 108
9 10
9 11
9 12
9 16
9 18
9 20
9 24
9 25
9 37
9 44
9 47
9 53
9 58
9 66
9 72
9 74
9 87
9 93
10 11
10 13
10 15
10 17
10 18
10 20
10 23
10 24
10 27
10 28
10 29
10 32
10 34
10 39
10 44
10 45
10 46
10 50
10 55
10 60
10 62
10 69
10 71
10 80
10 83
10 84
10 90
10 92
10 95
11 12
11 13
11 23
11 25
11 27
11 29
11 47
11 50
11 55
11 60
11 62
11 90
11 92
11 94
11 101
11 104
11 105
12 13
12 16
12 19
12 23
12 24
12 25
12 29
12 30
12 33
12 37
12 42
12 49
12 69
12 73
12 87
12 101
13 14
13 17
13 18
13 20
13 24
13 39
13 44
13 78
13 80
13 86
13 96
13 105
13 108
14 15
14 20
14 27
14 47
14 54
14 74
14 91
14 97
15 30
15 41
15 45
15 58
15 67
15 81
15 86
15 106
15 107
15 108
16 19
16 41
16 47
16 57
16 67
16 74
16 81
16 91
16 105
17 18
17 19
17 21
17 22
17 26
17 31
17 33
17 34
17 36
17 37
17 40
17 43
17 49
17 53
17 57
17 65
17 67
17 81
17 94
18 23
18 30
18 34
18 39
18 44
18 59
18 62
18 67
18 81
18 87
18 95
19 21
19 22
19 31
19 48
19 70
19 107
20 21
20 26
20 28
20 35
20 36
20 41
20 58
20 63
20 64
20 87
21 26
21 36
21 52
21 53
21 56
21 72
21 86
21 88
22 26
22 27
22 31
22 32
22 33
22 88
23 28
23 29
23 55
23 64
23 92
24 25
24 27
24 29
24 55
24 66
24 101
25 39
25 59
25 79
26 30
26 37
26 49
26 64
26 65
26 73
26 99
27 30
27 33
27 35
27 41
27 45
27 54
27 62
27 68
27 82
27 105
28 91
29 42
29 55
29 69
29 77
29 101
30 53
30 59
31 32
31 33
31 48
31 57
31 103
32 33
32 34
32 38
32 40
32 48
32 61
32 88
32 92
32 96
32 103
33 36
33 38
33 40
33 42
33 43
33 51
33 61
33 63
33 69
33 71
33 73
33 75
33 88
33 103
34 35
34 40
34 44
34 48
34 52
34 58
34 60
34 70
34 93
34 95
34 100
34 103
35 36
35 41
35 47
35 56
35 68
35 74
35 89
35 101
35 108
36 38
36 42
36 43
36 53
36 56
36 58
36 61
36 65
36 68
36 79
37 45
37 49
37 63
38 43
38 45
38 51
38 53
38 59
38 61
38 63
38 66
38 72
38 73
38 76
38 94
38 95
38 103
38 106
38 107
38 109
39 50
39 51
39 56
39 59
39 62
39 70
39 79
39 80
39 85
39 89
40 57
40 93
40 96
40 97
40 98
41 46
41 67
41 68
41 81
41 108
42 43
42 56
42 80
43 82
43 83
43 86
43 95
43 105
44 70
44 77
44 84
44 90
45 48
45 49
45 51
45 60
45 61
45 71
45 85
46 52
46 54
46 82
46 97
46 98
47 54
47 64
47 65
47 68
47 69
47 74
47 75
47 83
47 89
47 101
47 102
47 104
48 78
48 107
49 50
50 63
50 90
51 52
51 66
51 75
51 76
51 93
52 56
52 82
53 76
54 64
55 92
56 65
56 79
58 70
58 89
58 100
59 75
59 76
59 85
60 72
60 78
60 84
60 85
60 90
60 100
61 103
63 91
63 95
64 65
64 69
64 74
64 84
64 91
64 102
65 73
65 83
66 67
66 71
66 72
66 78
66 81
66 106
66 109
67 81
67 82
67 94
67 104
67 106
68 83
68 89
69 75
69 77
69 79
69 80
69 94
69 102
70 71
70 77
70 79
70 84
70 87
70 88
70 89
71 106
72 76
72 84
72 109
74 93
75 77
75 78
76 108
77 85
78 108
79 89
81 95
81 106
82 90
83 86
83 92
84 85
84 93
84 102
86 104
87 99
88 102
88 103
90 105
94 99
94 106
94 109
95 100
96 97
96 98
96 104
97 98
97 100
98 100
103 109
