0 8
0 9
0 10
0 11
0 12
0 13
0 14
0 15
0 17
0 18
0 20
0 21
0 23
0 30
0 32
0 34
0 43
0 49
0 51
0 55
0 59
1 8
1 9
1 11
1 12
1 17
2 8
2 9
2 10
2 11
2 12
2 13
2 14
2 16
2 19
2 22
2 24
2 25
2 31
2 33
2 34
2 35
2 37
2 38
2 39
2 40
2 42
2 44
2 45
2 46
2 47
2 51
2 60
2 61
2 62
2 63
2 66
2 67
2 69
2 74
2 77
3 8
3 9
3 31
3 50
4 8
4 9
4 10
4 11
4 13
4 18
4 19
4 20
4 28
4 29
5 8
5 10
5 11
5 16
5 26
5 27
6 8
6 9
6 10
6 12
6 25
6 32
6 50
6 57
6 68
6 73
7 8
7 9
7 10
7 17
7 25
7 26
7 64
7 72
7 78
8 9
8 10
8 11
8 12
8 13
8 14
8 15
8 16
8 17
8 18
8 20
8 21
8 22
8 23
8 25
8 26
8 27
8 28
8 31
8 33
8 34
8 36
8 38
8 40
8 41
8 43
8 46
8 52
8 54
8 56
8 58
8 60
8 64
8 68
8 70
8 78
9 10
9 11
9 12
9 13
9 14
9 15
9 16
9 17
9 18
9 19
9 20
9 21
9 22
9 25
9 28
9 29
9 30
9 31
9 33
9 34
9 35
9 36
9 40
9 44
9 50
9 52
9 53
9 55
9 56
9 58
9 61
9 63
9 65
9 66
9 68
9 72
9 77
9 78
10 11
10 12
10 13
10 14
10 15
10 16
10 17
10 19
10 20
10 22
10 23
10 24
10 25
10 26
10 27
10 28
10 29
10 30
10 32
10 33
10 34
10 36
10 43
10 46
10 48
10 51
10 55
10 57
10 60
10 63
10 65
10 78
11 12
11 13
11 14
11 15
11 16
11 17
11 19
11 22
11 23
11 24
11 26
11 27
11 28
11 29
11 30
11 33
11 34
11 36
11 46
11 52
11 54
11 56
11 63
12 13
12 14
12 15
12 16
12 17
12 18
12 19
12 20
12 21
12 23
12 24
12 25
12 27
12 34
12 38
12 39
12 40
12 42
12 47
12 54
12 55
12 59
12 66
12 68
12 70
12 71
12 72
12 75
12 76
12 77
13 14
13 15
13 18
13 19
13 20
13 22
13 24
13 28
13 29
13 38
13 39
13 41
13 49
14 15
14 16
14 18
14 21
14 22
14 24
14 33
14 35
14 36
14 37
14 39
14 40
14 42
14 43
14 44
14 48
14 53
14 60
14 62
14 77
14 79
15 18
15 21
15 32
15 49
15 56
15 57
15 60
15 64
16 19
16 24
16 26
16 27
16 33
16 36
16 48
16 52
16 58
16 72
17 21
17 23
17 26
17 30
17 31
17 49
17 50
17 59
17 64
17 72
17 76
17 78
18 20
18 28
18 29
18 30
18 43
19 22
19 29
19 32
19 39
19 51
19 67
19 69
20 21
20 23
20 28
20 29
20 31
20 35
20 37
20 44
20 45
20 47
20 49
20 61
20 62
21 23
21 30
21 35
21 37
21 42
21 44
21 47
21 49
21 53
21 58
21 61
21 62
22 24
22 40
22 67
22 74
23 30
23 32
23 51
23 57
23 59
23 73
23 76
25 26
25 31
25 35
25 38
25 40
25 41
25 68
25 78
26 27
26 78
28 35
28 37
28 42
28 45
28 72
29 32
29 56
29 57
29 73
30 32
30 49
30 51
30 55
30 57
30 59
30 76
31 33
31 38
31 46
31 50
31 60
31 65
31 66
31 70
32 49
32 51
32 57
32 60
32 68
32 73
33 34
33 35
33 36
33 37
33 43
33 48
33 52
33 54
33 61
33 62
33 64
33 65
33 66
33 71
33 72
33 75
34 39
34 42
34 46
34 54
34 55
34 56
34 59
34 61
34 63
34 65
34 72
34 75
34 76
35 36
35 37
35 38
35 39
35 41
35 42
35 44
35 45
35 47
35 48
35 52
35 53
35 58
35 61
35 65
35 70
35 71
35 79
36 37
36 43
36 48
36 52
36 53
36 54
36 64
36 71
37 38
37 41
37 43
37 45
37 48
37 52
37 58
37 62
37 79
38 39
38 41
38 47
38 64
38 67
38 69
38 70
38 74
38 77
38 79
39 40
39 41
39 42
39 44
39 45
39 50
39 56
39 63
39 71
39 75
40 46
40 50
40 66
40 67
40 69
40 71
40 75
41 58
41 62
41 70
42 44
42 45
42 46
42 47
42 61
42 71
43 48
43 55
43 59
43 71
43 76
44 45
44 50
44 53
44 60
45 58
46 53
46 54
46 55
46 63
46 67
46 69
46 74
46 75
47 53
47 67
47 69
48 62
48 65
48 66
48 79
49 51
49 73
50 68
51 57
51 59
51 66
51 76
52 54
52 56
54 63
57 68
57 73
59 76
60 64
60 73
61 67
61 69
61 74
61 77
62 65
64 70
64 78
64 79
65 79
66 75
67 69
67 70
67 74
68 73
69 74
69 77
70 74
71 75
74 77
78 79
