0 7
0 10
0 11
0 12
0 17
0 24
0 29
0 30
0 31
0 88
0 97
0 118
1 7
1 8
1 9
1 11
1 13
1 14
1 15
1 16
1 17
1 19
1 23
1 24
1 25
1 27
1 28
1 29
1 33
1 36
1 43
1 49
1 59
1 64
1 66
1 70
1 71
1 74
1 78
1 79
1 80
1 83
1 87
1 92
1 99
1 101
1 118
1 124
1 131
1 135
1 141
2 7
2 8
2 9
2 10
2 14
2 15
2 16
2 17
2 24
2 32
2 35
2 39
2 46
2 56
2 60
2 62
2 66
2 68
2 72
2 78
2 80
2 91
2 92
2 96
2 106
2 113
2 116
2 122
2 124
2 126
2 134
2 137
2 138
2 147
3 7
3 8
3 9
3 10
3 13
3 16
3 19
3 21
3 26
3 28
3 30
3 38
3 40
3 54
3 55
3 57
3 60
3 63
3 76
3 84
3 85
3 87
3 89
3 90
3 93
3 104
3 106
3 108
3 119
3 126
3 133
3 135
3 147
4 7
4 8
4 9
4 10
4 12
4 18
4 20
4 21
4 22
4 24
4 33
4 45
4 50
4 53
4 59
4 69
4 70
4 81
4 82
4 94
4 107
4 110
4 112
4 120
4 121
4 126
4 127
4 128
4 129
4 132
5 7
5 8
5 10
5 23
5 27
5 41
5 48
5 49
5 51
5 53
5 54
5 65
5 67
5 71
5 86
5 109
5 120
5 124
5 148
6 7
6 8
6 9
6 11
6 12
6 15
6 16
6 17
6 20
6 23
6 25
6 26
6 31
6 34
6 38
6 40
6 43
6 50
6 58
6 63
6 82
6 84
6 88
6 104
6 105
6 110
6 111
6 123
6 127
6 140
6 142
6 145
6 148
7 8
7 9
7 10
7 11
7 12
7 13
7 14
7 15
7 16
7 18
7 19
7 20
7 22
7 23
7 24
7 25
7 26
7 27
7 28
7 32
7 34
7 35
7 37
7 38
7 40
7 46
7 54
7 57
7 58
7 62
7 65
7 66
7 73
7 74
7 79
7 82
7 87
7 89
7 96
7 99
7 101
7 102
7 103
7 105
7 109
7 118
7 119
7 122
7 123
7 125
7 131
7 136
7 139
7 143
7 149
8 9
8 11
8 12
8 13
8 14
8 15
8 17
8 18
8 19
8 21
8 22
8 23
8 25
8 26
8 27
8 28
8 30
8 34
8 36
8 40
8 44
8 45
8 46
8 47
8 48
8 49
8 51
8 53
8 54
8 58
8 62
8 64
8 65
8 66
8 68
8 69
8 70
8 72
8 75
8 77
8 80
8 88
8 92
8 95
8 100
8 101
8 102
8 108
8 110
8 116
8 117
8 120
8 121
8 125
8 128
8 140
8 142
8 144
9 10
9 12
9 14
9 16
9 17
9 18
9 19
9 22
9 24
9 29
9 31
9 34
9 37
9 41
9 42
9 44
9 49
9 51
9 52
9 55
9 60
9 61
9 63
9 74
9 77
9 81
9 95
9 98
9 103
9 110
9 113
9 114
9 122
9 134
9 139
9 143
9 145
9 149
10 11
10 13
10 14
10 15
10 16
10 20
10 22
10 25
10 30
10 31
10 41
10 43
10 44
10 51
10 56
10 76
10 84
10 87
10 88
10 90
10 94
10 95
10 96
10 99
10 105
10 112
10 117
10 121
10 136
10 145
10 146
11 12
11 13
11 21
11 22
11 23
11 25
11 26
11 29
11 31
11 32
11 33
11 35
11 38
11 39
11 44
11 45
11 47
11 49
11 52
11 55
11 64
11 69
11 70
11 74
11 79
11 83
11 88
11 90
11 91
11 97
11 103
11 105
11 112
11 118
11 122
11 125
11 132
11 133
11 147
12 22
12 23
12 31
12 33
12 34
12 38
12 50
12 69
12 81
12 82
12 84
12 88
12 90
12 93
12 98
12 107
12 125
13 18
13 19
13 21
13 28
13 30
13 32
13 45
13 48
13 57
13 60
13 67
13 75
13 79
13 80
13 97
13 102
13 117
13 123
13 125
13 132
13 135
14 15
14 17
14 18
14 20
14 21
14 27
14 29
14 33
14 35
14 37
14 39
14 42
14 63
14 69
14 75
14 104
14 116
14 129
14 130
15 35
15 36
15 42
15 53
15 62
15 66
15 68
15 76
15 86
15 94
15 96
15 102
15 114
15 130
16 19
16 26
16 30
16 32
16 35
16 39
16 40
16 41
16 46
16 64
16 65
16 84
16 106
16 120
16 140
16 141
16 145
17 25
17 28
17 29
17 38
17 51
17 57
17 66
17 68
17 70
17 83
17 91
17 99
17 106
17 112
17 118
18 64
18 65
18 82
18 89
18 100
18 113
18 139
19 20
19 33
19 55
19 73
19 80
19 135
19 136
20 37
20 38
20 42
20 50
20 52
20 62
20 67
20 81
20 121
20 141
21 24
21 32
21 37
21 81
21 100
22 34
22 41
22 46
22 51
22 58
22 69
22 95
22 115
22 121
23 27
23 28
23 31
23 46
23 49
23 50
23 52
23 61
23 92
23 143
24 36
24 45
24 56
24 60
24 78
24 96
24 98
25 36
25 54
25 63
25 112
26 27
26 36
26 40
26 55
26 104
26 105
27 32
27 33
27 43
27 53
27 54
28 55
28 74
28 89
28 123
29 75
29 97
29 112
29 117
29 131
30 48
30 85
31 40
31 43
31 50
31 145
32 34
32 35
32 39
32 41
32 47
32 48
32 61
32 76
32 78
32 79
32 84
32 91
32 93
32 109
32 111
32 122
32 124
32 133
32 146
33 50
33 59
33 73
33 83
33 93
33 94
33 108
33 126
33 127
33 134
33 137
34 36
34 41
34 42
34 58
34 59
34 61
34 75
34 87
34 90
34 106
34 115
34 125
34 139
34 144
35 37
35 39
35 44
35 45
35 56
35 60
35 63
35 72
35 76
35 77
35 85
35 95
35 107
35 115
35 119
35 128
35 138
35 147
36 39
36 42
36 43
36 47
36 49
36 61
36 71
36 72
36 74
36 77
36 101
36 130
36 138
36 140
36 142
37 42
37 43
37 45
37 52
37 57
37 62
37 64
37 67
37 77
37 85
37 107
37 113
37 114
37 123
37 129
37 136
37 141
38 53
38 55
38 57
38 65
38 70
38 71
38 72
38 73
38 85
38 87
38 98
38 121
38 126
38 137
38 140
38 147
39 47
39 52
39 56
39 59
39 71
39 77
39 78
39 91
40 44
40 53
40 57
40 63
40 67
40 87
40 101
40 114
40 140
41 44
41 48
41 71
41 104
41 129
42 51
42 62
43 67
43 68
43 77
43 101
43 110
43 127
43 141
43 145
44 46
44 47
44 48
44 61
44 100
44 115
45 84
45 135
46 47
46 56
46 58
46 75
46 92
46 110
46 126
48 54
48 67
48 86
48 103
48 111
48 142
48 148
49 52
49 83
49 95
49 100
49 109
49 111
50 69
50 81
50 104
50 117
51 64
51 66
51 75
51 94
51 117
51 145
51 146
52 56
52 59
52 114
52 132
53 58
53 59
53 70
53 86
53 93
53 125
54 68
54 96
55 95
56 76
57 60
57 61
57 68
57 79
57 143
59 73
59 115
59 127
59 131
60 72
60 76
60 97
60 107
60 134
62 79
62 106
64 65
64 78
64 88
64 107
64 108
64 112
64 113
64 131
64 132
64 137
64 144
65 72
65 86
65 89
65 93
65 108
65 109
65 116
65 118
65 120
65 128
65 137
65 141
65 148
66 73
66 78
66 83
66 91
66 94
66 98
66 122
66 128
66 130
67 85
67 99
67 103
68 80
68 86
68 124
68 130
68 138
68 148
69 81
69 82
69 90
69 121
69 129
70 71
70 73
70 80
70 86
70 94
70 99
70 111
71 74
71 113
71 140
71 143
71 148
72 89
73 89
73 108
74 148
75 82
75 102
75 110
75 117
75 123
75 127
75 146
76 119
76 132
76 133
76 147
77 85
77 97
77 98
77 115
78 91
78 115
78 123
78 124
78 126
78 137
78 144
79 101
80 83
80 92
80 96
80 99
81 100
81 103
81 129
81 134
82 146
83 92
84 104
84 105
84 114
85 90
85 114
85 136
85 147
86 93
86 116
86 120
86 142
87 106
87 119
87 131
87 139
88 108
88 118
88 144
89 109
89 116
89 119
89 135
90 103
92 113
92 124
93 98
93 107
96 97
96 102
96 134
96 135
96 149
97 133
98 128
99 139
100 111
100 131
101 119
101 136
101 142
101 149
104 105
105 111
105 133
107 141
108 144
109 130
109 132
109 146
111 122
112 127
112 130
112 138
113 143
114 136
114 149
115 128
115 142
118 120
121 129
122 133
126 137
127 146
130 138
131 139
135 149
136 138
136 149
137 144
140 143
