0 40
0 41
0 42
0 44
0 45
0 46
0 47
0 48
0 49
0 50
0 52
0 54
0 55
0 57
0 62
0 64
0 68
0 73
0 75
0 78
0 80
0 82
0 83
0 84
0 85
0 87
0 88
0 93
0 94
0 95
0 99
0 101
0 106
0 108
0 110
0 122
0 124
0 125
0 131
0 133
0 135
0 138
0 140
0 143
0 144
0 151
0 158
0 171
0 173
0 179
0 181
0 186
0 191
0 199
0 200
0 203
0 207
0 210
0 211
0 217
0 218
0 220
0 222
0 226
0 232
0 237
0 252
0 254
0 259
0 261
0 262
0 269
0 276
0 292
0 298
0 299
0 313
0 323
0 326
0 332
0 346
0 349
0 351
0 356
0 358
0 361
0 366
0 370
0 376
0 378
0 395
1 40
1 41
1 42
1 43
1 44
1 45
1 49
1 50
1 51
1 54
1 56
1 58
1 59
1 61
1 62
1 63
1 64
1 65
1 67
1 68
1 69
1 71
1 73
1 74
1 76
1 77
1 81
1 82
1 92
1 94
1 95
1 103
1 118
1 121
1 124
1 126
1 129
1 131
1 137
1 138
1 142
1 146
1 153
1 160
1 164
1 170
1 181
1 191
1 193
1 199
1 208
1 213
1 215
1 219
1 225
1 241
1 243
1 248
1 254
1 255
1 256
1 279
1 280
1 285
1 287
1 292
1 294
1 298
1 303
1 313
1 315
1 319
1 322
1 323
1 326
1 335
1 336
1 347
1 357
1 362
1 363
1 370
1 378
1 379
1 391
1 392
1 394
2 40
2 43
2 44
2 46
2 47
2 49
2 50
2 54
2 58
2 60
2 61
2 62
2 65
2 66
2 68
2 73
2 74
2 76
2 78
2 79
2 80
2 82
2 92
2 94
2 103
2 108
2 114
2 115
2 118
2 120
2 124
2 127
2 128
2 131
2 136
2 138
2 145
2 149
2 152
2 153
2 154
2 156
2 162
2 170
2 171
2 173
2 180
2 183
2 188
2 190
2 193
2 197
2 202
2 212
2 214
2 218
2 220
2 227
2 235
2 242
2 260
2 265
2 285
2 287
2 290
2 294
2 298
2 306
2 316
2 324
2 339
2 341
2 342
2 344
2 350
2 352
2 353
2 354
2 375
2 381
2 385
2 391
3 40
3 41
3 42
3 43
3 44
3 45
3 46
3 47
3 49
3 52
3 53
3 62
3 63
3 65
3 67
3 72
3 73
3 85
3 93
3 95
3 99
3 101
3 102
3 103
3 109
3 113
3 117
3 124
3 126
3 129
3 130
3 131
3 134
3 137
3 147
3 148
3 154
3 158
3 175
3 179
3 181
3 182
3 188
3 189
3 197
3 203
3 204
3 223
3 225
3 226
3 237
3 243
3 244
3 253
3 254
3 269
3 275
3 279
3 283
3 292
3 304
3 311
3 318
3 321
3 334
3 338
3 340
3 341
3 345
3 354
3 355
3 360
3 361
3 366
3 368
3 371
3 377
3 386
4 40
4 41
4 42
4 43
4 45
4 46
4 47
4 48
4 49
4 50
4 51
4 52
4 53
4 54
4 55
4 58
4 59
4 61
4 62
4 63
4 66
4 67
4 68
4 72
4 73
4 77
4 82
4 83
4 84
4 95
4 96
4 98
4 99
4 109
4 114
4 115
4 116
4 119
4 122
4 123
4 127
4 128
4 135
4 139
4 143
4 148
4 149
4 154
4 156
4 158
4 164
4 170
4 176
4 181
4 183
4 196
4 200
4 205
4 212
4 217
4 219
4 220
4 221
4 223
4 236
4 239
4 240
4 260
4 266
4 273
4 279
4 280
4 290
4 299
4 300
4 302
4 311
4 317
4 323
4 329
4 339
4 350
4 368
4 386
4 398
5 40
5 41
5 42
5 43
5 44
5 45
5 46
5 47
5 48
5 49
5 52
5 53
5 56
5 57
5 60
5 67
5 69
5 70
5 71
5 72
5 73
5 74
5 76
5 80
5 81
5 86
5 87
5 88
5 89
5 91
5 93
5 95
5 96
5 97
5 98
5 101
5 105
5 107
5 108
5 109
5 113
5 114
5 115
5 123
5 124
5 132
5 134
5 136
5 137
5 142
5 144
5 145
5 146
5 147
5 150
5 151
5 152
5 154
5 155
5 166
5 167
5 168
5 172
5 174
5 179
5 190
5 192
5 194
5 201
5 203
5 205
5 207
5 208
5 211
5 213
5 214
5 215
5 216
5 221
5 237
5 241
5 246
5 247
5 259
5 266
5 268
5 269
5 271
5 283
5 290
5 292
5 296
5 297
5 298
5 304
5 312
5 313
5 315
5 325
5 331
5 336
5 339
5 343
5 348
5 355
5 360
5 361
5 371
5 372
5 374
5 382
5 388
5 393
5 398
5 399
6 40
6 41
6 42
6 43
6 44
6 45
6 46
6 47
6 48
6 49
6 50
6 51
6 52
6 53
6 54
6 61
6 63
6 66
6 70
6 71
6 72
6 73
6 74
6 75
6 80
6 81
6 84
6 87
6 91
6 92
6 93
6 94
6 96
6 99
6 103
6 109
6 112
6 114
6 117
6 121
6 122
6 123
6 124
6 126
6 128
6 130
6 132
6 134
6 139
6 148
6 157
6 158
6 174
6 178
6 183
6 184
6 185
6 187
6 198
6 201
6 203
6 205
6 220
6 227
6 228
6 230
6 236
6 244
6 251
6 253
6 255
6 257
6 259
6 261
6 264
6 277
6 284
6 287
6 290
6 294
6 295
6 296
6 298
6 315
6 321
6 323
6 328
6 339
6 351
6 352
6 370
6 389
6 390
6 392
6 396
7 40
7 41
7 42
7 43
7 44
7 45
7 46
7 47
7 48
7 49
7 50
7 51
7 52
7 53
7 54
7 55
7 56
7 57
7 60
7 61
7 62
7 63
7 64
7 66
7 67
7 68
7 70
7 72
7 73
7 74
7 75
7 76
7 77
7 78
7 80
7 84
7 87
7 88
7 89
7 90
7 95
7 97
7 99
7 101
7 104
7 105
7 108
7 109
7 110
7 114
7 118
7 119
7 120
7 122
7 130
7 132
7 135
7 137
7 138
7 142
7 145
7 146
7 149
7 150
7 157
7 158
7 159
7 168
7 180
7 184
7 194
7 198
7 199
7 209
7 210
7 214
7 228
7 232
7 234
7 238
7 251
7 257
7 260
7 263
7 266
7 272
7 285
7 290
7 291
7 301
7 306
7 323
7 330
7 332
7 335
7 338
7 347
7 351
7 354
7 356
7 361
7 367
7 368
7 370
7 373
7 378
7 381
7 383
7 385
7 390
7 393
8 40
8 41
8 42
8 43
8 44
8 45
8 46
8 47
8 48
8 49
8 50
8 51
8 53
8 54
8 55
8 56
8 57
8 59
8 60
8 62
8 63
8 64
8 65
8 67
8 69
8 70
8 80
8 81
8 84
8 88
8 90
8 92
8 94
8 95
8 97
8 99
8 100
8 106
8 109
8 110
8 112
8 114
8 118
8 120
8 122
8 125
8 127
8 128
8 130
8 132
8 137
8 139
8 140
8 146
8 147
8 157
8 162
8 170
8 171
8 172
8 173
8 176
8 180
8 182
8 183
8 187
8 192
8 195
8 202
8 204
8 208
8 209
8 217
8 218
8 219
8 221
8 222
8 224
8 225
8 226
8 227
8 239
8 242
8 243
8 249
8 252
8 257
8 260
8 261
8 262
8 265
8 266
8 274
8 277
8 280
8 281
8 283
8 288
8 297
8 305
8 306
8 316
8 324
8 327
8 331
8 333
8 334
8 337
8 347
8 351
8 352
8 357
8 360
8 361
8 362
8 364
8 367
8 382
8 386
8 390
8 395
8 399
9 40
9 41
9 42
9 43
9 44
9 45
9 46
9 48
9 49
9 50
9 51
9 52
9 56
9 58
9 61
9 62
9 66
9 68
9 70
9 74
9 77
9 78
9 81
9 83
9 84
9 87
9 95
9 97
9 98
9 105
9 106
9 108
9 111
9 115
9 116
9 120
9 121
9 123
9 124
9 125
9 129
9 130
9 131
9 132
9 135
9 137
9 138
9 139
9 145
9 146
9 147
9 150
9 153
9 156
9 161
9 163
9 169
9 171
9 178
9 180
9 183
9 184
9 185
9 192
9 199
9 212
9 219
9 222
9 223
9 236
9 237
9 242
9 251
9 260
9 270
9 272
9 274
9 283
9 291
9 295
9 300
9 301
9 302
9 306
9 310
9 329
9 333
9 341
9 342
9 345
9 357
9 363
9 364
9 368
9 388
10 40
10 41
10 42
10 43
10 44
10 45
10 46
10 47
10 48
10 49
10 50
10 51
10 52
10 53
10 55
10 56
10 57
10 58
10 59
10 61
10 66
10 67
10 68
10 72
10 75
10 77
10 78
10 80
10 84
10 86
10 87
10 88
10 89
10 90
10 92
10 94
10 96
10 103
10 104
10 105
10 106
10 107
10 110
10 112
10 113
10 114
10 115
10 116
10 117
10 121
10 125
10 134
10 142
10 143
10 147
10 151
10 156
10 157
10 160
10 171
10 172
10 173
10 175
10 180
10 181
10 182
10 187
10 190
10 191
10 198
10 201
10 203
10 204
10 208
10 220
10 224
10 226
10 230
10 235
10 245
10 248
10 262
10 282
10 306
10 307
10 321
10 328
10 330
10 333
10 334
10 335
10 338
10 349
10 350
10 352
10 371
10 374
10 385
10 391
10 397
11 40
11 41
11 42
11 43
11 44
11 45
11 46
11 47
11 48
11 50
11 51
11 52
11 53
11 54
11 55
11 56
11 58
11 60
11 61
11 62
11 64
11 67
11 68
11 69
11 70
11 71
11 73
11 75
11 76
11 78
11 79
11 80
11 81
11 83
11 86
11 88
11 89
11 94
11 97
11 101
11 102
11 104
11 109
11 112
11 113
11 122
11 125
11 127
11 128
11 130
11 141
11 142
11 148
11 150
11 151
11 154
11 155
11 157
11 161
11 168
11 172
11 175
11 177
11 178
11 181
11 184
11 186
11 195
11 200
11 205
11 214
11 217
11 219
11 220
11 224
11 234
11 237
11 238
11 240
11 243
11 246
11 249
11 254
11 259
11 263
11 272
11 281
11 282
11 283
11 291
11 306
11 325
11 331
11 334
11 341
11 346
11 348
11 355
11 356
11 360
11 361
11 364
11 368
11 371
11 375
11 376
11 377
11 378
11 381
11 386
11 390
11 393
11 398
12 40
12 41
12 42
12 43
12 44
12 45
12 47
12 48
12 49
12 50
12 51
12 52
12 53
12 54
12 55
12 56
12 59
12 61
12 63
12 65
12 67
12 72
12 74
12 77
12 79
12 82
12 99
12 100
12 101
12 103
12 105
12 107
12 111
12 112
12 113
12 115
12 117
12 118
12 127
12 129
12 131
12 134
12 135
12 136
12 138
12 141
12 144
12 146
12 149
12 150
12 151
12 161
12 164
12 166
12 172
12 176
12 177
12 184
12 185
12 188
12 190
12 191
12 194
12 197
12 204
12 209
12 211
12 219
12 220
12 231
12 232
12 237
12 240
12 246
12 250
12 251
12 258
12 264
12 266
12 274
12 277
12 284
12 288
12 290
12 292
12 293
12 299
12 302
12 306
12 314
12 320
12 323
12 326
12 330
12 338
12 347
12 349
12 354
12 355
12 358
12 365
12 369
12 370
12 371
12 377
12 388
12 392
12 398
13 40
13 41
13 42
13 43
13 44
13 46
13 47
13 48
13 49
13 51
13 52
13 54
13 55
13 56
13 58
13 60
13 63
13 64
13 65
13 66
13 69
13 71
13 74
13 75
13 77
13 79
13 81
13 82
13 83
13 84
13 89
13 92
13 95
13 96
13 97
13 100
13 104
13 105
13 107
13 111
13 114
13 115
13 116
13 117
13 119
13 126
13 127
13 130
13 134
13 136
13 140
13 141
13 146
13 152
13 157
13 168
13 175
13 176
13 177
13 180
13 188
13 193
13 196
13 197
13 200
13 201
13 202
13 203
13 204
13 205
13 207
13 211
13 213
13 215
13 216
13 222
13 223
13 225
13 228
13 235
13 237
13 238
13 240
13 241
13 245
13 250
13 253
13 255
13 258
13 259
13 263
13 265
13 266
13 276
13 277
13 280
13 283
13 296
13 299
13 303
13 304
13 305
13 307
13 311
13 314
13 317
13 322
13 327
13 328
13 335
13 347
13 352
13 353
13 354
13 359
13 362
13 373
13 379
13 393
14 40
14 41
14 42
14 43
14 44
14 45
14 46
14 47
14 48
14 49
14 50
14 51
14 52
14 53
14 54
14 55
14 56
14 57
14 60
14 63
14 66
14 67
14 72
14 76
14 77
14 78
14 81
14 87
14 88
14 89
14 90
14 92
14 93
14 94
14 95
14 98
14 103
14 104
14 105
14 106
14 109
14 112
14 113
14 117
14 120
14 123
14 124
14 126
14 129
14 132
14 133
14 137
14 140
14 141
14 149
14 154
14 155
14 159
14 160
14 165
14 166
14 167
14 169
14 171
14 180
14 181
14 188
14 195
14 196
14 200
14 215
14 218
14 219
14 221
14 226
14 229
14 232
14 235
14 237
14 240
14 241
14 247
14 248
14 249
14 257
14 268
14 269
14 277
14 278
14 284
14 294
14 310
14 316
14 333
14 342
14 367
14 369
14 387
14 388
15 40
15 41
15 42
15 43
15 45
15 46
15 47
15 48
15 49
15 52
15 54
15 55
15 56
15 57
15 58
15 59
15 61
15 62
15 63
15 64
15 65
15 66
15 68
15 70
15 71
15 74
15 77
15 78
15 81
15 82
15 83
15 86
15 87
15 88
15 92
15 93
15 95
15 97
15 98
15 100
15 103
15 104
15 106
15 108
15 110
15 111
15 113
15 114
15 115
15 116
15 118
15 122
15 124
15 125
15 126
15 127
15 128
15 129
15 130
15 131
15 136
15 139
15 140
15 147
15 153
15 155
15 160
15 161
15 163
15 171
15 172
15 174
15 175
15 179
15 184
15 189
15 193
15 196
15 197
15 204
15 205
15 209
15 216
15 218
15 219
15 220
15 222
15 226
15 227
15 228
15 229
15 239
15 241
15 246
15 247
15 254
15 260
15 265
15 269
15 273
15 275
15 284
15 288
15 290
15 292
15 293
15 301
15 304
15 305
15 310
15 311
15 312
15 322
15 334
15 337
15 346
15 361
15 365
15 375
15 381
15 384
16 40
16 41
16 42
16 43
16 44
16 45
16 46
16 47
16 48
16 49
16 50
16 51
16 52
16 53
16 54
16 55
16 57
16 58
16 59
16 60
16 62
16 64
16 65
16 69
16 70
16 73
16 76
16 77
16 78
16 82
16 84
16 86
16 88
16 89
16 90
16 92
16 101
16 102
16 104
16 107
16 109
16 110
16 113
16 119
16 122
16 127
16 129
16 132
16 133
16 135
16 136
16 142
16 143
16 149
16 153
16 155
16 157
16 167
16 169
16 171
16 175
16 176
16 178
16 181
16 182
16 183
16 188
16 189
16 193
16 196
16 203
16 205
16 210
16 214
16 215
16 217
16 220
16 227
16 240
16 247
16 250
16 262
16 266
16 270
16 271
16 273
16 274
16 278
16 284
16 290
16 299
16 327
16 333
16 338
16 344
16 345
16 348
16 355
16 361
16 363
16 367
16 369
16 370
16 373
16 382
16 388
17 40
17 41
17 42
17 43
17 44
17 46
17 47
17 48
17 49
17 50
17 51
17 53
17 54
17 55
17 56
17 58
17 60
17 61
17 62
17 64
17 65
17 66
17 68
17 69
17 70
17 75
17 76
17 77
17 78
17 79
17 80
17 83
17 85
17 87
17 88
17 90
17 93
17 94
17 96
17 98
17 99
17 100
17 102
17 106
17 108
17 109
17 111
17 112
17 115
17 117
17 118
17 121
17 132
17 136
17 152
17 155
17 160
17 161
17 173
17 174
17 177
17 179
17 180
17 188
17 189
17 194
17 201
17 202
17 208
17 209
17 213
17 224
17 225
17 231
17 238
17 241
17 245
17 246
17 250
17 251
17 258
17 273
17 279
17 281
17 282
17 284
17 292
17 297
17 307
17 309
17 311
17 317
17 326
17 327
17 331
17 332
17 337
17 338
17 350
17 363
17 366
17 381
17 393
18 40
18 41
18 42
18 43
18 44
18 45
18 46
18 48
18 49
18 50
18 51
18 52
18 53
18 54
18 58
18 59
18 60
18 61
18 63
18 64
18 66
18 67
18 68
18 69
18 70
18 71
18 72
18 74
18 75
18 77
18 81
18 83
18 85
18 87
18 88
18 90
18 93
18 94
18 96
18 97
18 99
18 100
18 102
18 103
18 106
18 111
18 112
18 115
18 116
18 118
18 124
18 125
18 128
18 129
18 133
18 134
18 136
18 140
18 142
18 144
18 154
18 155
18 162
18 165
18 173
18 176
18 179
18 183
18 186
18 189
18 196
18 207
18 216
18 221
18 231
18 238
18 245
18 251
18 259
18 266
18 267
18 274
18 277
18 280
18 287
18 291
18 295
18 296
18 300
18 302
18 304
18 315
18 316
18 324
18 332
18 352
18 359
18 365
18 366
18 368
18 380
18 389
18 392
18 394
18 398
19 40
19 41
19 42
19 44
19 45
19 47
19 51
19 53
19 54
19 56
19 57
19 58
19 60
19 62
19 63
19 64
19 65
19 66
19 72
19 74
19 77
19 78
19 81
19 85
19 86
19 88
19 91
19 97
19 98
19 100
19 102
19 107
19 109
19 110
19 114
19 117
19 119
19 121
19 125
19 126
19 133
19 135
19 138
19 140
19 145
19 146
19 149
19 153
19 155
19 159
19 160
19 165
19 166
19 168
19 173
19 181
19 193
19 197
19 203
19 210
19 215
19 229
19 232
19 236
19 239
19 240
19 249
19 256
19 260
19 266
19 267
19 290
19 296
19 301
19 321
19 325
19 339
19 342
19 357
19 360
19 368
19 371
19 375
19 377
19 381
19 382
19 393
19 397
20 40
20 41
20 42
20 43
20 44
20 45
20 46
20 47
20 48
20 49
20 50
20 51
20 52
20 55
20 56
20 57
20 58
20 59
20 60
20 61
20 64
20 66
20 71
20 72
20 73
20 74
20 78
20 81
20 84
20 85
20 89
20 92
20 93
20 94
20 96
20 97
20 99
20 101
20 102
20 103
20 106
20 111
20 112
20 113
20 115
20 116
20 117
20 119
20 121
20 125
20 127
20 128
20 129
20 132
20 134
20 135
20 138
20 141
20 142
20 150
20 153
20 156
20 157
20 162
20 173
20 174
20 204
20 209
20 219
20 223
20 229
20 236
20 239
20 249
20 251
20 256
20 258
20 268
20 269
20 273
20 283
20 286
20 287
20 289
20 295
20 301
20 305
20 307
20 310
20 318
20 342
20 347
20 349
20 370
20 378
20 383
20 385
20 386
20 393
20 398
21 40
21 41
21 42
21 43
21 44
21 45
21 46
21 47
21 48
21 49
21 50
21 51
21 52
21 53
21 54
21 55
21 56
21 57
21 58
21 60
21 61
21 62
21 63
21 64
21 65
21 68
21 69
21 71
21 72
21 73
21 74
21 75
21 77
21 80
21 83
21 84
21 85
21 86
21 90
21 92
21 94
21 96
21 97
21 99
21 100
21 102
21 106
21 108
21 109
21 110
21 116
21 117
21 124
21 128
21 130
21 132
21 147
21 150
21 152
21 164
21 167
21 168
21 175
21 177
21 181
21 183
21 186
21 190
21 191
21 193
21 196
21 210
21 211
21 212
21 213
21 216
21 223
21 225
21 228
21 229
21 234
21 236
21 238
21 246
21 251
21 252
21 261
21 264
21 268
21 272
21 273
21 284
21 285
21 291
21 296
21 299
21 302
21 307
21 308
21 309
21 313
21 317
21 330
21 332
21 333
21 336
21 337
21 338
21 339
21 343
21 344
21 347
21 348
21 349
21 355
21 356
21 358
21 364
21 366
21 370
21 376
21 377
21 384
21 386
21 392
21 396
21 397
21 398
22 40
22 41
22 42
22 43
22 44
22 46
22 50
22 53
22 55
22 56
22 57
22 58
22 59
22 62
22 63
22 64
22 65
22 66
22 68
22 69
22 74
22 75
22 77
22 78
22 80
22 84
22 87
22 89
22 92
22 93
22 95
22 97
22 101
22 102
22 108
22 110
22 117
22 119
22 121
22 124
22 126
22 137
22 139
22 140
22 150
22 152
22 153
22 157
22 158
22 162
22 165
22 172
22 176
22 181
22 183
22 199
22 204
22 208
22 211
22 215
22 216
22 218
22 221
22 232
22 238
22 240
22 252
22 261
22 264
22 269
22 270
22 284
22 285
22 295
22 301
22 319
22 323
22 339
22 340
22 341
22 342
22 345
22 349
22 355
22 358
22 368
22 370
22 388
23 40
23 41
23 42
23 43
23 44
23 45
23 46
23 47
23 48
23 50
23 51
23 53
23 57
23 58
23 60
23 61
23 63
23 65
23 68
23 69
23 70
23 72
23 75
23 77
23 78
23 82
23 92
23 96
23 97
23 99
23 102
23 106
23 108
23 109
23 110
23 112
23 116
23 117
23 122
23 123
23 125
23 128
23 130
23 132
23 133
23 141
23 145
23 163
23 171
23 174
23 176
23 177
23 178
23 184
23 185
23 186
23 188
23 190
23 191
23 192
23 193
23 198
23 200
23 201
23 203
23 208
23 210
23 213
23 215
23 217
23 225
23 227
23 230
23 231
23 240
23 241
23 244
23 246
23 248
23 256
23 263
23 266
23 267
23 275
23 283
23 287
23 296
23 300
23 301
23 302
23 303
23 308
23 312
23 318
23 323
23 326
23 335
23 345
23 351
23 353
23 366
23 375
23 376
23 381
23 399
24 40
24 41
24 43
24 46
24 48
24 49
24 50
24 52
24 53
24 54
24 56
24 57
24 59
24 61
24 64
24 66
24 68
24 71
24 74
24 78
24 79
24 82
24 86
24 88
24 89
24 90
24 91
24 92
24 93
24 96
24 99
24 114
24 115
24 118
24 121
24 125
24 128
24 129
24 132
24 135
24 138
24 141
24 145
24 155
24 161
24 171
24 179
24 180
24 187
24 188
24 189
24 194
24 200
24 203
24 210
24 211
24 216
24 219
24 223
24 228
24 238
24 239
24 244
24 251
24 254
24 255
24 265
24 266
24 270
24 272
24 279
24 284
24 286
24 304
24 308
24 309
24 312
24 313
24 315
24 319
24 327
24 332
24 334
24 338
24 339
24 345
24 348
24 350
24 354
24 368
24 373
24 374
24 375
24 380
24 385
24 395
25 40
25 41
25 42
25 43
25 44
25 45
25 46
25 47
25 48
25 49
25 51
25 52
25 53
25 54
25 55
25 56
25 57
25 58
25 59
25 60
25 61
25 62
25 64
25 65
25 66
25 68
25 70
25 71
25 72
25 73
25 74
25 76
25 81
25 83
25 86
25 87
25 88
25 90
25 95
25 100
25 102
25 104
25 105
25 108
25 109
25 110
25 113
25 117
25 118
25 119
25 120
25 121
25 125
25 131
25 134
25 136
25 138
25 140
25 146
25 148
25 152
25 155
25 156
25 157
25 159
25 167
25 169
25 174
25 177
25 182
25 185
25 186
25 193
25 199
25 204
25 205
25 206
25 221
25 225
25 228
25 231
25 236
25 238
25 240
25 247
25 256
25 258
25 260
25 263
25 265
25 266
25 269
25 276
25 277
25 279
25 280
25 282
25 292
25 302
25 314
25 326
25 329
25 337
25 338
25 341
25 342
25 352
25 357
25 358
25 363
25 367
25 370
25 376
25 379
25 383
25 387
25 398
26 40
26 41
26 42
26 43
26 44
26 45
26 46
26 47
26 48
26 50
26 51
26 52
26 53
26 54
26 55
26 56
26 57
26 58
26 59
26 60
26 61
26 64
26 67
26 68
26 69
26 71
26 73
26 75
26 77
26 78
26 79
26 80
26 82
26 83
26 85
26 87
26 89
26 90
26 91
26 93
26 94
26 97
26 98
26 99
26 101
26 105
26 107
26 108
26 109
26 111
26 112
26 113
26 116
26 122
26 124
26 125
26 127
26 128
26 129
26 137
26 138
26 139
26 141
26 143
26 144
26 146
26 147
26 152
26 155
26 158
26 161
26 162
26 166
26 170
26 171
26 176
26 177
26 178
26 181
26 184
26 185
26 189
26 194
26 196
26 204
26 205
26 207
26 208
26 211
26 213
26 222
26 224
26 231
26 241
26 242
26 243
26 244
26 254
26 259
26 260
26 261
26 263
26 267
26 271
26 279
26 289
26 291
26 292
26 297
26 301
26 303
26 306
26 317
26 318
26 327
26 333
26 339
26 340
26 342
26 343
26 344
26 347
26 357
26 373
26 375
26 378
26 379
26 382
26 388
26 389
26 393
26 395
27 40
27 41
27 42
27 43
27 44
27 45
27 46
27 47
27 48
27 49
27 50
27 51
27 52
27 53
27 55
27 56
27 57
27 58
27 59
27 60
27 61
27 62
27 65
27 66
27 67
27 68
27 72
27 73
27 76
27 77
27 78
27 79
27 82
27 83
27 84
27 85
27 89
27 93
27 95
27 97
27 99
27 102
27 103
27 104
27 110
27 112
27 117
27 121
27 124
27 127
27 131
27 133
27 139
27 140
27 142
27 144
27 145
27 147
27 148
27 159
27 163
27 164
27 165
27 166
27 167
27 180
27 181
27 185
27 187
27 190
27 191
27 198
27 202
27 210
27 217
27 225
27 228
27 231
27 234
27 239
27 241
27 247
27 263
27 264
27 269
27 272
27 278
27 281
27 284
27 286
27 300
27 302
27 305
27 308
27 317
27 318
27 322
27 323
27 333
27 353
27 357
27 358
27 361
27 364
27 366
27 368
27 380
27 387
27 390
28 40
28 41
28 42
28 45
28 46
28 51
28 52
28 53
28 55
28 59
28 61
28 62
28 63
28 65
28 67
28 69
28 72
28 73
28 75
28 79
28 82
28 84
28 85
28 87
28 95
28 99
28 100
28 101
28 104
28 111
28 112
28 116
28 118
28 119
28 121
28 126
28 139
28 144
28 145
28 147
28 151
28 157
28 158
28 159
28 163
28 164
28 168
28 169
28 172
28 175
28 177
28 179
28 180
28 184
28 191
28 193
28 194
28 197
28 198
28 215
28 216
28 218
28 222
28 225
28 226
28 233
28 235
28 239
28 245
28 246
28 254
28 257
28 261
28 262
28 270
28 276
28 279
28 320
28 323
28 328
28 332
28 334
28 340
28 341
28 347
28 352
28 361
28 367
28 374
28 378
28 380
28 385
28 390
28 396
28 397
29 40
29 41
29 42
29 43
29 44
29 45
29 46
29 47
29 48
29 49
29 50
29 51
29 52
29 53
29 54
29 55
29 58
29 59
29 64
29 65
29 67
29 69
29 70
29 71
29 73
29 76
29 78
29 79
29 81
29 83
29 85
29 86
29 87
29 88
29 91
29 92
29 99
29 101
29 104
29 107
29 109
29 111
29 112
29 115
29 117
29 118
29 119
29 120
29 121
29 122
29 130
29 131
29 132
29 133
29 142
29 144
29 145
29 147
29 149
29 150
29 151
29 160
29 161
29 162
29 165
29 167
29 173
29 184
29 186
29 187
29 190
29 192
29 194
29 196
29 200
29 202
29 205
29 210
29 213
29 216
29 218
29 219
29 220
29 229
29 232
29 234
29 235
29 240
29 246
29 252
29 253
29 258
29 266
29 267
29 273
29 274
29 276
29 298
29 299
29 305
29 307
29 309
29 321
29 331
29 335
29 342
29 352
29 362
29 367
29 371
30 40
30 41
30 42
30 43
30 44
30 45
30 46
30 47
30 50
30 51
30 52
30 53
30 54
30 55
30 56
30 60
30 63
30 64
30 68
30 69
30 70
30 72
30 73
30 76
30 77
30 79
30 80
30 81
30 83
30 85
30 96
30 100
30 102
30 104
30 105
30 107
30 109
30 110
30 113
30 116
30 118
30 119
30 120
30 123
30 126
30 127
30 128
30 130
30 132
30 133
30 136
30 137
30 143
30 145
30 152
30 154
30 156
30 157
30 164
30 166
30 167
30 170
30 173
30 174
30 175
30 176
30 184
30 192
30 193
30 195
30 200
30 204
30 205
30 209
30 210
30 211
30 215
30 216
30 217
30 221
30 227
30 229
30 234
30 235
30 239
30 245
30 255
30 258
30 262
30 267
30 269
30 272
30 276
30 279
30 283
30 284
30 296
30 297
30 304
30 311
30 317
30 318
30 319
30 325
30 334
30 346
30 355
30 357
30 364
30 366
30 371
30 372
30 380
30 381
30 382
30 387
30 393
31 40
31 41
31 42
31 43
31 44
31 45
31 46
31 47
31 48
31 49
31 50
31 52
31 53
31 54
31 56
31 57
31 59
31 60
31 63
31 67
31 70
31 71
31 75
31 76
31 77
31 79
31 84
31 86
31 88
31 97
31 108
31 110
31 112
31 113
31 116
31 120
31 122
31 126
31 127
31 129
31 132
31 136
31 143
31 145
31 148
31 154
31 156
31 163
31 164
31 166
31 167
31 168
31 170
31 171
31 176
31 182
31 183
31 186
31 188
31 191
31 192
31 194
31 199
31 200
31 211
31 227
31 229
31 231
31 233
31 241
31 242
31 243
31 244
31 247
31 254
31 261
31 265
31 271
31 276
31 278
31 285
31 292
31 294
31 297
31 299
31 309
31 316
31 332
31 336
31 341
31 342
31 343
31 347
31 349
31 350
31 362
31 363
31 379
31 382
31 386
31 391
32 40
32 41
32 42
32 43
32 44
32 45
32 47
32 51
32 53
32 54
32 55
32 59
32 60
32 63
32 68
32 71
32 72
32 78
32 79
32 80
32 81
32 89
32 92
32 96
32 103
32 105
32 110
32 115
32 116
32 117
32 127
32 129
32 159
32 161
32 164
32 168
32 172
32 174
32 175
32 176
32 179
32 192
32 194
32 200
32 209
32 212
32 215
32 217
32 230
32 231
32 235
32 247
32 254
32 257
32 259
32 260
32 268
32 269
32 290
32 293
32 307
32 308
32 316
32 328
32 330
32 331
32 335
32 341
32 366
32 368
32 370
32 377
32 387
32 391
32 392
32 394
32 399
33 40
33 41
33 42
33 43
33 44
33 45
33 46
33 47
33 48
33 49
33 51
33 52
33 54
33 56
33 57
33 58
33 59
33 60
33 61
33 63
33 65
33 66
33 67
33 68
33 69
33 70
33 72
33 78
33 79
33 87
33 89
33 92
33 93
33 99
33 101
33 102
33 103
33 105
33 109
33 111
33 114
33 115
33 116
33 120
33 121
33 133
33 134
33 135
33 143
33 145
33 148
33 154
33 155
33 157
33 159
33 163
33 165
33 170
33 176
33 182
33 186
33 190
33 195
33 200
33 208
33 210
33 214
33 216
33 218
33 219
33 220
33 228
33 238
33 242
33 246
33 260
33 263
33 265
33 268
33 274
33 275
33 282
33 302
33 309
33 312
33 316
33 317
33 318
33 324
33 330
33 334
33 356
33 358
33 367
33 370
33 374
33 384
33 386
33 393
34 40
34 41
34 42
34 43
34 44
34 45
34 48
34 54
34 55
34 59
34 62
34 63
34 64
34 66
34 67
34 70
34 72
34 73
34 74
34 75
34 76
34 82
34 83
34 86
34 87
34 88
34 90
34 91
34 92
34 96
34 97
34 98
34 100
34 103
34 106
34 111
34 115
34 116
34 117
34 128
34 131
34 132
34 134
34 137
34 141
34 145
34 148
34 151
34 152
34 154
34 155
34 158
34 160
34 161
34 165
34 167
34 176
34 177
34 179
34 183
34 193
34 195
34 207
34 210
34 214
34 215
34 219
34 221
34 224
34 226
34 227
34 233
34 246
34 247
34 248
34 251
34 257
34 261
34 263
34 266
34 270
34 273
34 277
34 282
34 287
34 291
34 295
34 297
34 307
34 321
34 328
34 330
34 331
34 332
34 345
34 346
34 348
34 352
34 354
34 355
34 359
34 377
34 383
34 384
34 386
34 387
34 388
34 398
35 40
35 41
35 42
35 43
35 44
35 45
35 46
35 47
35 48
35 49
35 50
35 51
35 52
35 55
35 56
35 57
35 59
35 65
35 69
35 70
35 74
35 75
35 78
35 80
35 82
35 83
35 86
35 89
35 90
35 91
35 96
35 97
35 98
35 100
35 101
35 103
35 107
35 108
35 111
35 117
35 118
35 120
35 122
35 125
35 126
35 130
35 144
35 147
35 149
35 151
35 154
35 155
35 158
35 160
35 163
35 164
35 167
35 169
35 170
35 172
35 178
35 182
35 183
35 186
35 188
35 198
35 200
35 203
35 210
35 218
35 219
35 224
35 234
35 237
35 244
35 249
35 250
35 253
35 258
35 260
35 267
35 270
35 281
35 283
35 288
35 293
35 297
35 304
35 306
35 311
35 312
35 313
35 314
35 315
35 325
35 326
35 327
35 336
35 343
35 354
35 361
35 362
35 369
35 384
35 389
35 394
35 399
36 40
36 41
36 42
36 43
36 44
36 45
36 47
36 48
36 49
36 50
36 55
36 57
36 58
36 60
36 62
36 65
36 66
36 69
36 70
36 72
36 73
36 74
36 75
36 77
36 79
36 80
36 84
36 86
36 90
36 92
36 93
36 98
36 100
36 104
36 106
36 110
36 111
36 113
36 116
36 119
36 121
36 123
36 124
36 132
36 134
36 137
36 138
36 146
36 147
36 153
36 154
36 164
36 166
36 174
36 189
36 190
36 194
36 195
36 199
36 203
36 206
36 211
36 212
36 224
36 228
36 236
36 243
36 246
36 248
36 250
36 252
36 260
36 265
36 266
36 269
36 270
36 281
36 282
36 286
36 289
36 298
36 304
36 305
36 309
36 310
36 313
36 315
36 319
36 325
36 332
36 354
36 356
36 369
36 375
36 383
36 384
36 387
36 392
36 393
36 396
37 40
37 41
37 42
37 43
37 44
37 45
37 46
37 47
37 48
37 49
37 50
37 52
37 53
37 54
37 55
37 56
37 57
37 59
37 60
37 61
37 62
37 63
37 66
37 67
37 69
37 72
37 74
37 77
37 78
37 79
37 80
37 87
37 90
37 93
37 94
37 96
37 98
37 105
37 107
37 108
37 114
37 122
37 123
37 124
37 126
37 127
37 129
37 130
37 133
37 134
37 135
37 138
37 142
37 144
37 145
37 146
37 152
37 157
37 158
37 159
37 173
37 174
37 180
37 186
37 188
37 193
37 197
37 214
37 216
37 219
37 225
37 240
37 246
37 249
37 256
37 262
37 263
37 265
37 268
37 269
37 272
37 280
37 285
37 287
37 293
37 298
37 310
37 314
37 316
37 358
37 361
37 369
37 376
37 383
38 40
38 41
38 42
38 43
38 44
38 45
38 46
38 47
38 48
38 49
38 50
38 51
38 52
38 53
38 56
38 57
38 59
38 60
38 61
38 67
38 68
38 70
38 71
38 72
38 74
38 75
38 76
38 79
38 82
38 85
38 86
38 88
38 90
38 93
38 95
38 96
38 97
38 98
38 99
38 100
38 101
38 102
38 103
38 104
38 106
38 109
38 111
38 113
38 114
38 117
38 119
38 120
38 122
38 128
38 129
38 133
38 136
38 140
38 144
38 146
38 151
38 153
38 155
38 157
38 160
38 163
38 166
38 167
38 170
38 172
38 174
38 175
38 177
38 179
38 183
38 185
38 187
38 195
38 198
38 200
38 201
38 203
38 205
38 218
38 219
38 222
38 224
38 225
38 230
38 233
38 237
38 265
38 268
38 271
38 278
38 279
38 281
38 300
38 303
38 304
38 307
38 325
38 329
38 339
38 348
38 349
38 356
38 358
38 359
38 363
38 364
38 368
38 375
38 377
38 378
38 383
38 387
38 389
38 392
38 393
39 40
39 41
39 42
39 43
39 44
39 45
39 46
39 47
39 48
39 49
39 50
39 51
39 53
39 54
39 55
39 57
39 58
39 60
39 62
39 64
39 65
39 66
39 68
39 69
39 70
39 73
39 74
39 75
39 76
39 77
39 78
39 81
39 85
39 86
39 87
39 88
39 95
39 97
39 98
39 99
39 100
39 102
39 111
39 112
39 113
39 116
39 119
39 122
39 126
39 129
39 131
39 134
39 137
39 141
39 142
39 145
39 148
39 151
39 152
39 153
39 154
39 155
39 158
39 161
39 165
39 166
39 171
39 174
39 181
39 183
39 187
39 190
39 191
39 193
39 195
39 199
39 203
39 205
39 210
39 212
39 216
39 222
39 224
39 227
39 228
39 232
39 233
39 236
39 238
39 246
39 249
39 253
39 256
39 257
39 259
39 261
39 262
39 263
39 283
39 288
39 291
39 296
39 303
39 305
39 307
39 308
39 311
39 312
39 313
39 314
39 315
39 327
39 328
39 330
39 331
39 339
39 340
39 349
39 356
39 359
39 365
39 366
39 367
39 369
39 371
39 375
39 376
39 380
39 387
39 389
39 391
40 41
40 42
40 43
40 44
40 45
40 46
40 47
40 48
40 49
40 50
40 51
40 52
40 53
40 54
40 55
40 56
40 57
40 58
40 59
40 60
40 61
40 62
40 63
40 64
40 65
40 66
40 67
40 68
40 69
40 70
40 72
40 73
40 74
40 75
40 76
40 77
40 78
40 79
40 80
40 81
40 82
40 83
40 84
40 85
40 86
40 87
40 88
40 89
40 90
40 91
40 92
40 93
40 94
40 95
40 96
40 97
40 98
40 99
40 100
40 101
40 102
40 103
40 104
40 105
40 106
40 107
40 108
40 109
40 111
40 113
40 115
40 116
40 117
40 118
40 119
40 120
40 122
40 123
40 124
40 125
40 126
40 130
40 132
40 133
40 135
40 136
40 138
40 140
40 141
40 143
40 144
40 147
40 148
40 151
40 153
40 154
40 155
40 156
40 157
40 158
40 159
40 161
40 165
40 170
40 171
40 173
40 174
40 178
40 181
40 182
40 184
40 185
40 186
40 188
40 189
40 191
40 194
40 195
40 196
40 198
40 200
40 201
40 203
40 204
40 205
40 206
40 207
40 212
40 214
40 215
40 216
40 218
40 219
40 220
40 221
40 225
40 227
40 229
40 231
40 232
40 233
40 234
40 237
40 238
40 240
40 242
40 243
40 248
40 255
40 257
40 260
40 265
40 266
40 268
40 269
40 270
40 272
40 273
40 274
40 275
40 280
40 284
40 286
40 287
40 289
40 290
40 291
40 294
40 295
40 296
40 297
40 298
40 301
40 303
40 306
40 307
40 308
40 311
40 313
40 316
40 317
40 320
40 321
40 325
40 326
40 327
40 329
40 333
40 336
40 337
40 338
40 339
40 341
40 342
40 343
40 346
40 349
40 351
40 353
40 358
40 359
40 369
40 370
40 376
40 377
40 380
40 381
40 383
40 384
40 385
40 390
40 395
41 42
41 43
41 44
41 45
41 46
41 47
41 48
41 49
41 50
41 51
41 52
41 53
41 54
41 55
41 56
41 57
41 58
41 59
41 60
41 61
41 62
41 63
41 64
41 65
41 66
41 67
41 68
41 69
41 70
41 71
41 72
41 73
41 74
41 75
41 76
41 77
41 78
41 79
41 80
41 81
41 82
41 83
41 84
41 85
41 86
41 87
41 90
41 91
41 92
41 93
41 94
41 95
41 96
41 97
41 98
41 100
41 101
41 102
41 104
41 105
41 106
41 108
41 109
41 110
41 111
41 112
41 113
41 116
41 117
41 118
41 119
41 121
41 122
41 123
41 124
41 125
41 129
41 130
41 131
41 133
41 134
41 135
41 138
41 139
41 143
41 144
41 149
41 152
41 154
41 155
41 156
41 157
41 158
41 160
41 162
41 163
41 164
41 165
41 166
41 167
41 168
41 170
41 175
41 176
41 177
41 178
41 181
41 182
41 183
41 184
41 185
41 186
41 187
41 188
41 190
41 192
41 193
41 196
41 202
41 204
41 207
41 208
41 209
41 212
41 214
41 217
41 220
41 223
41 224
41 228
41 229
41 230
41 231
41 235
41 236
41 237
41 239
41 240
41 242
41 249
41 252
41 253
41 254
41 256
41 257
41 267
41 268
41 272
41 277
41 279
41 280
41 281
41 282
41 283
41 284
41 285
41 286
41 287
41 289
41 293
41 296
41 297
41 299
41 300
41 305
41 306
41 308
41 310
41 313
41 315
41 317
41 319
41 321
41 322
41 323
41 326
41 327
41 329
41 330
41 331
41 335
41 336
41 337
41 338
41 341
41 342
41 343
41 348
41 353
41 354
41 355
41 361
41 364
41 365
41 366
41 370
41 374
41 375
41 380
41 381
41 383
41 385
41 387
41 389
41 396
41 397
41 398
41 399
42 43
42 44
42 45
42 46
42 47
42 48
42 49
42 50
42 51
42 53
42 54
42 55
42 56
42 57
42 58
42 59
42 60
42 61
42 62
42 63
42 64
42 65
42 66
42 67
42 68
42 69
42 70
42 71
42 72
42 74
42 75
42 76
42 77
42 78
42 79
42 80
42 81
42 82
42 83
42 85
42 86
42 87
42 88
42 90
42 91
42 93
42 94
42 97
42 99
42 101
42 103
42 104
42 105
42 106
42 107
42 109
42 110
42 111
42 112
42 113
42 114
42 115
42 117
42 120
42 122
42 123
42 124
42 125
42 129
42 130
42 131
42 132
42 135
42 136
42 137
42 138
42 139
42 142
42 143
42 146
42 147
42 148
42 149
42 152
42 153
42 155
42 158
42 159
42 162
42 166
42 168
42 169
42 172
42 173
42 177
42 178
42 179
42 182
42 185
42 189
42 191
42 199
42 200
42 202
42 203
42 206
42 207
42 208
42 209
42 211
42 213
42 215
42 218
42 219
42 221
42 222
42 223
42 224
42 228
42 230
42 232
42 233
42 235
42 236
42 238
42 245
42 247
42 248
42 249
42 250
42 251
42 252
42 253
42 255
42 261
42 262
42 264
42 265
42 267
42 268
42 272
42 273
42 274
42 275
42 276
42 278
42 284
42 286
42 287
42 291
42 292
42 295
42 297
42 299
42 300
42 302
42 306
42 310
42 311
42 313
42 315
42 318
42 319
42 320
42 322
42 324
42 327
42 328
42 329
42 335
42 336
42 337
42 338
42 342
42 349
42 357
42 364
42 366
42 372
42 373
42 374
42 380
42 381
42 383
42 394
43 44
43 45
43 46
43 47
43 48
43 49
43 50
43 51
43 52
43 53
43 54
43 55
43 56
43 57
43 58
43 59
43 61
43 62
43 63
43 64
43 65
43 66
43 68
43 70
43 71
43 73
43 74
43 75
43 77
43 78
43 80
43 81
43 82
43 83
43 84
43 85
43 87
43 89
43 90
43 91
43 92
43 93
43 94
43 98
43 101
43 103
43 104
43 105
43 106
43 107
43 108
43 109
43 110
43 112
43 113
43 114
43 117
43 118
43 121
43 122
43 123
43 124
43 126
43 127
43 128
43 129
43 130
43 131
43 134
43 135
43 136
43 138
43 140
43 141
43 142
43 144
43 145
43 146
43 151
43 152
43 153
43 154
43 155
43 156
43 157
43 159
43 164
43 165
43 170
43 174
43 175
43 176
43 177
43 179
43 182
43 184
43 185
43 187
43 189
43 190
43 191
43 197
43 199
43 201
43 204
43 205
43 206
43 209
43 211
43 215
43 225
43 226
43 227
43 229
43 231
43 232
43 233
43 234
43 235
43 237
43 239
43 242
43 248
43 249
43 250
43 251
43 253
43 255
43 256
43 257
43 260
43 263
43 265
43 268
43 269
43 272
43 273
43 274
43 275
43 277
43 278
43 279
43 280
43 282
43 284
43 285
43 288
43 291
43 294
43 302
43 303
43 304
43 305
43 307
43 308
43 309
43 310
43 311
43 312
43 314
43 320
43 321
43 324
43 326
43 333
43 337
43 338
43 347
43 348
43 349
43 352
43 353
43 355
43 356
43 358
43 360
43 361
43 364
43 365
43 366
43 367
43 372
43 373
43 375
43 376
43 377
43 378
43 380
43 382
43 383
43 384
43 385
43 386
43 387
43 388
43 391
43 396
43 397
43 398
44 45
44 46
44 47
44 48
44 49
44 50
44 51
44 52
44 53
44 55
44 56
44 57
44 58
44 59
44 60
44 61
44 62
44 63
44 64
44 65
44 66
44 67
44 68
44 69
44 71
44 72
44 73
44 74
44 75
44 76
44 77
44 78
44 79
44 80
44 82
44 83
44 84
44 87
44 88
44 89
44 90
44 91
44 92
44 93
44 94
44 95
44 97
44 98
44 99
44 100
44 102
44 103
44 104
44 106
44 108
44 110
44 111
44 112
44 113
44 114
44 115
44 117
44 118
44 119
44 120
44 121
44 123
44 124
44 126
44 128
44 130
44 131
44 133
44 135
44 136
44 139
44 140
44 144
44 145
44 148
44 152
44 154
44 155
44 160
44 161
44 162
44 164
44 165
44 166
44 167
44 168
44 169
44 170
44 171
44 177
44 178
44 179
44 181
44 183
44 187
44 189
44 191
44 193
44 196
44 197
44 200
44 201
44 203
44 206
44 207
44 209
44 212
44 213
44 215
44 220
44 223
44 224
44 225
44 227
44 229
44 231
44 235
44 236
44 237
44 238
44 240
44 241
44 242
44 244
44 245
44 252
44 257
44 259
44 260
44 262
44 263
44 264
44 266
44 267
44 268
44 275
44 276
44 278
44 280
44 281
44 284
44 285
44 287
44 288
44 296
44 298
44 299
44 300
44 301
44 309
44 310
44 312
44 316
44 318
44 319
44 321
44 328
44 336
44 338
44 339
44 340
44 344
44 347
44 351
44 353
44 357
44 358
44 360
44 361
44 368
44 369
44 374
44 379
44 380
44 382
44 387
44 389
44 390
44 392
44 396
45 46
45 47
45 48
45 49
45 50
45 51
45 52
45 55
45 56
45 57
45 58
45 59
45 60
45 61
45 62
45 63
45 65
45 66
45 67
45 68
45 69
45 70
45 71
45 74
45 75
45 76
45 77
45 78
45 80
45 82
45 84
45 85
45 86
45 87
45 88
45 89
45 90
45 91
45 92
45 95
45 96
45 97
45 98
45 99
45 103
45 106
45 107
45 108
45 109
45 110
45 111
45 112
45 114
45 118
45 120
45 122
45 126
45 128
45 129
45 130
45 131
45 132
45 133
45 134
45 135
45 138
45 139
45 141
45 142
45 143
45 144
45 145
45 146
45 148
45 151
45 155
45 156
45 157
45 159
45 161
45 163
45 165
45 166
45 167
45 169
45 170
45 172
45 177
45 178
45 180
45 181
45 182
45 183
45 184
45 187
45 188
45 190
45 191
45 192
45 193
45 194
45 195
45 201
45 202
45 206
45 207
45 208
45 211
45 212
45 218
45 219
45 221
45 224
45 225
45 226
45 227
45 228
45 230
45 233
45 236
45 239
45 241
45 243
45 245
45 246
45 248
45 249
45 255
45 257
45 259
45 265
45 266
45 267
45 268
45 270
45 275
45 276
45 279
45 280
45 281
45 288
45 291
45 292
45 296
45 298
45 300
45 301
45 308
45 314
45 315
45 316
45 317
45 320
45 325
45 333
45 335
45 336
45 337
45 342
45 343
45 345
45 348
45 350
45 354
45 358
45 361
45 362
45 367
45 374
45 378
45 380
45 385
45 390
45 391
45 393
45 399
46 47
46 48
46 49
46 50
46 56
46 57
46 58
46 59
46 60
46 61
46 64
46 65
46 66
46 67
46 69
46 70
46 71
46 72
46 73
46 74
46 75
46 76
46 78
46 79
46 81
46 83
46 84
46 85
46 87
46 88
46 89
46 90
46 91
46 92
46 93
46 94
46 96
46 97
46 99
46 101
46 103
46 104
46 106
46 107
46 108
46 112
46 113
46 116
46 121
46 122
46 123
46 125
46 127
46 129
46 133
46 139
46 140
46 142
46 144
46 146
46 150
46 151
46 152
46 153
46 155
46 156
46 158
46 161
46 162
46 163
46 165
46 166
46 167
46 168
46 172
46 174
46 175
46 176
46 177
46 178
46 181
46 184
46 185
46 188
46 190
46 192
46 195
46 197
46 198
46 200
46 201
46 204
46 205
46 206
46 209
46 210
46 212
46 214
46 216
46 220
46 221
46 229
46 230
46 231
46 234
46 239
46 241
46 242
46 244
46 245
46 246
46 248
46 249
46 251
46 253
46 256
46 257
46 261
46 265
46 266
46 268
46 269
46 274
46 276
46 278
46 279
46 280
46 284
46 286
46 290
46 294
46 300
46 303
46 305
46 306
46 307
46 308
46 309
46 313
46 315
46 316
46 317
46 320
46 322
46 323
46 324
46 331
46 334
46 336
46 337
46 338
46 339
46 343
46 345
46 350
46 351
46 353
46 358
46 359
46 360
46 368
46 369
46 370
46 373
46 376
46 378
46 384
46 392
46 396
46 398
47 48
47 49
47 50
47 52
47 54
47 55
47 57
47 59
47 60
47 61
47 62
47 63
47 64
47 66
47 67
47 68
47 69
47 70
47 71
47 72
47 73
47 74
47 76
47 79
47 80
47 81
47 82
47 83
47 84
47 85
47 86
47 87
47 88
47 89
47 91
47 92
47 94
47 96
47 97
47 98
47 101
47 102
47 104
47 105
47 106
47 107
47 108
47 111
47 112
47 114
47 116
47 117
47 119
47 120
47 121
47 125
47 126
47 129
47 131
47 133
47 134
47 140
47 141
47 143
47 144
47 145
47 148
47 151
47 152
47 155
47 156
47 158
47 160
47 161
47 162
47 165
47 166
47 168
47 169
47 170
47 171
47 172
47 174
47 175
47 176
47 177
47 178
47 180
47 181
47 184
47 186
47 187
47 188
47 190
47 192
47 195
47 196
47 197
47 198
47 202
47 203
47 204
47 205
47 206
47 207
47 213
47 215
47 223
47 224
47 233
47 234
47 235
47 236
47 240
47 241
47 243
47 244
47 245
47 246
47 249
47 250
47 251
47 253
47 254
47 262
47 263
47 265
47 266
47 270
47 271
47 272
47 273
47 275
47 276
47 277
47 278
47 283
47 284
47 286
47 288
47 289
47 293
47 296
47 297
47 300
47 302
47 308
47 309
47 310
47 313
47 314
47 318
47 320
47 323
47 324
47 325
47 327
47 328
47 330
47 333
47 335
47 339
47 340
47 344
47 345
47 346
47 348
47 349
47 350
47 354
47 356
47 357
47 360
47 362
47 363
47 367
47 368
47 369
47 370
47 371
47 373
47 374
47 375
47 376
47 392
47 394
47 396
47 397
48 49
48 50
48 52
48 53
48 54
48 56
48 58
48 59
48 60
48 64
48 65
48 66
48 69
48 70
48 72
48 73
48 74
48 75
48 76
48 78
48 79
48 80
48 83
48 84
48 85
48 86
48 91
48 92
48 93
48 94
48 96
48 98
48 100
48 101
48 102
48 103
48 104
48 108
48 109
48 111
48 113
48 115
48 116
48 117
48 118
48 119
48 120
48 121
48 122
48 125
48 126
48 128
48 132
48 133
48 135
48 136
48 137
48 139
48 140
48 142
48 143
48 144
48 145
48 147
48 149
48 153
48 157
48 159
48 160
48 161
48 162
48 166
48 168
48 170
48 173
48 176
48 179
48 180
48 181
48 183
48 185
48 186
48 187
48 188
48 191
48 192
48 193
48 195
48 200
48 202
48 203
48 204
48 205
48 207
48 210
48 212
48 213
48 215
48 218
48 220
48 224
48 226
48 230
48 231
48 233
48 234
48 235
48 236
48 237
48 239
48 240
48 243
48 244
48 247
48 250
48 252
48 258
48 260
48 262
48 264
48 265
48 268
48 269
48 270
48 271
48 281
48 286
48 287
48 288
48 294
48 301
48 303
48 306
48 307
48 310
48 313
48 314
48 315
48 317
48 320
48 321
48 323
48 324
48 325
48 326
48 327
48 332
48 333
48 335
48 336
48 337
48 338
48 339
48 340
48 343
48 346
48 348
48 349
48 352
48 354
48 355
48 361
48 362
48 366
48 368
48 369
48 370
48 372
48 373
48 374
48 379
48 383
48 386
48 388
48 390
48 394
48 398
49 50
49 51
49 52
49 53
49 54
49 55
49 56
49 58
49 59
49 61
49 64
49 65
49 67
49 68
49 69
49 70
49 71
49 72
49 73
49 74
49 75
49 76
49 79
49 81
49 82
49 83
49 84
49 85
49 86
49 87
49 88
49 89
49 90
49 91
49 93
49 94
49 95
49 96
49 97
49 98
49 99
49 100
49 102
49 103
49 105
49 106
49 107
49 108
49 110
49 111
49 112
49 116
49 117
49 118
49 120
49 121
49 123
49 124
49 127
49 131
49 132
49 133
49 134
49 135
49 138
49 142
49 143
49 145
49 148
49 149
49 150
49 152
49 153
49 156
49 158
49 159
49 161
49 167
49 173
49 174
49 179
49 183
49 186
49 188
49 191
49 192
49 193
49 194
49 201
49 202
49 203
49 204
49 206
49 207
49 209
49 210
49 216
49 222
49 223
49 225
49 226
49 230
49 236
49 240
49 241
49 243
49 245
49 246
49 249
49 250
49 251
49 253
49 254
49 257
49 258
49 264
49 265
49 266
49 267
49 272
49 273
49 277
49 281
49 282
49 283
49 288
49 289
49 290
49 292
49 293
49 297
49 302
49 304
49 305
49 307
49 309
49 310
49 318
49 319
49 320
49 324
49 325
49 326
49 327
49 328
49 329
49 343
49 345
49 346
49 349
49 351
49 352
49 353
49 356
49 360
49 362
49 364
49 365
49 370
49 374
49 375
49 376
49 379
49 381
49 384
49 385
49 387
49 391
49 394
49 395
49 396
50 51
50 52
50 53
50 54
50 58
50 64
50 65
50 68
50 69
50 70
50 71
50 72
50 73
50 74
50 75
50 76
50 79
50 80
50 81
50 84
50 88
50 89
50 91
50 92
50 94
50 95
50 98
50 99
50 100
50 101
50 102
50 103
50 108
50 112
50 114
50 116
50 118
50 119
50 120
50 123
50 124
50 127
50 131
50 132
50 133
50 135
50 138
50 139
50 140
50 144
50 145
50 147
50 148
50 155
50 157
50 158
50 162
50 172
50 173
50 180
50 181
50 182
50 185
50 188
50 191
50 192
50 197
50 203
50 204
50 209
50 210
50 211
50 212
50 214
50 217
50 218
50 221
50 222
50 224
50 227
50 229
50 230
50 232
50 233
50 235
50 239
50 240
50 241
50 243
50 245
50 247
50 249
50 252
50 254
50 255
50 256
50 257
50 259
50 260
50 271
50 273
50 274
50 281
50 283
50 285
50 287
50 292
50 295
50 299
50 301
50 309
50 310
50 311
50 314
50 315
50 319
50 322
50 326
50 327
50 328
50 333
50 344
50 345
50 347
50 352
50 353
50 356
50 362
50 363
50 365
50 370
50 372
50 374
50 380
50 385
50 390
50 391
50 399
51 52
51 53
51 54
51 58
51 60
51 61
51 62
51 63
51 64
51 65
51 66
51 67
51 68
51 72
51 73
51 75
51 76
51 79
51 80
51 81
51 82
51 84
51 85
51 86
51 88
51 89
51 91
51 92
51 93
51 95
51 99
51 101
51 103
51 104
51 105
51 107
51 110
51 113
51 114
51 118
51 119
51 121
51 128
51 129
51 130
51 131
51 132
51 133
51 139
51 141
51 142
51 144
51 146
51 147
51 149
51 150
51 153
51 154
51 161
51 162
51 168
51 171
51 172
51 174
51 177
51 179
51 180
51 182
51 183
51 185
51 186
51 188
51 189
51 191
51 192
51 197
51 198
51 200
51 202
51 204
51 206
51 213
51 214
51 218
51 220
51 223
51 224
51 225
51 231
51 232
51 233
51 234
51 235
51 237
51 239
51 244
51 246
51 255
51 258
51 259
51 260
51 262
51 263
51 266
51 267
51 271
51 272
51 273
51 274
51 275
51 280
51 281
51 282
51 285
51 287
51 288
51 290
51 291
51 292
51 293
51 295
51 296
51 298
51 301
51 305
51 309
51 310
51 311
51 319
51 320
51 321
51 322
51 329
51 330
51 331
51 336
51 337
51 338
51 342
51 343
51 344
51 346
51 350
51 352
51 355
51 365
51 369
51 377
51 383
51 385
51 386
51 389
51 393
51 397
51 398
51 399
52 54
52 55
52 58
52 60
52 61
52 63
52 64
52 67
52 68
52 69
52 70
52 71
52 72
52 73
52 74
52 75
52 76
52 79
52 80
52 81
52 82
52 83
52 85
52 86
52 90
52 91
52 93
52 94
52 95
52 96
52 100
52 101
52 102
52 103
52 104
52 106
52 107
52 108
52 112
52 113
52 114
52 116
52 118
52 119
52 120
52 123
52 128
52 129
52 130
52 132
52 133
52 134
52 135
52 136
52 140
52 141
52 142
52 143
52 144
52 145
52 148
52 150
52 153
52 158
52 159
52 161
52 162
52 163
52 164
52 165
52 169
52 171
52 176
52 177
52 178
52 181
52 182
52 183
52 186
52 187
52 189
52 193
52 195
52 199
52 203
52 204
52 205
52 207
52 210
52 212
52 218
52 220
52 221
52 222
52 223
52 224
52 225
52 230
52 232
52 233
52 234
52 236
52 242
52 249
52 252
52 253
52 256
52 263
52 268
52 271
52 272
52 273
52 274
52 275
52 276
52 279
52 281
52 284
52 288
52 289
52 290
52 297
52 299
52 300
52 304
52 312
52 316
52 321
52 323
52 334
52 335
52 336
52 349
52 351
52 352
52 353
52 356
52 360
52 361
52 365
52 371
52 374
52 380
52 387
52 391
52 398
53 54
53 55
53 56
53 57
53 58
53 59
53 63
53 64
53 65
53 66
53 67
53 68
53 69
53 70
53 71
53 72
53 75
53 76
53 79
53 80
53 82
53 83
53 84
53 85
53 86
53 87
53 89
53 90
53 91
53 93
53 94
53 96
53 97
53 101
53 102
53 105
53 106
53 107
53 108
53 109
53 115
53 117
53 119
53 120
53 121
53 123
53 124
53 126
53 127
53 132
53 133
53 135
53 138
53 141
53 142
53 146
53 151
53 152
53 154
53 156
53 158
53 161
53 165
53 167
53 168
53 172
53 175
53 181
53 182
53 184
53 185
53 186
53 187
53 188
53 190
53 193
53 194
53 196
53 199
53 207
53 211
53 212
53 215
53 216
53 217
53 223
53 226
53 229
53 230
53 234
53 238
53 244
53 248
53 251
53 252
53 253
53 256
53 261
53 262
53 263
53 265
53 268
53 271
53 272
53 274
53 277
53 278
53 282
53 287
53 290
53 291
53 292
53 294
53 299
53 309
53 317
53 318
53 319
53 323
53 345
53 346
53 350
53 354
53 356
53 358
53 359
53 361
53 364
53 365
53 366
53 378
53 382
53 383
53 387
53 394
53 399
54 56
54 58
54 62
54 64
54 65
54 66
54 67
54 70
54 71
54 72
54 73
54 76
54 79
54 81
54 82
54 83
54 84
54 85
54 86
54 87
54 88
54 90
54 92
54 94
54 95
54 96
54 99
54 100
54 101
54 105
54 107
54 108
54 109
54 111
54 114
54 115
54 120
54 124
54 125
54 127
54 128
54 130
54 131
54 133
54 134
54 136
54 137
54 139
54 142
54 143
54 146
54 150
54 151
54 152
54 158
54 159
54 160
54 161
54 163
54 164
54 168
54 169
54 172
54 176
54 177
54 179
54 180
54 186
54 188
54 191
54 194
54 196
54 197
54 198
54 200
54 202
54 203
54 206
54 207
54 209
54 210
54 211
54 216
54 223
54 224
54 227
54 231
54 242
54 243
54 244
54 247
54 248
54 249
54 250
54 254
54 258
54 260
54 261
54 264
54 267
54 269
54 271
54 273
54 277
54 280
54 281
54 282
54 285
54 293
54 296
54 297
54 299
54 301
54 304
54 305
54 307
54 309
54 311
54 312
54 314
54 320
54 321
54 324
54 325
54 327
54 329
54 332
54 333
54 335
54 339
54 345
54 347
54 348
54 351
54 359
54 361
54 364
54 365
54 366
54 369
54 371
54 377
54 378
54 379
54 381
54 392
54 397
55 57
55 59
55 60
55 61
55 62
55 68
55 71
55 75
55 76
55 77
55 79
55 80
55 81
55 82
55 83
55 86
55 87
55 89
55 90
55 95
55 96
55 98
55 101
55 102
55 104
55 105
55 106
55 109
55 110
55 114
55 115
55 116
55 121
55 122
55 123
55 133
55 134
55 135
55 139
55 142
55 146
55 147
55 148
55 149
55 151
55 152
55 155
55 157
55 158
55 159
55 160
55 161
55 162
55 168
55 169
55 174
55 177
55 178
55 179
55 180
55 182
55 187
55 192
55 199
55 202
55 204
55 209
55 213
55 217
55 218
55 221
55 226
55 228
55 232
55 235
55 236
55 238
55 242
55 243
55 244
55 248
55 250
55 251
55 253
55 256
55 257
55 261
55 262
55 263
55 266
55 267
55 268
55 271
55 273
55 277
55 291
55 294
55 303
55 307
55 313
55 317
55 321
55 322
55 323
55 325
55 328
55 331
55 332
55 343
55 344
55 345
55 346
55 348
55 349
55 354
55 359
55 360
55 362
55 369
55 376
55 378
55 379
55 380
55 381
55 386
55 387
55 391
55 395
55 397
56 57
56 60
56 68
56 71
56 75
56 76
56 79
56 80
56 81
56 82
56 86
56 87
56 88
56 91
56 93
56 94
56 95
56 97
56 98
56 100
56 103
56 106
56 107
56 110
56 114
56 115
56 116
56 117
56 119
56 120
56 123
56 125
56 126
56 127
56 129
56 131
56 134
56 136
56 137
56 139
56 140
56 142
56 144
56 150
56 152
56 153
56 156
56 160
56 164
56 166
56 168
56 172
56 174
56 178
56 179
56 182
56 185
56 187
56 190
56 194
56 196
56 201
56 202
56 203
56 204
56 205
56 206
56 210
56 211
56 213
56 215
56 217
56 218
56 221
56 233
56 235
56 237
56 241
56 243
56 252
56 254
56 255
56 258
56 259
56 260
56 261
56 262
56 264
56 266
56 269
56 276
56 278
56 286
56 287
56 292
56 293
56 301
56 304
56 308
56 309
56 312
56 316
56 317
56 320
56 321
56 324
56 325
56 329
56 335
56 339
56 340
56 344
56 345
56 347
56 351
56 352
56 356
56 358
56 359
56 360
56 362
56 364
56 365
56 368
56 376
56 378
56 379
56 383
56 398
57 59
57 60
57 62
57 63
57 66
57 67
57 71
57 73
57 75
57 76
57 78
57 79
57 80
57 82
57 83
57 85
57 86
57 89
57 91
57 95
57 97
57 99
57 101
57 103
57 104
57 105
57 111
57 114
57 117
57 119
57 123
57 124
57 125
57 129
57 130
57 131
57 132
57 133
57 135
57 138
57 144
57 147
57 150
57 151
57 152
57 157
57 161
57 164
57 166
57 171
57 173
57 176
57 181
57 182
57 184
57 188
57 194
57 195
57 199
57 201
57 202
57 203
57 205
57 211
57 213
57 214
57 216
57 219
57 225
57 231
57 232
57 233
57 234
57 237
57 239
57 242
57 247
57 253
57 258
57 260
57 266
57 268
57 272
57 274
57 278
57 284
57 286
57 287
57 296
57 298
57 301
57 302
57 304
57 305
57 309
57 310
57 325
57 326
57 334
57 335
57 338
57 339
57 344
57 345
57 346
57 351
57 357
57 360
57 367
57 382
57 391
57 399
58 61
58 67
58 69
58 73
58 78
58 80
58 81
58 82
58 83
58 85
58 92
58 95
58 97
58 99
58 100
58 102
58 105
58 106
58 107
58 108
58 113
58 114
58 120
58 123
58 125
58 127
58 128
58 129
58 136
58 139
58 141
58 142
58 146
58 148
58 149
58 150
58 153
58 154
58 155
58 158
58 160
58 163
58 166
58 169
58 170
58 172
58 173
58 179
58 180
58 183
58 185
58 188
58 194
58 197
58 201
58 202
58 205
58 209
58 210
58 218
58 219
58 223
58 229
58 234
58 235
58 248
58 250
58 253
58 256
58 259
58 263
58 270
58 271
58 274
58 277
58 281
58 288
58 295
58 296
58 297
58 300
58 301
58 303
58 304
58 309
58 316
58 319
58 327
58 328
58 333
58 337
58 340
58 343
58 346
58 347
58 349
58 352
58 355
58 356
58 366
58 382
58 383
58 391
59 60
59 61
59 67
59 69
59 70
59 71
59 75
59 76
59 77
59 80
59 81
59 82
59 84
59 89
59 90
59 91
59 92
59 96
59 98
59 99
59 102
59 103
59 105
59 106
59 111
59 112
59 113
59 115
59 119
59 125
59 126
59 127
59 128
59 131
59 133
59 135
59 136
59 137
59 138
59 139
59 140
59 143
59 145
59 149
59 150
59 151
59 156
59 157
59 160
59 162
59 168
59 169
59 172
59 173
59 175
59 177
59 180
59 181
59 182
59 184
59 185
59 191
59 194
59 202
59 205
59 207
59 217
59 218
59 220
59 222
59 225
59 226
59 228
59 235
59 237
59 238
59 241
59 245
59 250
59 252
59 258
59 259
59 261
59 262
59 267
59 269
59 272
59 275
59 276
59 277
59 278
59 279
59 283
59 286
59 289
59 292
59 300
59 302
59 316
59 318
59 326
59 333
59 334
59 350
59 355
59 357
59 362
59 364
59 365
59 366
59 367
59 370
59 387
59 388
59 390
59 392
59 395
59 397
59 399
60 62
60 65
60 73
60 74
60 76
60 78
60 83
60 85
60 86
60 88
60 89
60 90
60 94
60 96
60 98
60 99
60 100
60 104
60 106
60 107
60 110
60 111
60 113
60 114
60 115
60 116
60 119
60 125
60 128
60 129
60 130
60 134
60 136
60 137
60 138
60 139
60 141
60 144
60 146
60 147
60 152
60 154
60 158
60 161
60 163
60 166
60 167
60 168
60 169
60 170
60 184
60 192
60 196
60 198
60 199
60 200
60 204
60 207
60 208
60 213
60 214
60 217
60 224
60 226
60 229
60 230
60 232
60 240
60 243
60 249
60 250
60 251
60 253
60 256
60 257
60 259
60 261
60 263
60 264
60 271
60 272
60 274
60 281
60 282
60 287
60 288
60 289
60 290
60 295
60 300
60 302
60 303
60 306
60 308
60 312
60 313
60 314
60 316
60 319
60 321
60 324
60 329
60 331
60 332
60 333
60 346
60 350
60 351
60 359
60 364
60 370
60 378
60 380
60 381
60 383
60 394
60 395
60 397
61 64
61 65
61 66
61 70
61 72
61 73
61 75
61 76
61 78
61 79
61 81
61 85
61 88
61 89
61 91
61 93
61 94
61 96
61 97
61 98
61 99
61 101
61 106
61 109
61 111
61 113
61 118
61 124
61 127
61 130
61 131
61 132
61 133
61 134
61 135
61 136
61 139
61 141
61 143
61 147
61 156
61 157
61 158
61 159
61 163
61 166
61 168
61 169
61 170
61 172
61 173
61 175
61 179
61 186
61 192
61 198
61 200
61 201
61 205
61 214
61 216
61 217
61 218
61 220
61 221
61 227
61 234
61 236
61 239
61 244
61 255
61 257
61 270
61 272
61 280
61 281
61 286
61 292
61 300
61 301
61 303
61 307
61 310
61 312
61 317
61 324
61 325
61 326
61 329
61 330
61 331
61 336
61 342
61 343
61 354
61 358
61 363
61 364
61 373
61 375
61 377
61 378
61 379
61 383
61 386
61 388
61 389
61 391
61 393
61 395
61 396
62 63
62 66
62 72
62 76
62 84
62 85
62 89
62 95
62 96
62 97
62 98
62 100
62 102
62 107
62 112
62 115
62 123
62 126
62 127
62 128
62 129
62 130
62 131
62 135
62 137
62 144
62 147
62 148
62 150
62 151
62 159
62 160
62 164
62 168
62 170
62 173
62 175
62 182
62 183
62 186
62 190
62 192
62 193
62 196
62 197
62 198
62 206
62 208
62 212
62 217
62 220
62 222
62 226
62 228
62 230
62 233
62 238
62 240
62 243
62 245
62 247
62 249
62 250
62 253
62 257
62 259
62 260
62 261
62 262
62 269
62 270
62 275
62 276
62 292
62 295
62 298
62 308
62 311
62 314
62 318
62 324
62 336
62 340
62 346
62 349
62 368
62 370
62 371
62 376
62 377
62 379
62 381
62 386
62 399
63 66
63 69
63 76
63 77
63 79
63 80
63 83
63 84
63 85
63 86
63 89
63 90
63 91
63 93
63 94
63 95
63 97
63 98
63 101
63 103
63 106
63 107
63 108
63 110
63 112
63 113
63 114
63 118
63 119
63 121
63 122
63 130
63 131
63 132
63 133
63 134
63 140
63 141
63 143
63 145
63 146
63 150
63 152
63 153
63 161
63 162
63 164
63 168
63 169
63 171
63 172
63 173
63 176
63 177
63 178
63 186
63 194
63 196
63 197
63 199
63 200
63 201
63 204
63 205
63 206
63 208
63 211
63 212
63 220
63 223
63 224
63 226
63 227
63 231
63 232
63 236
63 239
63 240
63 242
63 244
63 247
63 248
63 250
63 251
63 252
63 259
63 260
63 265
63 273
63 275
63 277
63 279
63 280
63 282
63 284
63 286
63 288
63 292
63 294
63 300
63 310
63 314
63 315
63 318
63 319
63 321
63 323
63 324
63 328
63 335
63 343
63 344
63 346
63 347
63 366
63 372
63 374
63 386
63 397
64 81
64 82
64 83
64 87
64 91
64 107
64 108
64 110
64 112
64 114
64 116
64 118
64 119
64 120
64 121
64 122
64 125
64 126
64 128
64 129
64 143
64 147
64 148
64 152
64 156
64 161
64 168
64 169
64 173
64 178
64 179
64 180
64 181
64 190
64 194
64 196
64 201
64 203
64 205
64 207
64 209
64 214
64 215
64 218
64 220
64 228
64 233
64 242
64 243
64 246
64 248
64 249
64 269
64 270
64 271
64 280
64 285
64 286
64 292
64 293
64 304
64 305
64 313
64 315
64 330
64 332
64 343
64 344
64 349
64 358
64 361
64 368
64 369
64 373
64 377
64 378
64 380
64 385
64 388
64 395
65 77
65 86
65 88
65 91
65 101
65 103
65 104
65 105
65 107
65 110
65 120
65 122
65 125
65 127
65 130
65 134
65 144
65 146
65 153
65 157
65 165
65 166
65 168
65 191
65 197
65 203
65 213
65 215
65 220
65 224
65 227
65 228
65 239
65 244
65 252
65 256
65 266
65 271
65 293
65 294
65 298
65 300
65 302
65 305
65 311
65 320
65 324
65 331
65 341
65 343
65 370
65 382
65 389
65 398
66 71
66 74
66 77
66 86
66 88
66 91
66 100
66 104
66 105
66 106
66 107
66 116
66 119
66 121
66 122
66 128
66 130
66 133
66 137
66 139
66 140
66 141
66 145
66 153
66 154
66 155
66 156
66 159
66 162
66 166
66 170
66 171
66 174
66 175
66 183
66 185
66 186
66 189
66 191
66 192
66 195
66 196
66 197
66 198
66 199
66 200
66 201
66 205
66 210
66 217
66 227
66 229
66 230
66 231
66 234
66 237
66 243
66 245
66 248
66 255
66 256
66 257
66 260
66 262
66 263
66 265
66 270
66 275
66 277
66 290
66 293
66 294
66 297
66 299
66 301
66 305
66 308
66 318
66 324
66 329
66 330
66 331
66 336
66 342
66 353
66 362
66 367
66 368
66 381
66 385
66 390
66 394
67 68
67 69
67 70
67 71
67 74
67 78
67 79
67 82
67 84
67 85
67 88
67 89
67 90
67 91
67 93
67 94
67 96
67 98
67 101
67 102
67 106
67 108
67 109
67 112
67 115
67 116
67 117
67 120
67 121
67 122
67 124
67 125
67 126
67 128
67 129
67 136
67 137
67 139
67 140
67 141
67 144
67 146
67 147
67 148
67 149
67 151
67 153
67 154
67 156
67 159
67 160
67 162
67 163
67 164
67 165
67 168
67 169
67 171
67 172
67 178
67 182
67 186
67 187
67 191
67 197
67 198
67 200
67 203
67 204
67 207
67 208
67 212
67 214
67 217
67 220
67 221
67 223
67 226
67 227
67 235
67 239
67 241
67 242
67 251
67 253
67 256
67 261
67 267
67 271
67 273
67 275
67 278
67 282
67 283
67 290
67 293
67 294
67 296
67 297
67 300
67 301
67 305
67 308
67 311
67 313
67 328
67 329
67 331
67 343
67 345
67 346
67 357
67 360
67 365
67 367
67 371
67 376
67 381
67 389
67 391
67 392
67 393
68 77
68 83
68 85
68 88
68 90
68 91
68 93
68 95
68 96
68 100
68 102
68 104
68 106
68 107
68 108
68 109
68 110
68 115
68 118
68 119
68 125
68 126
68 131
68 134
68 137
68 140
68 142
68 143
68 150
68 154
68 161
68 163
68 168
68 170
68 171
68 174
68 175
68 177
68 178
68 179
68 189
68 191
68 193
68 194
68 196
68 200
68 210
68 211
68 216
68 220
68 224
68 228
68 235
68 238
68 246
68 253
68 256
68 259
68 264
68 267
68 273
68 280
68 282
68 285
68 286
68 291
68 297
68 298
68 300
68 304
68 305
68 311
68 312
68 325
68 333
68 337
68 338
68 341
68 342
68 344
68 345
68 347
68 353
68 354
68 356
68 358
68 359
68 362
68 364
68 365
68 366
68 368
68 372
68 373
68 383
68 385
68 397
68 399
69 70
69 71
69 72
69 75
69 85
69 87
69 89
69 90
69 91
69 92
69 94
69 99
69 100
69 103
69 105
69 106
69 114
69 116
69 117
69 118
69 128
69 131
69 132
69 139
69 141
69 142
69 143
69 149
69 153
69 154
69 157
69 158
69 165
69 169
69 171
69 172
69 175
69 180
69 183
69 185
69 186
69 187
69 189
69 191
69 199
69 202
69 205
69 206
69 208
69 211
69 213
69 216
69 217
69 221
69 222
69 226
69 229
69 241
69 245
69 246
69 249
69 251
69 252
69 254
69 259
69 261
69 270
69 285
69 287
69 300
69 301
69 307
69 308
69 314
69 315
69 318
69 319
69 335
69 339
69 340
69 345
69 358
69 359
69 361
69 362
69 364
69 365
69 367
69 392
69 393
69 398
70 83
70 93
70 94
70 96
70 99
70 102
70 105
70 108
70 109
70 110
70 111
70 114
70 116
70 119
70 121
70 123
70 126
70 127
70 132
70 136
70 137
70 143
70 144
70 145
70 148
70 150
70 151
70 154
70 164
70 165
70 166
70 174
70 175
70 176
70 190
70 195
70 197
70 201
70 206
70 214
70 218
70 222
70 224
70 226
70 227
70 228
70 234
70 240
70 252
70 254
70 258
70 261
70 263
70 265
70 271
70 272
70 273
70 275
70 278
70 279
70 280
70 282
70 285
70 289
70 305
70 313
70 318
70 322
70 343
70 353
70 360
70 362
70 367
70 380
70 382
70 388
70 390
70 396
71 77
71 80
71 89
71 90
71 91
71 92
71 93
71 97
71 98
71 99
71 100
71 101
71 102
71 103
71 105
71 107
71 109
71 112
71 114
71 117
71 120
71 121
71 122
71 125
71 126
71 133
71 135
71 136
71 138
71 140
71 141
71 142
71 145
71 146
71 148
71 149
71 152
71 153
71 154
71 160
71 163
71 169
71 171
71 176
71 179
71 185
71 189
71 191
71 194
71 201
71 206
71 209
71 221
71 224
71 226
71 230
71 236
71 237
71 247
71 250
71 251
71 254
71 255
71 264
71 271
71 277
71 278
71 279
71 284
71 285
71 286
71 294
71 295
71 300
71 305
71 308
71 312
71 314
71 322
71 326
71 335
71 336
71 340
71 349
71 356
71 360
71 361
71 365
71 375
71 384
71 392
72 77
72 83
72 85
72 89
72 90
72 92
72 94
72 95
72 97
72 100
72 104
72 109
72 113
72 115
72 116
72 118
72 122
72 123
72 124
72 127
72 130
72 138
72 140
72 141
72 143
72 145
72 150
72 152
72 163
72 164
72 165
72 169
72 174
72 175
72 176
72 178
72 181
72 184
72 186
72 189
72 196
72 214
72 217
72 230
72 233
72 235
72 238
72 239
72 240
72 245
72 248
72 260
72 261
72 265
72 268
72 270
72 274
72 277
72 286
72 309
72 332
72 349
72 359
72 367
72 393
72 397
72 398
73 82
73 90
73 94
73 96
73 100
73 103
73 107
73 113
73 115
73 118
73 120
73 121
73 122
73 123
73 129
73 131
73 133
73 135
73 136
73 137
73 139
73 140
73 142
73 149
73 150
73 152
73 154
73 157
73 169
73 176
73 182
73 189
73 190
73 198
73 224
73 230
73 231
73 238
73 239
73 241
73 247
73 257
73 267
73 271
73 272
73 283
73 289
73 290
73 292
73 306
73 307
73 324
73 328
73 334
73 339
73 347
73 354
73 356
73 359
73 364
73 382
73 395
73 398
74 80
74 81
74 82
74 85
74 87
74 96
74 98
74 101
74 104
74 105
74 113
74 119
74 120
74 121
74 122
74 123
74 124
74 130
74 133
74 134
74 135
74 140
74 142
74 147
74 149
74 150
74 153
74 155
74 157
74 160
74 162
74 163
74 170
74 171
74 175
74 178
74 179
74 189
74 190
74 191
74 194
74 195
74 196
74 201
74 216
74 220
74 223
74 224
74 230
74 238
74 239
74 248
74 257
74 259
74 260
74 267
74 270
74 278
74 279
74 288
74 300
74 321
74 323
74 326
74 344
74 357
74 359
74 360
74 362
74 364
74 370
74 383
74 393
74 394
74 395
74 399
75 78
75 80
75 81
75 86
75 87
75 92
75 98
75 102
75 103
75 104
75 108
75 111
75 125
75 126
75 127
75 131
75 135
75 139
75 141
75 142
75 143
75 144
75 146
75 148
75 150
75 151
75 156
75 157
75 160
75 162
75 165
75 170
75 171
75 173
75 175
75 178
75 191
75 199
75 206
75 214
75 224
75 233
75 235
75 242
75 244
75 245
75 247
75 252
75 264
75 267
75 273
75 279
75 288
75 289
75 292
75 307
75 315
75 321
75 324
75 330
75 331
75 336
75 342
75 349
75 363
75 365
75 380
75 383
75 396
75 399
76 94
76 98
76 100
76 101
76 105
76 107
76 111
76 114
76 120
76 127
76 129
76 132
76 135
76 136
76 137
76 138
76 159
76 162
76 163
76 164
76 165
76 168
76 169
76 182
76 187
76 207
76 211
76 215
76 216
76 222
76 224
76 227
76 231
76 238
76 242
76 250
76 257
76 264
76 267
76 284
76 289
76 300
76 309
76 314
76 316
76 319
76 323
76 324
76 330
76 336
76 352
76 355
76 358
76 361
76 389
76 393
76 395
76 399
77 84
77 88
77 98
77 102
77 104
77 107
77 108
77 110
77 114
77 121
77 125
77 127
77 137
77 138
77 139
77 140
77 142
77 148
77 149
77 151
77 157
77 159
77 161
77 163
77 166
77 173
77 178
77 186
77 194
77 195
77 198
77 204
77 218
77 225
77 227
77 237
77 238
77 240
77 244
77 247
77 253
77 271
77 274
77 275
77 276
77 289
77 294
77 296
77 299
77 308
77 312
77 325
77 329
77 337
77 340
77 355
77 364
77 388
77 397
78 84
78 85
78 91
78 104
78 105
78 110
78 115
78 120
78 121
78 124
78 125
78 131
78 137
78 139
78 141
78 143
78 144
78 154
78 159
78 163
78 175
78 182
78 198
78 213
78 218
78 246
78 248
78 253
78 263
78 273
78 276
78 294
78 301
78 303
78 307
78 343
78 344
78 357
78 360
78 368
78 369
78 376
78 393
78 398
79 84
79 87
79 104
79 105
79 107
79 111
79 112
79 116
79 121
79 122
79 123
79 124
79 126
79 127
79 135
79 137
79 138
79 139
79 140
79 146
79 147
79 151
79 162
79 178
79 188
79 189
79 191
79 195
79 197
79 198
79 201
79 208
79 210
79 223
79 227
79 234
79 247
79 260
79 269
79 270
79 271
79 272
79 274
79 275
79 276
79 293
79 296
79 300
79 301
79 305
79 311
79 322
79 324
79 336
79 345
79 353
79 361
79 363
79 372
79 380
79 381
79 386
79 388
79 389
79 391
80 83
80 88
80 89
80 92
80 93
80 95
80 100
80 103
80 104
80 107
80 108
80 118
80 144
80 154
80 157
80 162
80 165
80 170
80 174
80 199
80 221
80 231
80 238
80 244
80 246
80 249
80 254
80 263
80 284
80 301
80 309
80 310
80 312
80 313
80 320
80 322
80 339
80 348
80 351
80 365
80 370
80 374
80 393
80 395
80 396
81 83
81 84
81 87
81 91
81 93
81 107
81 111
81 113
81 118
81 120
81 125
81 131
81 137
81 138
81 140
81 142
81 144
81 147
81 148
81 156
81 159
81 160
81 161
81 164
81 165
81 166
81 168
81 173
81 182
81 189
81 192
81 202
81 215
81 226
81 228
81 247
81 248
81 256
81 266
81 274
81 275
81 297
81 305
81 311
81 320
81 327
81 336
81 337
81 354
81 357
81 364
82 95
82 100
82 101
82 110
82 115
82 117
82 119
82 120
82 122
82 123
82 125
82 126
82 128
82 130
82 131
82 136
82 145
82 147
82 150
82 152
82 156
82 161
82 163
82 166
82 179
82 180
82 196
82 198
82 199
82 201
82 207
82 211
82 214
82 222
82 231
82 241
82 245
82 248
82 250
82 255
82 264
82 279
82 280
82 294
82 303
82 317
82 341
82 350
82 356
82 360
82 372
82 390
82 398
83 99
83 100
83 119
83 124
83 127
83 128
83 134
83 137
83 146
83 147
83 148
83 152
83 154
83 158
83 159
83 160
83 165
83 169
83 170
83 179
83 182
83 189
83 190
83 197
83 199
83 207
83 209
83 216
83 222
83 225
83 235
83 236
83 239
83 245
83 264
83 287
83 296
83 307
83 308
83 309
83 336
83 350
83 365
83 366
83 371
84 85
84 92
84 96
84 110
84 119
84 121
84 124
84 137
84 140
84 143
84 144
84 146
84 147
84 151
84 158
84 159
84 160
84 170
84 173
84 178
84 188
84 195
84 198
84 202
84 204
84 231
84 247
84 264
84 269
84 298
84 311
84 312
84 320
84 322
84 323
84 332
84 336
84 337
84 340
84 346
84 355
84 359
84 364
84 389
84 390
84 394
85 94
85 104
85 110
85 136
85 141
85 153
85 154
85 156
85 157
85 159
85 160
85 163
85 165
85 167
85 170
85 175
85 179
85 200
85 222
85 245
85 253
85 255
85 256
85 262
85 268
85 270
85 277
85 296
85 305
85 363
85 376
85 389
85 391
86 90
86 96
86 104
86 110
86 111
86 112
86 121
86 123
86 126
86 144
86 145
86 147
86 149
86 150
86 152
86 154
86 163
86 165
86 171
86 182
86 187
86 190
86 195
86 201
86 202
86 207
86 209
86 211
86 222
86 236
86 243
86 255
86 267
86 295
86 306
86 307
86 315
86 319
86 351
86 371
86 387
86 395
87 95
87 96
87 106
87 112
87 113
87 114
87 115
87 119
87 123
87 143
87 150
87 157
87 210
87 214
87 224
87 243
87 245
87 246
87 250
87 255
87 275
87 276
87 280
87 288
87 303
87 307
87 328
87 350
87 354
87 370
87 380
87 388
87 389
88 95
88 102
88 118
88 119
88 124
88 126
88 130
88 133
88 140
88 146
88 149
88 156
88 160
88 164
88 202
88 231
88 241
88 242
88 264
88 293
88 306
88 377
89 95
89 97
89 107
89 110
89 111
89 114
89 116
89 124
89 126
89 131
89 147
89 149
89 162
89 164
89 170
89 197
89 209
89 218
89 219
89 226
89 241
89 246
89 258
89 261
89 263
89 292
89 293
89 298
89 303
89 305
89 374
89 376
90 91
90 93
90 109
90 114
90 117
90 118
90 120
90 126
90 129
90 134
90 136
90 142
90 150
90 160
90 167
90 209
90 221
90 247
90 250
90 254
90 297
90 315
90 317
90 354
90 357
90 363
91 99
91 103
91 114
91 120
91 152
91 153
91 154
91 162
91 164
91 195
91 207
91 220
91 235
91 250
91 254
91 262
91 294
91 295
91 337
91 349
91 361
91 364
91 384
92 93
92 98
92 105
92 109
92 112
92 114
92 116
92 120
92 124
92 127
92 136
92 149
92 150
92 156
92 164
92 167
92 185
92 245
92 298
92 301
92 328
92 359
92 372
92 399
93 97
93 100
93 122
93 123
93 132
93 134
93 143
93 156
93 160
93 189
93 210
93 219
93 223
93 246
93 255
93 296
93 304
93 315
94 99
94 101
94 109
94 116
94 128
94 149
94 156
94 163
94 165
94 171
94 178
94 179
94 191
94 193
94 197
94 213
94 242
94 284
94 346
95 98
95 115
95 123
95 124
95 128
95 133
95 150
95 153
95 154
95 170
95 189
95 191
95 210
95 225
95 232
95 233
95 246
95 259
95 337
95 338
95 342
96 113
96 115
96 134
96 149
96 150
96 154
96 155
96 156
96 167
96 175
96 196
96 212
96 214
96 232
96 281
96 301
96 311
96 317
96 344
96 362
96 389
97 112
97 150
97 155
97 177
97 210
97 214
97 236
97 254
97 263
97 301
97 322
97 366
97 369
97 392
98 100
98 101
98 106
98 132
98 136
98 141
98 152
98 154
98 167
98 195
98 202
98 207
98 221
98 247
98 266
98 281
98 335
98 369
98 384
99 127
99 132
99 137
99 141
99 172
99 180
99 213
99 296
99 317
99 338
99 349
99 360
99 392
100 102
100 103
100 112
100 117
100 126
100 127
100 133
100 134
100 143
100 147
100 150
100 155
100 163
100 164
100 169
100 175
100 178
100 179
100 189
100 206
100 207
100 224
100 230
100 239
100 269
100 320
100 322
100 383
100 388
100 390
100 398
101 112
101 123
101 129
101 133
101 146
101 159
101 206
101 244
101 254
101 262
101 302
101 305
101 351
101 375
102 118
102 125
102 134
102 146
102 151
102 192
102 236
102 288
102 298
102 342
102 346
102 357
102 359
102 381
103 107
103 119
103 131
103 135
103 139
103 149
103 164
103 180
103 200
103 264
103 274
103 281
103 286
103 311
103 334
103 354
103 359
104 135
104 136
104 165
104 166
104 192
104 253
104 320
104 334
104 389
105 111
105 123
105 132
105 144
105 151
105 164
105 169
105 186
105 195
105 229
105 266
105 268
105 293
105 297
105 314
105 320
105 342
105 348
106 115
106 122
106 141
106 153
106 174
106 246
106 320
106 326
106 333
107 108
107 109
107 111
107 113
107 128
107 137
107 145
107 159
107 190
107 205
107 247
107 262
107 275
107 300
107 320
107 335
107 352
107 383
107 390
108 109
108 113
108 116
108 120
108 146
108 168
108 175
108 185
108 197
108 213
108 289
108 294
108 312
109 125
109 133
109 135
109 137
109 151
109 159
109 258
109 266
109 298
109 335
110 126
110 163
110 190
110 197
110 244
110 252
110 261
110 271
110 301
110 329
110 343
110 367
110 371
110 393
111 115
111 117
111 129
111 130
111 164
111 175
111 242
111 278
111 386
112 152
112 156
112 166
112 185
112 277
112 285
112 362
112 367
113 118
113 136
113 176
113 224
113 233
113 269
113 278
113 290
113 293
113 297
113 320
114 128
114 155
114 196
114 212
114 213
114 232
114 254
114 279
114 284
114 293
114 316
114 329
114 335
114 348
114 364
114 389
115 128
115 129
115 140
115 256
115 270
115 273
115 387
116 121
116 132
116 166
116 181
116 183
116 218
116 229
116 245
116 250
116 262
116 290
116 388
117 123
117 219
117 236
117 257
117 310
118 126
118 138
118 253
119 122
119 128
119 130
119 149
119 154
119 217
119 230
119 253
119 272
119 303
119 340
120 121
120 126
120 189
120 195
120 242
120 260
120 288
120 306
120 332
121 148
121 149
121 163
121 171
121 227
121 261
121 301
121 344
122 125
122 142
122 144
122 151
122 236
122 299
122 310
122 365
123 136
123 170
123 174
123 176
123 184
123 195
123 199
123 204
123 254
123 333
123 374
123 379
124 134
124 163
124 184
124 191
124 238
124 258
124 266
124 282
124 318
124 368
124 369
124 398
125 148
125 311
125 366
126 131
126 136
126 138
126 151
126 180
126 182
126 187
126 217
126 233
126 244
126 284
126 340
126 357
126 379
127 129
127 132
127 145
127 147
127 150
127 151
127 173
127 217
127 229
127 245
127 267
127 363
128 130
128 134
128 139
128 141
128 143
128 147
128 153
128 155
128 157
128 158
128 159
128 171
128 174
128 179
128 188
128 189
128 191
128 193
128 194
128 195
128 197
128 199
128 203
128 206
128 207
128 212
128 219
128 221
128 222
128 223
128 230
128 231
128 234
128 241
128 242
128 252
128 256
128 259
128 265
128 270
128 272
128 278
128 282
128 290
128 291
128 292
128 293
128 299
128 300
128 303
128 306
128 309
128 312
128 321
128 324
128 328
128 329
128 336
128 337
128 356
128 385
128 387
128 392
129 131
129 137
129 139
129 141
129 142
129 148
129 149
129 156
129 161
129 162
129 167
129 169
129 170
129 172
129 200
129 202
129 205
129 208
129 209
129 212
129 216
129 217
129 219
129 221
129 223
129 229
129 237
129 242
129 247
129 251
129 252
129 256
129 295
129 296
129 302
129 303
129 308
129 314
129 318
129 326
129 327
129 334
129 337
129 347
129 349
129 351
129 365
129 371
129 379
130 132
130 134
130 138
130 139
130 148
130 149
130 158
130 161
130 162
130 164
130 168
130 169
130 172
130 175
130 176
130 182
130 185
130 186
130 191
130 193
130 196
130 199
130 201
130 203
130 205
130 218
130 220
130 222
130 230
130 235
130 238
130 243
130 247
130 252
130 255
130 262
130 266
130 269
130 273
130 276
130 277
130 282
130 286
130 287
130 291
130 293
130 295
130 306
130 308
130 309
130 314
130 317
130 327
130 344
130 351
130 359
130 363
130 370
130 372
130 378
130 380
130 390
130 397
131 135
131 137
131 143
131 156
131 158
131 160
131 161
131 163
131 164
131 174
131 180
131 185
131 187
131 191
131 195
131 196
131 199
131 201
131 206
131 207
131 220
131 223
131 230
131 250
131 254
131 259
131 263
131 264
131 268
131 274
131 285
131 286
131 288
131 311
131 316
131 323
131 325
131 343
131 367
131 378
131 386
131 391
131 394
131 396
132 137
132 138
132 140
132 142
132 143
132 149
132 155
132 158
132 161
132 162
132 167
132 171
132 172
132 175
132 183
132 185
132 188
132 192
132 193
132 194
132 195
132 196
132 199
132 201
132 204
132 205
132 210
132 218
132 219
132 231
132 232
132 242
132 243
132 245
132 250
132 268
132 271
132 285
132 294
132 295
132 298
132 301
132 302
132 313
132 314
132 320
132 323
132 327
132 329
132 355
132 367
132 368
132 372
132 377
132 383
132 384
132 395
133 135
133 140
133 143
133 144
133 145
133 153
133 155
133 157
133 158
133 159
133 162
133 164
133 169
133 175
133 184
133 186
133 188
133 192
133 194
133 201
133 202
133 212
133 228
133 229
133 232
133 237
133 240
133 243
133 256
133 261
133 270
133 275
133 280
133 282
133 286
133 302
133 310
133 313
133 329
133 330
133 331
133 348
133 357
133 358
133 363
133 369
133 379
133 384
133 385
133 386
133 388
134 158
134 160
134 176
134 183
134 187
134 191
134 194
134 196
134 201
134 228
134 249
134 252
134 254
134 262
134 264
134 270
134 275
134 276
134 281
134 284
134 287
134 296
134 297
134 299
134 300
134 301
134 308
134 309
134 313
134 322
134 340
134 357
134 371
134 373
134 375
134 384
134 385
134 386
134 389
135 137
135 146
135 150
135 151
135 155
135 157
135 164
135 166
135 167
135 174
135 176
135 177
135 178
135 180
135 185
135 187
135 190
135 192
135 199
135 203
135 207
135 216
135 218
135 225
135 227
135 233
135 242
135 250
135 264
135 265
135 267
135 270
135 271
135 272
135 275
135 276
135 278
135 281
135 284
135 287
135 288
135 289
135 295
135 307
135 316
135 322
135 323
135 325
135 330
135 350
135 362
135 363
135 368
135 374
135 385
135 389
135 394
136 137
136 139
136 142
136 145
136 151
136 154
136 163
136 168
136 171
136 176
136 180
136 185
136 195
136 197
136 201
136 204
136 210
136 213
136 221
136 223
136 226
136 229
136 232
136 234
136 242
136 247
136 255
136 257
136 262
136 263
136 273
136 277
136 288
136 297
136 305
136 306
136 312
136 328
136 331
136 344
136 346
136 358
136 367
136 371
136 372
136 374
136 376
136 381
136 390
137 138
137 139
137 147
137 148
137 155
137 160
137 161
137 163
137 166
137 167
137 168
137 174
137 175
137 183
137 190
137 196
137 197
137 199
137 211
137 215
137 220
137 222
137 223
137 228
137 255
137 259
137 263
137 264
137 265
137 269
137 278
137 286
137 289
137 290
137 291
137 296
137 300
137 304
137 307
137 311
137 312
137 316
137 321
137 323
137 325
137 328
137 333
137 334
137 340
137 344
137 351
137 355
137 360
137 367
137 373
137 379
137 380
137 382
137 391
137 392
137 395
137 397
138 140
138 144
138 145
138 149
138 151
138 152
138 157
138 167
138 169
138 180
138 191
138 216
138 222
138 223
138 225
138 232
138 233
138 244
138 245
138 253
138 255
138 275
138 277
138 289
138 295
138 296
138 305
138 306
138 307
138 319
138 329
138 330
138 333
138 342
138 345
138 357
138 360
138 378
138 380
138 386
139 141
139 142
139 143
139 151
139 153
139 155
139 156
139 158
139 159
139 177
139 180
139 181
139 184
139 187
139 188
139 195
139 202
139 210
139 213
139 215
139 217
139 219
139 227
139 232
139 238
139 241
139 242
139 245
139 247
139 248
139 249
139 250
139 252
139 257
139 261
139 271
139 281
139 282
139 286
139 289
139 290
139 293
139 294
139 299
139 303
139 306
139 310
139 313
139 316
139 318
139 325
139 330
139 333
139 334
139 342
139 343
139 349
139 351
139 357
139 362
139 367
139 368
139 373
139 376
139 384
139 388
139 392
140 142
140 144
140 147
140 148
140 150
140 153
140 160
140 168
140 170
140 173
140 178
140 182
140 188
140 192
140 212
140 225
140 232
140 235
140 237
140 244
140 249
140 251
140 252
140 254
140 263
140 285
140 294
140 309
140 316
140 317
140 330
140 346
140 348
140 352
140 363
140 379
140 384
140 385
140 386
140 390
140 397
141 143
141 145
141 146
141 153
141 162
141 172
141 177
141 179
141 180
141 182
141 189
141 196
141 197
141 201
141 215
141 217
141 218
141 226
141 230
141 242
141 243
141 248
141 251
141 253
141 257
141 259
141 268
141 282
141 300
141 301
141 302
141 305
141 322
141 331
141 333
141 336
141 338
141 343
141 348
141 356
141 361
141 364
141 373
141 374
141 395
142 145
142 147
142 149
142 156
142 160
142 174
142 184
142 187
142 190
142 198
142 200
142 205
142 209
142 213
142 217
142 228
142 229
142 233
142 237
142 240
142 246
142 251
142 256
142 259
142 265
142 266
142 275
142 279
142 281
142 285
142 302
142 304
142 308
142 311
142 317
142 321
142 326
142 329
142 332
142 362
142 366
142 383
142 391
142 399
143 150
143 171
143 172
143 173
143 186
143 188
143 198
143 202
143 217
143 218
143 234
143 243
143 251
143 255
143 261
143 285
143 286
143 287
143 315
143 322
143 328
143 329
143 334
143 344
143 346
143 370
143 371
143 373
143 385
144 145
144 153
144 156
144 158
144 159
144 167
144 173
144 177
144 190
144 192
144 194
144 210
144 213
144 214
144 217
144 219
144 220
144 223
144 226
144 228
144 229
144 230
144 232
144 234
144 241
144 247
144 261
144 268
144 272
144 279
144 283
144 291
144 299
144 310
144 312
144 318
144 322
144 327
144 331
144 339
144 340
144 351
144 352
144 366
144 375
144 376
144 393
144 395
145 146
145 148
145 150
145 152
145 153
145 165
145 166
145 167
145 169
145 172
145 174
145 176
145 180
145 183
145 184
145 202
145 206
145 208
145 211
145 212
145 215
145 223
145 225
145 229
145 238
145 241
145 244
145 247
145 250
145 252
145 261
145 267
145 270
145 271
145 272
145 273
145 274
145 278
145 280
145 288
145 295
145 305
145 306
145 311
145 320
145 326
145 335
145 337
145 339
145 340
145 343
145 344
145 362
145 367
145 371
145 373
145 375
145 379
145 390
145 391
145 394
146 149
146 152
146 153
146 156
146 157
146 162
146 168
146 169
146 173
146 176
146 181
146 184
146 186
146 189
146 198
146 199
146 202
146 212
146 214
146 215
146 220
146 221
146 239
146 242
146 244
146 245
146 257
146 262
146 264
146 268
146 277
146 279
146 280
146 291
146 295
146 298
146 300
146 306
146 313
146 314
146 320
146 322
146 332
146 333
146 335
146 336
146 339
146 344
146 346
146 362
146 369
146 385
146 386
146 388
146 389
146 394
147 149
147 173
147 180
147 198
147 199
147 204
147 207
147 209
147 213
147 214
147 221
147 223
147 233
147 243
147 248
147 250
147 261
147 262
147 267
147 269
147 271
147 274
147 282
147 283
147 287
147 289
147 293
147 307
147 310
147 317
147 322
147 327
147 328
147 333
147 345
147 346
147 350
147 362
147 367
147 370
147 371
147 380
147 382
147 384
147 388
147 394
147 399
148 160
148 161
148 165
148 168
148 170
148 171
148 173
148 176
148 185
148 187
148 190
148 196
148 200
148 201
148 203
148 209
148 212
148 213
148 228
148 241
148 251
148 254
148 263
148 266
148 273
148 276
148 278
148 279
148 282
148 283
148 291
148 294
148 297
148 302
148 318
148 335
148 336
148 338
148 342
148 346
148 347
148 348
148 368
148 372
148 376
148 390
149 152
149 156
149 159
149 162
149 163
149 170
149 171
149 172
149 173
149 182
149 195
149 202
149 211
149 212
149 217
149 223
149 226
149 234
149 237
149 248
149 257
149 266
149 273
149 278
149 282
149 290
149 292
149 293
149 297
149 306
149 312
149 315
149 316
149 334
149 345
149 352
149 353
149 354
149 363
149 374
149 383
149 384
149 390
149 392
149 396
150 151
150 155
150 166
150 173
150 174
150 178
150 184
150 185
150 188
150 198
150 202
150 203
150 205
150 209
150 210
150 212
150 233
150 251
150 252
150 253
150 256
150 259
150 281
150 292
150 306
150 313
150 324
150 326
150 328
150 353
150 363
150 377
150 381
150 391
150 394
150 395
151 167
151 170
151 181
151 184
151 187
151 188
151 190
151 192
151 193
151 195
151 198
151 200
151 202
151 204
151 210
151 243
151 250
151 256
151 261
151 265
151 275
151 288
151 294
151 298
151 299
151 303
151 304
151 306
151 332
151 341
151 342
151 348
151 365
151 367
151 372
151 375
151 377
151 389
151 390
151 399
152 162
152 163
152 165
152 176
152 184
152 185
152 187
152 190
152 194
152 202
152 211
152 216
152 228
152 232
152 241
152 249
152 263
152 268
152 271
152 283
152 299
152 303
152 318
152 335
152 341
152 342
152 343
152 356
152 371
153 158
153 164
153 171
153 183
153 186
153 192
153 197
153 206
153 208
153 213
153 214
153 217
153 219
153 221
153 228
153 230
153 231
153 232
153 234
153 243
153 251
153 258
153 262
153 274
153 276
153 293
153 305
153 309
153 321
153 322
153 330
153 333
153 335
153 337
153 338
153 343
153 347
153 354
153 365
153 370
153 374
153 380
153 381
153 382
153 384
153 391
154 164
154 165
154 167
154 172
154 173
154 176
154 180
154 183
154 187
154 188
154 189
154 191
154 193
154 195
154 200
154 203
154 208
154 209
154 215
154 216
154 221
154 226
154 233
154 240
154 244
154 252
154 253
154 259
154 263
154 267
154 279
154 281
154 282
154 283
154 295
154 300
154 303
154 304
154 311
154 314
154 316
154 323
154 325
154 341
154 349
154 350
154 352
154 357
154 359
154 365
154 368
154 372
154 379
154 381
154 384
154 387
154 390
154 391
154 392
154 396
154 397
155 156
155 157
155 158
155 161
155 162
155 167
155 169
155 172
155 174
155 181
155 182
155 188
155 192
155 203
155 212
155 222
155 225
155 230
155 236
155 237
155 240
155 243
155 244
155 245
155 255
155 260
155 261
155 262
155 266
155 277
155 280
155 284
155 288
155 290
155 291
155 298
155 305
155 316
155 326
155 327
155 344
155 345
155 357
155 360
155 368
155 370
155 375
155 379
155 380
155 382
155 386
155 392
155 394
156 159
156 164
156 167
156 169
156 170
156 177
156 181
156 184
156 190
156 193
156 195
156 198
156 204
156 210
156 213
156 215
156 219
156 232
156 237
156 239
156 242
156 249
156 256
156 257
156 260
156 281
156 285
156 294
156 298
156 305
156 310
156 313
156 325
156 330
156 334
156 349
156 350
156 363
156 364
156 365
156 386
157 159
157 165
157 167
157 174
157 177
157 181
157 183
157 184
157 192
157 198
157 202
157 208
157 218
157 219
157 230
157 232
157 238
157 239
157 249
157 251
157 255
157 256
157 266
157 270
157 274
157 276
157 279
157 284
157 290
157 292
157 293
157 302
157 316
157 320
157 327
157 338
157 339
157 341
157 355
157 358
157 363
157 374
157 375
157 377
157 387
157 392
158 176
158 186
158 207
158 209
158 217
158 218
158 219
158 222
158 229
158 231
158 237
158 240
158 265
158 273
158 290
158 302
158 319
158 321
158 341
158 351
158 369
158 379
158 392
159 163
159 171
159 173
159 194
159 199
159 204
159 206
159 214
159 215
159 218
159 223
159 231
159 249
159 253
159 265
159 268
159 270
159 277
159 282
159 284
159 290
159 297
159 299
159 301
159 306
159 315
159 331
159 345
159 355
159 357
159 361
159 364
159 365
159 378
159 381
159 383
159 384
159 392
160 168
160 171
160 178
160 179
160 182
160 195
160 196
160 210
160 214
160 219
160 222
160 224
160 230
160 250
160 252
160 256
160 258
160 271
160 286
160 288
160 291
160 303
160 306
160 309
160 310
160 312
160 314
160 319
160 326
160 330
160 335
160 342
160 359
160 375
160 385
160 387
160 391
160 393
161 162
161 166
161 170
161 171
161 174
161 193
161 201
161 204
161 216
161 217
161 219
161 226
161 228
161 236
161 238
161 254
161 266
161 269
161 270
161 273
161 277
161 282
161 293
161 297
161 302
161 305
161 308
161 330
161 343
161 348
161 350
161 381
161 382
161 396
162 165
162 169
162 170
162 178
162 180
162 189
162 190
162 197
162 204
162 206
162 208
162 209
162 216
162 222
162 232
162 235
162 239
162 244
162 248
162 249
162 252
162 274
162 277
162 287
162 289
162 307
162 312
162 320
162 321
162 323
162 330
162 331
162 333
162 334
162 338
162 339
162 344
162 347
162 353
162 356
162 360
162 373
162 382
162 385
162 394
162 395
162 399
163 169
163 178
163 179
163 183
163 185
163 188
163 189
163 200
163 202
163 205
163 206
163 207
163 208
163 209
163 215
163 221
163 235
163 256
163 263
163 281
163 287
163 294
163 296
163 309
163 318
163 326
163 330
163 338
163 350
163 358
163 362
163 366
163 372
163 387
163 393
163 399
164 167
164 175
164 176
164 193
164 199
164 203
164 205
164 209
164 212
164 217
164 218
164 222
164 224
164 225
164 233
164 234
164 236
164 247
164 252
164 257
164 258
164 264
164 265
164 267
164 268
164 269
164 289
164 291
164 292
164 302
164 303
164 312
164 321
164 331
164 346
164 359
164 370
164 377
164 386
164 387
164 394
165 166
165 174
165 187
165 189
165 192
165 193
165 197
165 198
165 206
165 212
165 214
165 215
165 225
165 244
165 278
165 279
165 291
165 294
165 297
165 299
165 319
165 320
165 330
165 335
165 336
165 340
165 342
165 345
165 351
165 373
165 381
165 388
166 167
166 172
166 180
166 190
166 196
166 236
166 244
166 275
166 288
166 302
166 317
166 323
166 325
166 337
166 352
166 357
166 375
166 385
166 389
167 175
167 177
167 182
167 195
167 201
167 209
167 239
167 242
167 257
167 258
167 262
167 263
167 291
167 315
167 320
167 321
167 325
167 330
167 334
167 352
167 358
167 359
167 361
167 364
167 369
167 374
167 377
167 378
167 392
168 169
168 178
168 179
168 185
168 187
168 192
168 196
168 204
168 205
168 206
168 224
168 232
168 234
168 239
168 244
168 246
168 247
168 252
168 255
168 258
168 260
168 262
168 264
168 280
168 283
168 285
168 291
168 297
168 306
168 313
168 315
168 316
168 324
168 332
168 333
168 358
168 359
168 363
168 374
168 375
168 380
168 388
169 172
169 175
169 178
169 202
169 203
169 208
169 211
169 228
169 229
169 239
169 241
169 243
169 245
169 249
169 251
169 252
169 275
169 280
169 287
169 293
169 302
169 308
169 314
169 316
169 318
169 319
169 324
169 329
169 335
169 347
169 352
169 353
169 357
169 360
169 366
169 370
169 377
169 380
169 385
170 173
170 178
170 181
170 184
170 186
170 187
170 190
170 191
170 208
170 209
170 216
170 219
170 220
170 224
170 235
170 236
170 237
170 243
170 245
170 246
170 251
170 255
170 257
170 262
170 269
170 276
170 281
170 283
170 285
170 286
170 294
170 307
170 315
170 330
170 336
170 353
170 355
170 356
170 360
170 371
170 382
170 387
170 395
171 189
171 199
171 201
171 204
171 207
171 208
171 213
171 216
171 226
171 227
171 230
171 244
171 261
171 280
171 289
171 291
171 295
171 298
171 303
171 319
171 329
171 333
171 340
171 341
171 348
171 350
171 354
171 356
171 359
171 368
171 387
172 182
172 183
172 187
172 208
172 211
172 225
172 243
172 254
172 257
172 267
172 315
172 323
172 341
172 346
172 347
172 351
172 363
172 366
172 387
172 390
172 399
173 177
173 178
173 183
173 186
173 190
173 194
173 212
173 219
173 227
173 236
173 239
173 241
173 248
173 255
173 256
173 257
173 258
173 259
173 260
173 272
173 278
173 290
173 292
173 296
173 299
173 336
173 361
173 363
173 372
173 378
173 381
173 391
173 393
174 177
174 179
174 186
174 187
174 193
174 198
174 203
174 211
174 222
174 230
174 237
174 238
174 244
174 247
174 249
174 253
174 255
174 262
174 264
174 269
174 273
174 277
174 280
174 281
174 287
174 288
174 289
174 291
174 297
174 304
174 319
174 322
174 323
174 327
174 331
174 333
174 337
174 341
174 349
174 362
174 369
174 381
174 391
174 398
175 177
175 179
175 184
175 186
175 192
175 193
175 197
175 207
175 227
175 228
175 230
175 235
175 236
175 241
175 248
175 267
175 272
175 293
175 294
175 298
175 300
175 302
175 307
175 317
175 352
175 367
175 374
175 375
175 381
175 390
176 180
176 183
176 184
176 192
176 198
176 199
176 204
176 208
176 210
176 216
176 221
176 222
176 224
176 225
176 232
176 235
176 252
176 261
176 263
176 265
176 271
176 272
176 276
176 278
176 279
176 282
176 299
176 300
176 301
176 304
176 305
176 313
176 316
176 323
176 334
176 341
176 343
176 345
176 354
176 381
176 391
176 395
177 178
177 182
177 185
177 193
177 211
177 219
177 227
177 235
177 236
177 245
177 258
177 259
177 265
177 268
177 269
177 286
177 289
177 302
177 317
177 321
177 326
177 330
177 334
177 373
177 376
177 383
177 389
177 392
177 396
177 397
178 179
178 193
178 200
178 205
178 211
178 213
178 226
178 233
178 240
178 241
178 243
178 250
178 252
178 257
178 276
178 278
178 290
178 310
178 312
178 319
178 324
178 332
178 336
178 350
178 354
178 357
178 359
178 375
178 378
178 390
178 392
179 184
179 185
179 193
179 194
179 201
179 206
179 208
179 209
179 213
179 214
179 217
179 234
179 256
179 258
179 273
179 275
179 277
179 279
179 284
179 286
179 287
179 290
179 311
179 322
179 328
179 333
179 338
179 344
179 346
179 355
179 356
179 363
179 377
179 381
179 385
179 395
180 182
180 183
180 189
180 192
180 196
180 200
180 215
180 222
180 229
180 231
180 233
180 234
180 236
180 242
180 249
180 264
180 278
180 283
180 285
180 303
180 310
180 311
180 312
180 320
180 327
180 335
180 337
180 341
180 342
180 343
180 344
180 346
180 349
180 350
180 351
180 368
180 397
180 399
181 183
181 184
181 187
181 193
181 199
181 206
181 207
181 212
181 213
181 224
181 226
181 227
181 228
181 238
181 241
181 247
181 248
181 253
181 272
181 281
181 282
181 285
181 288
181 291
181 318
181 326
181 328
181 331
181 334
181 357
181 370
181 371
181 382
181 388
181 394
182 188
182 189
182 193
182 202
182 208
182 211
182 221
182 225
182 227
182 229
182 233
182 235
182 236
182 238
182 239
182 248
182 254
182 260
182 267
182 300
182 321
182 322
182 346
182 352
182 360
182 369
182 372
182 379
182 399
183 185
183 187
183 189
183 213
183 231
183 235
183 251
183 255
183 258
183 270
183 285
183 286
183 294
183 310
183 322
183 328
183 338
183 340
183 341
183 344
183 347
183 359
183 363
183 375
183 381
183 382
183 388
184 185
184 194
184 212
184 221
184 222
184 226
184 231
184 236
184 244
184 251
184 254
184 269
184 276
184 279
184 285
184 303
184 326
184 336
184 344
184 351
184 355
184 368
184 373
184 399
185 189
185 197
185 207
185 229
185 237
185 238
185 256
185 268
185 270
185 274
185 285
185 296
185 297
185 298
185 299
185 309
185 328
185 329
185 334
185 341
185 345
185 351
185 380
185 395
185 397
185 399
186 194
186 195
186 200
186 211
186 212
186 216
186 217
186 229
186 244
186 247
186 250
186 253
186 262
186 263
186 264
186 265
186 268
186 270
186 276
186 289
186 304
186 307
186 308
186 309
186 314
186 333
186 337
186 350
186 361
186 365
186 368
186 373
186 375
186 377
186 380
186 394
186 396
187 190
187 194
187 201
187 203
187 205
187 206
187 207
187 208
187 217
187 241
187 254
187 271
187 276
187 280
187 281
187 282
187 283
187 288
187 294
187 308
187 316
187 325
187 326
187 334
187 335
187 340
187 342
187 352
187 359
187 378
187 383
187 386
188 192
188 194
188 198
188 199
188 208
188 209
188 216
188 218
188 226
188 228
188 229
188 232
188 242
188 243
188 248
188 250
188 255
188 269
188 270
188 277
188 282
188 283
188 284
188 289
188 316
188 321
188 330
188 346
188 358
188 362
188 369
188 371
188 372
188 377
188 379
189 213
189 214
189 231
189 233
189 234
189 246
189 249
189 281
189 292
189 316
189 328
189 330
189 336
189 348
189 353
189 362
189 364
189 378
189 379
189 384
189 389
189 396
190 197
190 200
190 202
190 209
190 215
190 223
190 228
190 241
190 243
190 256
190 263
190 269
190 271
190 281
190 302
190 319
190 321
190 349
190 361
190 375
190 377
190 383
190 386
190 388
191 199
191 206
191 212
191 214
191 216
191 231
191 236
191 239
191 243
191 245
191 252
191 271
191 274
191 275
191 283
191 286
191 291
191 295
191 308
191 310
191 312
191 313
191 349
191 354
191 360
191 361
191 375
191 379
191 396
192 206
192 208
192 218
192 225
192 232
192 239
192 240
192 246
192 267
192 274
192 282
192 284
192 285
192 286
192 287
192 289
192 291
192 299
192 300
192 319
192 334
192 341
192 342
192 343
192 344
192 351
192 357
192 362
192 370
192 374
192 389
193 201
193 222
193 226
193 228
193 231
193 239
193 245
193 251
193 252
193 253
193 265
193 267
193 271
193 273
193 276
193 281
193 282
193 283
193 298
193 299
193 310
193 318
193 333
193 336
193 337
193 339
193 347
193 351
193 356
193 365
193 376
193 379
193 382
193 385
193 394
193 398
194 196
194 200
194 205
194 208
194 214
194 215
194 223
194 237
194 258
194 260
194 269
194 281
194 299
194 305
194 331
194 360
194 378
194 379
194 383
194 388
194 390
195 199
195 208
195 215
195 222
195 227
195 258
195 267
195 282
195 297
195 299
195 304
195 308
195 313
195 314
195 325
195 326
195 347
195 355
195 359
195 364
195 366
195 368
195 385
195 395
196 197
196 214
196 220
196 221
196 233
196 235
196 265
196 271
196 275
196 283
196 284
196 285
196 287
196 292
196 299
196 320
196 331
196 347
196 364
196 379
196 394
197 198
197 206
197 225
197 233
197 234
197 236
197 237
197 247
197 250
197 255
197 282
197 283
197 290
197 292
197 298
197 303
197 309
197 311
197 325
197 341
197 343
197 353
197 370
197 371
197 377
197 396
198 206
198 211
198 214
198 220
198 221
198 238
198 242
198 270
198 278
198 287
198 288
198 289
198 290
198 303
198 308
198 313
198 314
198 319
198 330
198 332
198 336
198 345
198 383
198 399
199 208
199 213
199 220
199 227
199 233
199 234
199 239
199 251
199 259
199 261
199 280
199 292
199 321
199 373
199 376
199 394
199 395
199 398
200 208
200 220
200 223
200 225
200 229
200 233
200 254
200 256
200 272
200 290
200 344
200 359
200 363
200 372
200 377
200 380
200 384
200 397
201 206
201 214
201 229
201 230
201 234
201 247
201 253
201 255
201 258
201 262
201 275
201 279
201 283
201 289
201 301
201 311
201 321
201 342
201 372
201 386
201 389
201 397
201 398
202 220
202 227
202 228
202 234
202 238
202 249
202 253
202 255
202 270
202 275
202 283
202 288
202 303
202 308
202 327
202 335
202 339
202 342
202 353
202 388
202 390
202 396
203 214
203 238
203 240
203 247
203 260
203 272
203 275
203 280
203 284
203 292
203 295
203 314
203 322
203 326
203 333
203 344
203 382
204 207
204 222
204 226
204 242
204 246
204 265
204 277
204 294
204 315
204 342
204 343
204 380
204 397
204 399
205 223
205 232
205 234
205 246
205 253
205 254
205 255
205 257
205 262
205 265
205 268
205 272
205 303
205 324
205 329
205 351
205 353
205 362
205 377
205 384
206 210
206 216
206 230
206 231
206 258
206 279
206 284
206 286
206 293
206 319
206 320
206 324
206 332
206 340
206 344
206 350
206 362
206 381
206 392
207 221
207 222
207 226
207 227
207 240
207 241
207 246
207 255
207 258
207 267
207 293
207 303
207 314
207 315
207 349
207 358
208 216
208 224
208 229
208 244
208 248
208 250
208 264
208 274
208 296
208 299
208 311
208 333
208 350
208 355
208 361
209 211
209 212
209 222
209 230
209 240
209 244
209 249
209 279
209 280
209 289
209 295
209 323
209 353
209 382
210 213
210 219
210 233
210 272
210 274
210 303
210 312
210 348
210 373
210 376
210 380
210 382
210 397
210 399
211 223
211 238
211 240
211 248
211 251
211 264
211 267
211 268
211 295
211 296
211 359
211 375
211 384
211 389
211 391
211 396
212 225
212 226
212 245
212 248
212 254
212 275
212 280
212 320
212 350
212 357
212 364
213 223
213 233
213 241
213 254
213 258
213 259
213 279
213 294
213 328
213 331
213 369
213 371
213 375
214 217
214 227
214 248
214 264
214 289
214 295
214 324
215 229
215 240
215 246
215 264
215 276
215 315
215 317
215 325
215 332
215 358
215 388
215 398
216 220
216 221
216 223
216 228
216 240
216 245
216 250
216 263
216 276
216 290
216 327
216 332
216 367
216 372
217 219
217 243
217 245
217 246
217 258
217 262
217 276
217 324
217 394
218 229
218 234
218 246
218 249
218 255
218 257
218 259
218 287
218 311
218 320
218 342
219 234
219 288
219 340
219 365
219 391
220 228
220 245
220 258
220 262
220 264
220 275
220 290
220 310
220 324
220 364
220 376
220 379
220 398
220 399
221 235
221 254
221 258
221 272
221 286
221 295
221 345
221 376
221 383
222 231
222 286
222 295
222 306
222 353
222 359
223 255
223 295
224 293
224 304
224 390
224 395
224 398
225 237
225 347
225 350
225 351
225 360
225 394
226 227
226 295
226 315
226 370
227 234
227 261
227 317
227 374
228 287
228 302
228 352
228 393
229 237
229 294
229 327
229 341
229 347
230 315
230 372
230 387
231 240
231 266
231 315
231 320
231 341
231 387
232 239
232 249
232 256
232 258
232 259
232 277
232 278
232 318
232 322
232 374
232 376
232 384
233 283
233 290
233 338
234 250
234 268
234 283
234 317
234 384
235 258
235 311
235 322
236 241
236 304
236 317
236 319
236 326
236 383
237 288
237 309
237 342
237 355
238 243
238 307
238 342
238 355
239 242
239 265
239 278
239 283
240 248
240 272
240 274
240 395
241 324
241 345
242 291
242 385
243 316
244 334
244 384
245 251
245 364
246 252
246 263
247 271
247 305
247 310
247 314
247 353
247 370
248 325
248 328
248 329
248 345
248 354
249 251
249 280
249 353
249 394
249 397
250 289
250 314
250 347
250 363
250 379
251 270
251 273
251 327
252 317
252 336
252 347
252 351
252 379
253 259
253 284
253 310
253 318
253 364
254 259
255 295
256 260
256 264
256 269
256 276
256 278
256 281
256 287
256 294
256 307
256 309
256 323
256 328
256 339
256 352
256 353
256 363
256 366
256 367
256 376
256 378
256 393
257 260
257 267
257 294
257 337
257 350
257 362
257 381
257 396
258 259
258 260
258 261
258 264
258 267
258 281
258 293
258 297
258 300
258 311
258 315
258 319
258 321
258 325
258 354
258 368
258 375
259 270
259 271
259 285
259 286
259 292
259 297
259 309
259 311
259 319
259 331
259 334
259 337
259 341
259 366
259 367
259 371
259 384
259 397
260 264
260 276
260 293
260 301
260 306
260 307
260 310
260 313
260 323
260 347
260 351
260 356
260 382
260 385
260 396
260 399
261 272
261 273
261 274
261 276
261 279
261 289
261 292
261 295
261 313
261 314
261 322
261 328
261 329
261 341
261 345
261 349
261 350
261 357
261 366
261 371
261 374
261 389
261 399
262 274
262 280
262 284
262 285
262 287
262 288
262 291
262 298
262 304
262 306
262 325
262 358
262 369
262 382
262 383
262 387
263 268
263 275
263 288
263 289
263 296
263 300
263 325
263 326
263 335
263 337
263 348
263 360
263 377
263 378
263 386
263 389
263 396
264 266
264 268
264 273
264 278
264 299
264 312
264 314
264 324
264 325
264 332
264 343
264 353
264 354
264 363
264 369
264 389
264 395
265 268
265 278
265 283
265 295
265 298
265 300
265 304
265 308
265 309
265 330
265 336
265 339
265 347
265 348
265 353
265 356
265 359
265 367
265 370
265 371
265 387
266 269
266 270
266 280
266 296
266 302
266 304
266 329
266 334
266 348
266 352
266 355
266 369
266 374
266 387
267 285
267 318
267 319
267 329
267 352
267 359
267 360
267 371
267 375
267 382
268 273
268 289
268 307
268 308
268 315
268 317
268 333
268 340
268 365
268 376
268 392
268 393
268 397
269 277
269 298
269 302
269 304
269 313
269 314
269 343
269 358
269 366
269 386
269 389
269 391
269 395
270 274
270 278
270 298
270 311
270 315
270 340
270 345
270 348
270 351
270 354
270 398
271 292
271 299
271 312
271 324
271 355
271 388
272 278
272 282
272 283
272 288
272 298
272 302
272 305
272 318
272 331
272 340
272 343
272 348
272 351
272 353
272 357
272 385
273 274
273 298
273 304
273 318
273 323
273 329
273 337
273 349
273 355
273 367
273 372
273 387
273 396
274 276
274 277
274 280
274 286
274 291
274 292
274 297
274 299
274 303
274 320
274 328
274 334
274 341
274 345
274 348
274 356
274 362
274 364
274 383
274 395
274 397
275 279
275 287
275 289
275 290
275 302
275 313
275 327
275 348
275 356
275 365
275 372
275 380
275 391
275 392
275 393
275 397
276 295
276 316
276 325
276 332
276 334
276 338
276 339
276 350
276 352
276 373
276 378
276 396
277 280
277 302
277 332
277 342
277 355
277 357
277 360
277 373
277 381
277 385
277 387
278 293
278 298
278 299
278 304
278 306
278 312
278 318
278 319
278 324
278 326
278 332
278 338
278 339
278 350
278 361
278 383
278 384
278 397
279 291
279 296
279 301
279 312
279 326
279 340
279 344
279 350
279 360
279 368
279 372
279 373
279 377
280 291
280 296
280 317
280 323
280 332
280 340
280 351
280 360
280 366
280 368
281 298
281 332
281 335
281 338
281 346
281 359
281 360
281 367
282 295
282 306
282 324
282 327
282 350
282 354
282 372
282 374
282 383
282 385
282 393
282 394
282 395
282 399
283 286
283 296
283 301
283 321
283 328
283 348
283 351
283 371
283 376
283 377
283 380
283 391
284 291
284 305
284 307
284 308
284 327
284 329
284 354
284 377
284 389
284 395
284 398
285 297
285 320
285 330
285 354
285 355
285 368
285 396
286 289
286 319
286 323
286 327
286 329
286 343
286 365
286 382
286 398
287 289
287 294
287 312
287 313
287 314
287 319
287 326
287 330
287 336
287 361
287 373
287 375
287 377
287 399
288 293
288 314
288 321
288 328
288 331
288 337
288 345
288 363
288 365
288 369
288 373
288 379
288 384
288 385
288 397
289 293
289 294
289 332
289 370
289 373
289 381
289 391
289 396
290 301
290 303
290 307
290 308
290 312
290 318
290 334
290 338
290 355
290 363
290 369
290 383
290 398
291 295
291 299
291 306
291 308
291 322
291 323
291 338
291 345
291 362
291 364
291 380
292 297
292 318
292 323
292 324
292 326
292 333
292 338
292 349
292 353
292 363
292 374
292 378
292 381
292 387
293 304
293 317
293 322
293 331
293 332
293 337
293 348
293 385
293 389
294 316
294 339
294 341
294 366
294 373
294 374
294 382
294 384
294 392
295 331
295 367
295 382
295 392
295 396
296 297
296 310
296 341
296 369
296 391
296 396
297 331
297 357
297 390
297 393
298 302
298 303
298 327
298 342
298 357
298 372
298 395
299 308
299 318
299 320
299 349
299 367
299 371
299 372
299 376
299 382
299 385
299 388
299 389
300 306
300 313
300 315
300 331
300 352
300 359
300 378
300 381
300 384
300 386
300 393
300 397
301 309
301 313
301 327
301 333
301 338
301 355
301 373
301 378
301 398
302 303
302 310
302 318
302 320
302 326
302 328
302 332
302 339
302 341
302 352
302 388
302 394
303 327
303 332
303 348
303 384
303 387
303 396
304 310
304 315
304 344
304 347
304 354
304 355
304 356
304 378
304 386
304 395
305 321
305 322
305 334
305 353
305 358
305 393
305 396
306 332
306 338
306 341
306 359
306 373
306 376
306 388
306 396
307 366
308 312
308 314
308 317
308 321
308 322
308 325
308 329
308 340
308 358
308 368
308 371
308 389
308 398
309 344
309 358
309 361
309 385
309 386
309 390
309 399
310 347
310 348
310 369
310 380
310 388
311 325
311 338
311 340
311 344
311 346
311 386
312 332
312 346
312 366
312 377
312 398
313 330
313 346
313 351
313 358
313 362
313 378
313 379
313 393
313 397
314 315
314 316
314 324
314 325
314 336
314 343
314 356
314 366
314 372
314 375
314 388
314 394
315 316
315 318
315 331
315 353
315 382
315 393
315 397
316 322
316 323
316 328
316 331
316 335
316 339
316 360
316 387
316 390
317 324
317 352
317 357
317 362
317 389
318 348
318 369
318 374
319 322
319 326
319 334
319 341
319 348
319 356
319 369
320 339
320 372
320 376
320 377
320 379
320 396
321 335
321 337
321 341
321 373
321 386
321 394
322 334
322 381
322 391
322 394
323 335
323 344
323 346
323 356
323 365
323 374
323 380
324 329
324 343
324 353
324 369
324 372
324 377
324 382
325 349
325 355
325 371
325 377
325 378
325 382
325 392
326 330
326 332
326 350
326 365
326 377
326 387
327 329
327 337
327 353
327 356
327 360
327 363
327 364
327 371
328 329
328 339
328 349
328 371
328 392
328 394
329 363
329 395
330 340
330 358
330 373
330 374
330 396
330 399
331 367
331 392
331 394
332 335
332 337
332 341
332 358
332 365
332 372
332 386
333 339
333 340
333 350
333 374
334 340
334 344
334 354
334 355
334 361
334 386
335 353
335 354
335 365
335 380
336 350
336 363
337 340
337 369
337 374
337 376
337 388
338 340
338 372
338 388
339 347
339 353
339 371
339 373
339 384
339 394
340 398
341 345
342 372
342 376
342 378
342 397
342 399
343 356
343 366
343 368
343 382
344 351
344 391
345 346
345 363
345 372
345 398
346 358
346 375
347 356
347 385
347 390
347 394
348 350
348 361
348 372
348 376
349 355
349 387
350 354
352 361
352 365
352 389
353 395
354 356
354 383
354 397
355 386
358 390
358 393
361 384
361 397
362 373
362 399
365 384
366 369
366 390
369 388
370 379
371 376
372 379
373 396
376 393
378 379
383 394
385 390
386 392
387 395
388 392
389 391
390 393
