0 10
0 14
0 16
0 17
0 18
0 22
0 24
0 25
0 26
0 27
0 29
0 31
0 35
0 36
0 41
0 44
0 47
0 52
0 73
0 75
0 81
0 82
0 83
0 85
0 87
0 96
0 113
0 125
0 126
0 129
0 136
0 139
0 142
0 143
0 175
0 179
0 185
0 186
0 191
0 193
0 198
0 199
1 10
1 11
1 13
1 14
1 15
1 16
1 18
1 19
1 22
1 23
1 24
1 28
1 29
1 43
1 46
1 52
1 55
1 57
1 59
1 63
1 67
1 70
1 74
1 78
1 80
1 85
1 87
1 134
1 137
1 140
1 142
1 147
1 152
1 156
1 163
1 166
1 169
1 187
1 189
1 198
2 10
2 11
2 12
2 13
2 14
2 19
2 20
2 21
2 26
2 28
2 37
2 39
2 40
2 43
2 44
2 49
2 50
2 54
2 55
2 60
2 61
2 65
2 68
2 72
2 78
2 84
2 87
2 88
2 92
2 96
2 97
2 100
2 102
2 103
2 109
2 111
2 116
2 117
2 128
2 130
2 137
2 138
2 139
2 140
2 142
2 148
2 149
2 159
2 161
2 169
2 171
2 174
2 182
2 191
2 192
3 10
3 11
3 12
3 16
3 17
3 19
3 20
3 25
3 29
3 30
3 32
3 34
3 35
3 36
3 37
3 40
3 41
3 42
3 45
3 52
3 55
3 61
3 65
3 66
3 67
3 72
3 74
3 76
3 77
3 79
3 91
3 93
3 94
3 97
3 98
3 99
3 100
3 103
3 104
3 105
3 111
3 113
3 115
3 117
3 122
3 126
3 127
3 130
3 136
3 139
3 144
3 145
3 150
3 152
3 154
3 155
3 159
3 161
3 164
3 165
3 170
3 176
3 185
3 187
3 189
3 191
3 193
3 194
3 197
3 198
3 199
4 10
4 11
4 12
4 13
4 14
4 17
4 18
4 19
4 23
4 27
4 39
4 50
4 59
4 62
4 63
4 64
4 68
4 72
4 89
4 95
4 97
4 115
4 127
4 131
4 136
4 141
4 144
4 173
4 177
4 186
4 197
5 10
5 11
5 12
5 13
5 15
5 16
5 17
5 18
5 21
5 22
5 23
5 24
5 26
5 27
5 30
5 31
5 32
5 33
5 35
5 36
5 42
5 45
5 46
5 47
5 48
5 49
5 53
5 54
5 56
5 57
5 58
5 60
5 61
5 63
5 66
5 67
5 70
5 72
5 75
5 77
5 79
5 80
5 82
5 83
5 90
5 91
5 94
5 95
5 96
5 98
5 106
5 108
5 116
5 120
5 122
5 128
5 133
5 139
5 141
5 142
5 146
5 148
5 151
5 168
5 171
5 174
5 181
5 189
5 191
6 10
6 11
6 12
6 15
6 21
6 31
6 33
6 39
6 46
6 52
6 56
6 64
6 72
6 81
6 96
6 107
6 109
6 120
6 131
6 135
6 137
6 147
6 180
6 184
6 190
6 196
7 10
7 11
7 12
7 13
7 14
7 15
7 19
7 20
7 23
7 25
7 29
7 32
7 38
7 45
7 47
7 50
7 51
7 55
7 56
7 58
7 69
7 75
7 85
7 87
7 88
7 89
7 92
7 102
7 106
7 108
7 110
7 151
7 152
7 153
7 158
7 160
7 168
7 171
7 172
7 177
7 181
7 199
8 10
8 11
8 12
8 13
8 14
8 15
8 19
8 21
8 23
8 25
8 26
8 31
8 33
8 34
8 37
8 43
8 44
8 48
8 49
8 59
8 62
8 64
8 73
8 99
8 101
8 108
8 109
8 118
8 121
8 122
8 126
8 127
8 128
8 135
8 156
8 171
8 173
8 177
8 181
8 182
8 190
9 10
9 11
9 12
9 13
9 14
9 17
9 20
9 21
9 22
9 23
9 24
9 28
9 29
9 31
9 32
9 34
9 36
9 38
9 44
9 48
9 53
9 54
9 55
9 57
9 58
9 60
9 63
9 74
9 85
9 88
9 90
9 105
9 110
9 112
9 114
9 121
9 124
9 126
9 131
9 133
9 135
9 141
9 152
9 164
9 165
9 167
9 169
9 185
10 11
10 12
10 13
10 14
10 15
10 16
10 17
10 19
10 20
10 21
10 22
10 24
10 25
10 26
10 27
10 29
10 31
10 33
10 35
10 36
10 38
10 40
10 41
10 42
10 44
10 47
10 48
10 52
10 55
10 56
10 62
10 63
10 66
10 69
10 71
10 73
10 74
10 78
10 79
10 80
10 81
10 85
10 89
10 91
10 97
10 101
10 102
10 107
10 114
10 119
10 120
10 127
10 131
10 133
10 138
10 143
10 148
10 149
10 153
10 156
10 157
10 158
10 163
10 171
10 172
10 188
10 192
11 12
11 13
11 15
11 16
11 17
11 18
11 21
11 22
11 24
11 25
11 26
11 27
11 28
11 30
11 33
11 34
11 35
11 38
11 45
11 50
11 59
11 62
11 64
11 65
11 66
11 68
11 70
11 71
11 72
11 76
11 84
11 86
11 100
11 102
11 104
11 110
11 111
11 113
11 125
11 131
11 133
11 137
11 140
11 147
11 150
11 155
11 172
11 173
11 191
11 198
12 13
12 14
12 15
12 16
12 20
12 21
12 23
12 25
12 27
12 28
12 29
12 30
12 34
12 35
12 38
12 39
12 49
12 50
12 51
12 53
12 54
12 58
12 59
12 60
12 68
12 70
12 77
12 87
12 93
12 96
12 98
12 100
12 103
12 107
12 113
12 115
12 120
12 124
12 129
12 134
12 135
12 139
12 154
12 172
12 179
12 183
12 187
12 190
12 198
13 14
13 15
13 16
13 17
13 18
13 20
13 23
13 26
13 28
13 32
13 38
13 49
13 50
13 54
13 59
13 63
13 70
13 73
13 83
13 87
13 88
13 102
13 115
13 131
13 133
13 149
13 153
13 160
13 163
13 168
13 171
14 15
14 16
14 17
14 18
14 19
14 20
14 22
14 24
14 25
14 26
14 28
14 31
14 32
14 33
14 39
14 41
14 46
14 47
14 53
14 60
14 64
14 69
14 72
14 77
14 78
14 85
14 86
14 90
14 98
14 108
14 109
14 110
14 114
14 116
14 119
14 129
14 141
14 147
14 154
14 160
14 163
14 165
14 177
14 192
15 16
15 18
15 19
15 21
15 27
15 33
15 34
15 36
15 39
15 42
15 47
15 51
15 55
15 57
15 59
15 62
15 64
15 75
15 76
15 80
15 91
15 108
15 109
15 121
15 150
15 177
15 195
16 17
16 18
16 25
16 29
16 30
16 35
16 39
16 40
16 42
16 51
16 52
16 56
16 66
16 78
16 85
16 100
16 101
16 113
16 116
16 136
16 151
16 153
16 157
16 166
16 185
16 196
17 18
17 20
17 22
17 26
17 30
17 32
17 39
17 58
17 66
17 73
17 75
17 77
17 80
17 106
17 125
17 145
17 148
17 178
17 188
18 31
18 85
18 88
18 95
18 106
19 28
19 42
19 44
19 57
19 64
19 68
19 84
19 102
19 104
19 116
20 22
20 23
20 24
20 28
20 29
20 60
20 63
20 69
20 134
20 164
20 172
21 26
21 38
21 40
21 46
21 52
21 54
21 63
21 65
21 69
21 71
21 84
21 86
21 89
21 120
21 128
21 164
21 167
21 170
21 172
21 183
21 198
22 25
22 27
22 30
22 34
22 36
22 37
22 38
22 40
22 47
22 69
22 162
22 175
23 27
23 28
23 30
23 49
23 57
23 82
23 182
24 29
24 31
24 32
24 36
24 41
24 46
24 58
24 61
24 69
24 79
24 92
24 131
24 174
25 30
25 34
25 37
25 46
25 50
25 58
25 70
25 73
25 74
25 75
25 85
25 94
25 97
25 108
25 139
25 140
25 143
25 157
25 172
25 179
26 27
26 33
26 35
26 41
26 61
26 71
26 116
26 181
26 186
27 30
27 33
27 35
27 48
27 76
27 100
27 114
27 115
27 118
27 145
27 152
28 33
28 60
28 65
28 77
28 82
28 84
28 117
28 132
28 159
28 183
28 187
29 34
29 37
29 38
29 41
29 42
29 43
29 52
29 55
29 89
29 93
29 103
29 121
29 169
29 199
30 32
30 34
30 37
30 56
30 98
30 105
30 197
31 48
31 64
31 82
32 36
32 38
32 39
32 43
32 45
32 53
32 58
32 66
32 79
32 86
32 92
32 102
32 110
32 119
32 123
32 126
32 127
32 134
32 138
32 145
32 165
32 168
32 173
32 176
32 177
32 190
32 194
33 35
33 36
33 37
33 42
33 43
33 44
33 48
33 52
33 59
33 60
33 61
33 62
33 65
33 69
33 72
33 76
33 78
33 79
33 81
33 90
33 97
33 104
33 105
33 108
33 110
33 111
33 112
33 117
33 118
33 120
33 122
33 124
33 125
33 128
33 136
33 139
33 141
33 146
33 149
33 155
33 156
33 168
33 173
33 174
33 176
33 188
33 190
33 194
34 37
34 40
34 41
34 43
34 44
34 45
34 49
34 51
34 52
34 53
34 57
34 76
34 84
34 95
34 97
34 102
34 104
34 120
34 130
34 133
34 135
34 143
34 144
34 145
34 162
34 165
34 169
34 181
34 182
34 187
34 188
35 42
35 43
35 62
35 65
35 73
35 76
35 93
35 100
35 106
35 118
35 123
35 145
35 151
35 161
35 167
35 170
35 175
35 186
35 187
35 191
35 196
36 37
36 39
36 40
36 44
36 45
36 46
36 47
36 48
36 50
36 54
36 61
36 62
36 70
36 74
36 75
36 76
36 77
36 79
36 82
36 91
36 94
36 97
36 107
36 111
36 122
36 124
36 128
36 129
36 131
36 132
36 137
36 144
36 148
36 171
36 174
36 175
36 176
36 184
36 188
36 189
36 195
37 41
37 42
37 43
37 44
37 48
37 51
37 55
37 58
37 59
37 61
37 66
37 67
37 78
37 81
37 83
37 86
37 90
37 91
37 95
37 99
37 100
37 101
37 102
37 103
37 104
37 105
37 111
37 119
37 123
37 132
37 133
37 134
37 136
37 141
37 144
37 146
37 150
37 155
37 165
37 170
37 181
38 40
38 68
38 71
38 94
38 114
38 121
38 128
38 132
38 133
38 143
38 168
38 195
39 40
39 45
39 47
39 48
39 51
39 53
39 55
39 56
39 65
39 80
39 81
39 92
39 96
39 98
39 100
39 105
39 109
39 112
39 115
39 122
39 144
39 147
39 152
39 154
39 158
39 159
39 164
39 175
39 177
39 178
39 185
39 190
39 192
39 195
39 197
39 199
40 47
40 49
40 66
40 83
40 89
40 96
40 107
40 110
40 114
40 138
40 174
40 187
40 188
40 192
41 43
41 45
41 46
41 67
41 76
41 79
41 85
41 91
41 92
41 93
41 94
41 106
41 113
41 124
41 138
41 149
41 150
41 154
41 175
42 54
42 64
42 65
42 66
42 81
42 91
42 104
42 153
43 50
43 53
43 61
43 62
43 67
43 68
43 72
43 73
43 78
43 86
43 90
43 93
43 98
43 107
43 109
43 112
43 119
43 137
43 138
43 140
43 141
43 151
43 155
43 173
43 176
43 183
43 191
44 46
44 49
44 54
44 57
44 81
44 84
44 108
44 110
44 113
44 123
44 134
44 162
44 171
45 70
45 74
45 79
45 80
45 92
45 97
45 145
45 149
45 180
45 184
45 197
46 69
46 116
46 124
46 189
47 49
47 50
47 51
47 53
47 92
47 101
47 123
47 142
47 143
47 163
47 166
47 175
47 179
48 71
48 77
48 88
48 101
48 111
48 112
48 149
48 157
48 166
48 171
48 180
48 196
49 51
49 53
49 57
49 59
49 84
49 86
49 88
49 101
49 105
49 132
49 160
49 166
49 179
50 84
50 86
50 88
50 94
50 137
50 140
51 56
51 141
51 163
51 195
52 60
52 61
52 64
52 69
52 81
52 89
52 93
52 135
52 140
52 163
52 185
53 54
53 58
53 63
53 71
53 77
53 89
53 145
54 57
54 71
54 91
54 111
54 122
54 130
54 142
54 167
54 172
54 191
55 56
55 65
55 80
55 96
55 99
55 117
55 144
55 162
55 169
56 196
57 63
58 75
58 77
58 95
58 129
58 139
58 152
58 157
59 83
59 90
59 99
59 102
59 161
60 62
60 70
60 72
60 74
60 87
60 152
61 68
61 86
61 189
62 67
62 76
62 104
62 123
62 129
62 159
62 161
62 173
63 70
63 71
63 114
63 148
64 93
64 120
64 147
64 156
64 160
64 163
64 180
65 67
65 74
65 78
65 80
65 81
65 82
65 83
65 87
65 89
65 93
65 95
65 99
65 112
65 125
65 126
65 127
65 147
65 148
65 154
65 158
65 162
65 164
65 166
65 169
65 174
65 178
65 183
65 186
65 198
66 68
66 73
66 83
66 91
66 99
66 100
66 103
66 125
66 146
66 156
66 182
67 71
67 87
67 95
67 96
67 99
67 109
67 119
67 159
67 172
67 178
68 84
68 104
68 109
69 82
69 115
69 137
69 151
69 153
69 167
69 183
69 194
70 74
70 82
70 103
70 104
70 106
70 113
70 114
70 132
70 146
70 155
70 156
70 157
70 194
71 78
71 87
71 98
71 114
71 115
71 119
71 121
71 140
71 143
71 150
71 153
71 160
71 172
71 180
72 73
72 75
72 90
72 95
72 124
72 128
72 141
72 164
73 75
73 83
73 90
73 107
73 124
73 125
73 126
73 132
73 133
73 146
73 157
73 182
74 98
74 114
74 117
74 147
74 148
74 158
74 162
74 171
74 177
75 94
75 96
75 101
75 106
75 108
75 116
75 133
75 150
75 165
75 178
75 184
75 193
76 94
76 95
76 117
76 118
76 129
76 151
76 161
76 178
76 197
77 80
77 128
77 129
77 166
77 168
78 83
78 86
78 105
78 117
78 130
78 142
79 93
80 89
80 105
81 99
81 143
81 154
81 166
82 111
82 129
82 162
83 97
83 120
83 127
83 160
83 164
83 175
84 123
84 130
84 132
84 137
85 88
85 116
85 139
85 154
85 185
85 194
85 195
86 92
86 99
86 105
86 116
86 119
86 137
86 140
86 141
86 155
86 158
87 130
87 179
89 115
89 127
89 136
89 138
90 112
90 122
90 125
91 92
91 98
91 182
91 199
92 110
92 119
92 174
93 112
93 162
94 122
95 109
95 144
96 106
96 122
96 138
96 175
96 178
96 185
97 115
97 120
97 161
97 197
98 101
98 103
98 107
98 117
98 121
98 142
98 144
98 157
98 158
98 167
98 192
98 193
98 197
98 198
99 103
99 108
99 113
99 121
99 126
99 130
99 149
99 161
99 167
99 177
99 183
100 101
100 103
100 110
100 118
100 152
100 153
100 156
100 170
100 186
100 190
100 192
101 125
101 143
101 153
101 158
101 170
101 182
101 193
101 196
102 107
102 111
102 121
102 130
102 131
102 134
102 162
102 180
102 182
103 106
103 107
103 112
103 117
103 121
103 132
103 139
103 149
103 164
103 170
103 179
103 192
104 140
104 143
104 153
104 155
104 156
104 187
105 124
105 125
105 135
106 112
106 113
106 151
106 157
106 160
107 132
107 138
107 146
108 146
109 118
109 123
109 128
109 161
110 118
110 134
110 138
110 152
110 174
111 118
111 119
111 123
111 136
111 146
111 150
111 180
111 189
112 127
112 173
112 184
112 189
113 134
114 163
114 185
115 126
115 144
116 148
116 157
116 194
117 118
117 149
117 193
118 123
118 124
118 151
118 181
118 186
120 160
120 161
120 184
120 197
121 130
121 142
121 181
121 193
122 164
123 145
123 151
124 135
125 126
125 135
125 196
126 127
127 136
128 129
128 159
128 166
128 168
129 135
129 136
129 150
129 159
129 168
129 178
129 192
130 142
130 148
130 159
130 170
130 194
131 147
131 167
131 176
131 190
132 176
132 194
133 134
133 154
133 173
133 183
133 193
135 169
135 190
137 155
137 158
137 176
137 198
139 159
139 179
139 184
139 192
140 150
140 165
140 178
142 163
142 165
142 184
142 193
142 199
143 165
143 166
143 180
143 196
146 174
146 180
148 188
148 189
149 154
149 177
150 180
151 184
152 178
152 199
153 155
153 170
153 196
154 169
154 184
154 188
155 156
156 160
157 158
157 194
158 162
159 168
160 175
160 186
160 187
161 186
164 170
164 195
165 167
165 183
167 169
167 182
167 185
167 186
167 188
167 191
167 199
168 173
168 176
168 181
169 183
170 189
172 176
172 198
173 179
175 195
176 179
176 181
182 188
182 196
186 187
186 190
188 191
189 199
192 193
192 197
194 195
