0 8
0 9
0 10
0 11
0 12
0 13
0 14
0 15
0 17
0 18
0 20
0 21
0 23
0 30
0 32
0 34
1 8
1 9
1 11
1 12
1 17
2 8
2 9
2 10
2 11
2 12
2 13
2 14
2 16
2 19
2 22
2 24
2 25
2 31
2 33
2 34
2 35
2 37
2 38
2 39
3 8
3 9
3 31
4 8
4 9
4 10
4 11
4 13
4 18
4 19
4 20
4 28
4 29
5 8
5 10
5 11
5 16
5 26
5 27
6 8
6 9
6 10
6 12
6 25
6 32
7 8
7 9
7 10
7 17
7 25
7 26
8 9
8 10
8 11
8 12
8 13
8 14
8 15
8 16
8 17
8 18
8 20
8 21
8 22
8 23
8 25
8 26
8 27
8 28
8 31
8 33
8 34
8 36
8 38
9 10
9 11
9 12
9 13
9 14
9 15
9 16
9 17
9 18
9 19
9 20
9 21
9 22
9 25
9 28
9 29
9 30
9 31
9 33
9 34
9 35
9 36
10 11
10 12
10 13
10 14
10 15
10 16
10 17
10 19
10 20
10 22
10 23
10 24
10 25
10 26
10 27
10 28
10 29
10 30
10 32
10 33
10 34
10 36
11 12
11 13
11 14
11 15
11 16
11 17
11 19
11 22
11 23
11 24
11 26
11 27
11 28
11 29
11 30
11 33
11 34
11 36
12 13
12 14
12 15
12 16
12 17
12 18
12 19
12 20
12 21
12 23
12 24
12 25
12 27
12 34
12 38
12 39
13 14
13 15
13 18
13 19
13 20
13 22
13 24
13 28
13 29
13 38
13 39
14 15
14 16
14 18
14 21
14 22
14 24
14 33
14 35
14 36
14 37
14 39
15 18
15 21
15 32
16 19
16 24
16 26
16 27
16 33
16 36
17 21
17 23
17 26
17 30
17 31
18 20
18 28
18 29
18 30
19 22
19 29
19 32
19 39
20 21
20 23
20 28
20 29
20 31
20 35
20 37
21 23
21 30
21 35
21 37
22 24
23 30
23 32
25 26
25 31
25 35
25 38
26 27
28 35
28 37
29 32
30 32
31 33
31 38
33 34
33 35
33 36
33 37
34 39
35 36
35 37
35 38
35 39
36 37
37 38
38 39
