0 7
0 10
0 11
0 12
0 23
0 24
0 29
1 7
1 8
1 9
1 11
1 13
1 14
1 15
1 16
1 19
1 27
1 35
1 36
1 41
1 43
1 46
1 47
2 7
2 8
2 9
2 10
2 14
2 15
2 16
2 18
2 23
2 24
2 25
2 28
2 30
2 32
2 38
2 46
3 7
3 8
3 9
3 10
3 13
3 17
3 18
3 21
3 32
3 34
3 39
3 44
3 45
3 48
4 7
4 8
4 9
4 10
4 12
4 16
4 17
4 20
4 26
4 37
4 38
4 46
4 49
5 7
5 8
5 17
5 19
5 22
5 31
5 32
5 40
5 48
6 7
6 8
6 9
6 11
6 12
6 15
6 19
6 20
6 21
6 22
6 26
6 33
6 37
6 42
6 49
7 8
7 9
7 10
7 11
7 12
7 13
7 14
7 15
7 16
7 17
7 18
7 19
7 21
7 22
7 23
7 24
7 25
7 26
7 27
7 29
7 30
7 31
7 35
7 36
7 38
7 39
7 42
7 43
7 44
7 46
7 47
8 9
8 10
8 11
8 12
8 13
8 14
8 15
8 16
8 17
8 20
8 21
8 22
8 28
8 31
8 32
8 34
8 35
8 37
8 38
8 39
8 40
8 41
8 42
8 45
8 46
9 10
9 11
9 12
9 16
9 18
9 20
9 24
9 25
9 37
9 44
9 47
10 11
10 13
10 15
10 17
10 18
10 20
10 23
10 24
10 27
10 28
10 29
10 32
10 34
10 39
10 44
10 45
10 46
11 12
11 13
11 23
11 25
11 27
11 29
11 47
12 13
12 16
12 19
12 23
12 24
12 25
12 29
12 30
12 33
12 37
12 42
12 49
13 14
13 17
13 18
13 20
13 24
13 39
13 44
14 15
14 20
14 27
14 47
15 30
15 41
15 45
16 19
16 41
16 47
17 18
17 19
17 21
17 22
17 26
17 31
17 33
17 34
17 36
17 37
17 40
17 43
17 49
18 23
18 30
18 34
18 39
18 44
19 21
19 22
19 31
19 48
20 21
20 26
20 28
20 35
20 36
20 41
21 26
21 36
22 26
22 27
22 31
22 32
22 33
23 28
23 29
24 25
24 27
24 29
25 39
26 30
26 37
26 49
27 30
27 33
27 35
27 41
27 45
29 42
31 32
31 33
31 48
32 33
32 34
32 38
32 40
32 48
33 36
33 38
33 40
33 42
33 43
34 35
34 40
34 44
34 48
35 36
35 41
35 47
36 38
36 42
36 43
37 45
37 49
38 43
38 45
41 46
42 43
45 48
45 49
