0 7
0 10
0 11
0 12
0 23
0 24
0 29
0 55
0 92
0 137
0 138
0 153
0 154
0 158
0 161
1 7
1 8
1 9
1 11
1 13
1 14
1 15
1 16
1 19
1 27
1 35
1 36
1 41
1 43
1 46
1 47
1 52
1 54
1 56
1 64
1 67
1 73
1 82
1 86
1 90
1 96
1 97
1 98
1 100
1 101
1 104
1 105
1 112
1 114
1 116
1 119
1 120
1 130
1 131
1 137
1 143
1 145
1 150
1 151
1 156
1 159
1 166
1 168
2 7
2 8
2 9
2 10
2 14
2 15
2 16
2 18
2 23
2 24
2 25
2 28
2 30
2 32
2 38
2 46
2 64
2 66
2 72
2 82
2 88
2 91
2 97
2 98
2 99
2 102
2 113
2 114
2 117
2 118
2 124
2 126
2 140
2 149
2 153
2 167
2 168
3 7
3 8
3 9
3 10
3 13
3 17
3 18
3 21
3 32
3 34
3 39
3 44
3 45
3 48
3 51
3 52
3 58
3 59
3 60
3 62
3 66
3 70
3 71
3 72
3 75
3 77
3 78
3 84
3 85
3 88
3 107
3 116
3 122
3 123
3 134
3 159
3 162
3 163
4 7
4 8
4 9
4 10
4 12
4 16
4 17
4 20
4 26
4 37
4 38
4 46
4 49
4 51
4 109
4 115
4 132
4 135
4 143
5 7
5 8
5 17
5 19
5 22
5 31
5 32
5 40
5 48
5 57
5 111
5 129
5 152
6 7
6 8
6 9
6 11
6 12
6 15
6 19
6 20
6 21
6 22
6 26
6 33
6 37
6 42
6 49
6 50
6 57
6 63
6 71
6 79
6 91
6 93
6 94
6 99
6 107
6 110
6 121
6 124
6 130
6 135
6 145
6 152
6 164
7 8
7 9
7 10
7 11
7 12
7 13
7 14
7 15
7 16
7 17
7 18
7 19
7 21
7 22
7 23
7 24
7 25
7 26
7 27
7 29
7 30
7 31
7 35
7 36
7 38
7 39
7 42
7 43
7 44
7 46
7 47
7 50
7 51
7 53
7 54
7 55
7 59
7 60
7 61
7 62
7 65
7 68
7 69
7 70
7 73
7 74
7 75
7 76
7 77
7 78
7 80
7 83
7 87
7 94
7 96
7 97
7 98
7 99
7 104
7 107
7 109
7 118
7 131
7 133
7 134
7 135
7 138
7 139
7 143
7 147
7 152
7 157
7 160
8 9
8 10
8 11
8 12
8 13
8 14
8 15
8 16
8 17
8 20
8 21
8 22
8 28
8 31
8 32
8 34
8 35
8 37
8 38
8 39
8 40
8 41
8 42
8 45
8 46
8 50
8 52
8 54
8 57
8 58
8 60
8 61
8 63
8 68
8 76
8 80
8 83
8 86
8 87
8 96
8 99
8 108
8 112
8 114
8 118
8 119
8 120
8 122
8 124
8 125
8 127
8 129
8 132
8 161
9 10
9 11
9 12
9 16
9 18
9 20
9 24
9 25
9 37
9 44
9 47
9 53
9 58
9 66
9 72
9 74
9 87
9 93
9 135
9 148
9 149
10 11
10 13
10 15
10 17
10 18
10 20
10 23
10 24
10 27
10 28
10 29
10 32
10 34
10 39
10 44
10 45
10 46
10 50
10 55
10 60
10 62
10 69
10 71
10 80
10 83
10 84
10 90
10 92
10 95
10 123
10 127
10 138
10 163
11 12
11 13
11 23
11 25
11 27
11 29
11 47
11 50
11 55
11 60
11 62
11 90
11 92
11 94
11 101
11 104
11 105
11 110
11 116
11 119
11 122
11 127
11 138
11 153
11 158
11 159
11 164
12 13
12 16
12 19
12 23
12 24
12 25
12 29
12 30
12 33
12 37
12 42
12 49
12 69
12 73
12 87
12 101
12 117
12 118
12 124
12 143
12 152
13 14
13 17
13 18
13 20
13 24
13 39
13 44
13 78
13 80
13 86
13 96
13 105
13 108
13 115
13 120
13 125
13 163
14 15
14 20
14 27
14 47
14 54
14 74
14 91
14 97
14 110
14 111
14 131
14 154
15 30
15 41
15 45
15 58
15 67
15 81
15 86
15 106
15 107
15 108
15 128
15 159
16 19
16 41
16 47
16 57
16 67
16 74
16 81
16 91
16 105
16 132
17 18
17 19
17 21
17 22
17 26
17 31
17 33
17 34
17 36
17 37
17 40
17 43
17 49
17 53
17 57
17 65
17 67
17 81
17 94
17 115
17 133
17 163
18 23
18 30
18 34
18 39
18 44
18 59
18 62
18 67
18 81
18 87
18 95
18 167
19 21
19 22
19 31
19 48
19 70
19 107
19 147
19 154
19 157
20 21
20 26
20 28
20 35
20 36
20 41
20 58
20 63
20 64
20 87
20 117
21 26
21 36
21 52
21 53
21 56
21 72
21 86
21 88
21 130
22 26
22 27
22 31
22 32
22 33
22 88
22 133
23 28
23 29
23 55
23 64
23 92
23 113
23 114
23 157
23 159
24 25
24 27
24 29
24 55
24 66
24 101
24 126
24 151
24 157
25 39
25 59
25 79
25 118
25 121
25 122
25 167
26 30
26 37
26 49
26 64
26 65
26 73
26 99
26 142
26 147
26 165
27 30
27 33
27 35
27 41
27 45
27 54
27 62
27 68
27 82
27 105
27 117
27 129
27 137
27 154
28 91
28 132
29 42
29 55
29 69
29 77
29 101
29 153
29 158
30 53
30 59
31 32
31 33
31 48
31 57
31 103
32 33
32 34
32 38
32 40
32 48
32 61
32 88
32 92
32 96
32 103
32 111
32 112
32 117
32 136
32 142
32 143
33 36
33 38
33 40
33 42
33 43
33 51
33 61
33 63
33 69
33 71
33 73
33 75
33 88
33 103
33 117
33 129
33 130
33 137
33 142
33 155
33 164
33 165
33 168
34 35
34 40
34 44
34 48
34 52
34 58
34 60
34 70
34 93
34 95
34 100
34 103
34 129
34 147
34 150
35 36
35 41
35 47
35 56
35 68
35 74
35 89
35 101
35 108
35 126
35 134
35 151
36 38
36 42
36 43
36 53
36 56
36 58
36 61
36 65
36 68
36 79
36 115
36 123
36 134
36 159
37 45
37 49
37 63
37 115
38 43
38 45
38 51
38 53
38 59
38 61
38 63
38 66
38 72
38 73
38 76
38 94
38 95
38 103
38 106
38 107
38 109
38 122
38 128
38 132
38 137
38 140
38 143
38 144
38 149
38 160
38 164
39 50
39 51
39 56
39 59
39 62
39 70
39 79
39 80
39 85
39 89
39 123
39 131
39 145
39 160
39 162
39 163
40 57
40 93
40 96
40 97
40 98
40 112
40 114
40 124
40 129
40 150
40 168
41 46
41 67
41 68
41 81
41 108
41 150
42 43
42 56
42 80
42 123
43 82
43 83
43 86
43 95
43 105
43 144
44 70
44 77
44 84
44 90
45 48
45 49
45 51
45 60
45 61
45 71
45 85
45 115
45 116
45 128
46 52
46 54
46 82
46 97
46 98
47 54
47 64
47 65
47 68
47 69
47 74
47 75
47 83
47 89
47 101
47 102
47 104
47 110
47 113
47 131
47 141
47 168
48 78
48 107
48 111
48 136
48 142
48 154
49 50
49 124
50 63
50 90
50 110
50 135
50 145
51 52
51 66
51 75
51 76
51 93
51 135
51 137
51 149
51 160
51 162
52 56
52 82
52 166
53 76
53 157
54 64
54 119
54 161
55 92
55 155
55 157
55 158
56 65
56 79
56 121
56 123
56 134
56 162
58 70
58 89
58 100
59 75
59 76
59 85
59 116
60 72
60 78
60 84
60 85
60 90
60 100
60 150
61 103
61 136
61 144
62 110
63 91
63 95
63 130
63 135
63 144
64 65
64 69
64 74
64 84
64 91
64 102
64 113
64 126
64 127
64 142
64 151
64 160
64 165
65 73
65 83
65 123
65 132
65 142
65 151
65 165
66 67
66 71
66 72
66 78
66 81
66 106
66 109
66 121
66 140
66 148
66 149
66 167
67 81
67 82
67 94
67 104
67 106
67 127
67 133
67 134
67 138
67 140
67 141
67 146
67 148
68 83
68 89
68 128
68 150
68 169
69 75
69 77
69 79
69 80
69 94
69 102
69 110
69 118
69 162
70 71
70 77
70 79
70 84
70 87
70 88
70 89
70 139
70 150
71 106
71 128
72 76
72 84
72 109
72 122
72 128
72 144
73 117
73 118
73 122
73 147
73 151
74 93
74 113
74 131
75 77
75 78
75 119
76 108
77 85
78 108
78 115
78 116
79 89
79 121
79 145
79 160
80 163
81 95
81 106
81 140
81 146
81 148
82 90
82 146
83 86
83 92
83 133
83 155
84 85
84 93
84 102
84 113
84 128
84 139
85 162
86 104
86 166
87 99
87 157
88 102
88 103
88 116
88 126
88 136
88 139
89 121
89 139
90 105
90 164
91 113
91 127
92 136
92 138
92 155
94 99
94 106
94 109
94 133
94 146
94 160
95 100
96 97
96 98
96 104
96 111
96 112
96 114
96 120
96 125
96 136
96 141
96 156
96 166
96 169
97 98
97 100
97 111
97 112
97 119
97 120
97 141
97 156
97 168
98 100
98 112
98 125
98 141
98 145
98 153
98 156
98 158
98 168
98 169
99 164
100 111
100 141
101 151
102 167
103 109
103 142
104 133
104 141
104 156
104 169
106 138
107 121
107 144
107 152
107 154
108 163
109 148
109 149
110 130
110 155
110 161
111 114
111 125
111 169
112 120
112 124
112 131
112 166
113 126
113 147
113 165
113 167
114 120
114 126
114 169
115 132
115 134
115 140
115 143
116 159
117 129
117 136
117 155
117 167
120 125
120 156
121 130
121 148
125 156
127 146
127 165
128 137
131 162
132 139
132 144
132 155
132 161
134 140
134 146
134 152
135 145
137 153
137 154
137 158
137 161
138 153
138 164
140 146
140 148
140 149
140 152
142 147
142 165
143 166
150 166
153 158
155 161
156 169
