0 35
0 36
0 37
0 38
0 39
0 40
0 41
0 42
0 43
0 44
0 45
0 46
0 47
0 48
0 49
0 50
0 52
0 54
0 55
0 56
0 60
0 61
0 62
0 64
0 65
0 67
0 70
0 71
0 72
0 75
0 76
0 77
0 81
0 82
0 86
0 87
0 88
0 90
0 91
0 94
0 95
0 96
0 97
0 100
0 102
0 104
0 105
0 108
0 109
0 110
0 115
0 116
0 120
0 126
0 127
0 134
0 139
0 142
0 145
0 146
0 148
0 152
0 154
0 157
0 160
0 161
0 165
0 169
0 172
0 175
0 179
0 186
0 194
0 195
0 202
0 206
0 212
0 219
0 221
0 222
0 230
0 234
0 235
0 236
0 237
0 249
0 254
0 256
0 260
0 265
0 267
0 268
0 273
0 275
0 276
0 283
0 286
0 290
0 295
0 296
0 297
0 298
0 299
0 304
0 313
0 326
0 328
0 332
0 333
0 338
0 347
1 35
1 36
1 37
1 38
1 39
1 40
1 41
1 42
1 43
1 44
1 45
1 46
1 47
1 48
1 50
1 51
1 52
1 54
1 55
1 57
1 58
1 59
1 60
1 61
1 64
1 65
1 66
1 68
1 72
1 73
1 77
1 79
1 84
1 85
1 86
1 87
1 88
1 89
1 90
1 94
1 95
1 97
1 99
1 101
1 102
1 107
1 110
1 114
1 115
1 119
1 122
1 123
1 125
1 127
1 129
1 131
1 133
1 134
1 135
1 136
1 137
1 141
1 143
1 146
1 147
1 148
1 149
1 150
1 156
1 157
1 158
1 160
1 161
1 165
1 166
1 168
1 175
1 182
1 183
1 184
1 185
1 187
1 191
1 194
1 201
1 209
1 211
1 212
1 215
1 217
1 218
1 220
1 223
1 225
1 226
1 231
1 237
1 241
1 242
1 243
1 246
1 248
1 250
1 253
1 270
1 277
1 286
1 294
1 295
1 297
1 299
1 302
1 304
1 308
1 309
1 320
1 321
1 324
1 325
1 328
1 332
1 334
1 341
1 342
2 35
2 36
2 37
2 38
2 39
2 40
2 41
2 42
2 43
2 44
2 46
2 47
2 48
2 49
2 51
2 53
2 55
2 56
2 59
2 60
2 61
2 63
2 66
2 67
2 68
2 72
2 74
2 75
2 78
2 79
2 81
2 82
2 83
2 87
2 98
2 99
2 103
2 105
2 107
2 109
2 110
2 111
2 112
2 120
2 121
2 123
2 129
2 133
2 137
2 142
2 143
2 144
2 146
2 151
2 152
2 153
2 154
2 157
2 159
2 162
2 163
2 164
2 166
2 169
2 172
2 174
2 178
2 180
2 183
2 184
2 189
2 192
2 195
2 199
2 202
2 204
2 221
2 222
2 223
2 226
2 227
2 229
2 234
2 239
2 242
2 248
2 255
2 256
2 259
2 262
2 269
2 270
2 277
2 278
2 279
2 280
2 288
2 297
2 312
2 315
2 320
2 324
2 326
2 328
2 339
2 342
2 344
3 35
3 36
3 37
3 38
3 39
3 40
3 41
3 42
3 44
3 47
3 49
3 50
3 52
3 53
3 56
3 57
3 58
3 59
3 61
3 63
3 68
3 70
3 75
3 76
3 81
3 88
3 89
3 94
3 101
3 106
3 109
3 113
3 128
3 129
3 141
3 145
3 151
3 152
3 156
3 166
3 170
3 171
3 179
3 182
3 190
3 191
3 198
3 200
3 204
3 207
3 213
3 221
3 227
3 235
3 245
3 247
3 248
3 257
3 258
3 270
3 293
3 295
3 320
3 333
3 344
4 35
4 36
4 37
4 38
4 39
4 40
4 41
4 42
4 43
4 44
4 45
4 46
4 47
4 48
4 53
4 54
4 55
4 57
4 63
4 64
4 67
4 69
4 71
4 74
4 75
4 76
4 78
4 79
4 80
4 81
4 82
4 84
4 91
4 92
4 94
4 97
4 98
4 104
4 106
4 107
4 108
4 109
4 110
4 113
4 114
4 115
4 120
4 121
4 123
4 126
4 129
4 134
4 136
4 137
4 140
4 141
4 142
4 143
4 144
4 147
4 153
4 157
4 160
4 162
4 165
4 166
4 173
4 180
4 182
4 185
4 187
4 189
4 193
4 196
4 197
4 199
4 200
4 203
4 205
4 214
4 221
4 224
4 226
4 231
4 233
4 234
4 239
4 241
4 243
4 246
4 247
4 250
4 261
4 263
4 266
4 269
4 277
4 279
4 280
4 282
4 293
4 294
4 296
4 298
4 299
4 303
4 313
4 314
4 320
4 322
4 325
4 327
4 335
4 338
4 345
4 346
4 347
4 349
5 35
5 36
5 37
5 38
5 39
5 40
5 41
5 43
5 44
5 45
5 47
5 48
5 49
5 52
5 53
5 54
5 57
5 58
5 64
5 67
5 68
5 69
5 72
5 74
5 75
5 81
5 82
5 84
5 89
5 90
5 93
5 103
5 105
5 111
5 113
5 120
5 127
5 134
5 140
5 143
5 147
5 152
5 155
5 169
5 176
5 179
5 187
5 202
5 212
5 220
5 225
5 241
5 244
5 250
5 260
5 266
5 272
5 273
5 286
5 293
5 297
5 302
5 309
5 315
5 317
5 338
6 35
6 36
6 37
6 38
6 39
6 41
6 43
6 44
6 46
6 49
6 50
6 51
6 52
6 53
6 54
6 56
6 58
6 59
6 62
6 63
6 65
6 66
6 67
6 69
6 72
6 80
6 81
6 82
6 83
6 85
6 86
6 87
6 90
6 91
6 93
6 100
6 103
6 104
6 107
6 110
6 114
6 115
6 119
6 124
6 130
6 131
6 132
6 139
6 144
6 147
6 151
6 153
6 164
6 167
6 174
6 178
6 183
6 186
6 194
6 196
6 204
6 205
6 207
6 208
6 210
6 211
6 216
6 217
6 222
6 226
6 230
6 237
6 253
6 264
6 266
6 269
6 286
6 287
6 297
6 298
6 301
6 311
6 325
6 328
6 336
6 341
6 345
6 346
7 35
7 36
7 37
7 38
7 39
7 40
7 41
7 43
7 44
7 45
7 46
7 47
7 50
7 51
7 53
7 54
7 55
7 57
7 61
7 63
7 69
7 70
7 71
7 72
7 74
7 82
7 84
7 87
7 89
7 93
7 95
7 97
7 104
7 105
7 111
7 112
7 113
7 115
7 116
7 117
7 120
7 121
7 122
7 126
7 131
7 137
7 139
7 144
7 155
7 157
7 161
7 162
7 163
7 165
7 168
7 175
7 178
7 182
7 184
7 186
7 187
7 192
7 198
7 214
7 217
7 227
7 236
7 237
7 241
7 244
7 246
7 254
7 257
7 266
7 267
7 274
7 275
7 283
7 287
7 295
7 300
7 303
7 308
7 310
7 314
7 316
7 319
7 320
7 323
7 325
7 327
7 328
7 334
7 343
7 346
7 349
8 35
8 36
8 37
8 39
8 40
8 41
8 42
8 43
8 44
8 45
8 46
8 48
8 49
8 50
8 52
8 53
8 55
8 56
8 57
8 58
8 59
8 60
8 62
8 63
8 66
8 69
8 70
8 72
8 75
8 77
8 81
8 85
8 89
8 94
8 96
8 99
8 100
8 102
8 103
8 104
8 105
8 111
8 114
8 115
8 120
8 124
8 130
8 132
8 139
8 145
8 148
8 151
8 158
8 164
8 166
8 167
8 171
8 183
8 185
8 186
8 199
8 207
8 210
8 212
8 214
8 216
8 218
8 221
8 225
8 229
8 237
8 240
8 245
8 246
8 248
8 251
8 252
8 290
8 297
8 302
8 308
8 310
8 312
8 335
8 337
9 35
9 36
9 37
9 39
9 40
9 41
9 42
9 44
9 45
9 47
9 49
9 50
9 51
9 52
9 54
9 58
9 61
9 62
9 63
9 64
9 67
9 69
9 70
9 71
9 73
9 78
9 80
9 83
9 87
9 92
9 95
9 96
9 100
9 108
9 109
9 110
9 114
9 117
9 122
9 124
9 132
9 144
9 147
9 152
9 155
9 156
9 161
9 162
9 166
9 170
9 173
9 179
9 191
9 192
9 203
9 213
9 216
9 218
9 221
9 224
9 229
9 230
9 231
9 236
9 243
9 244
9 247
9 255
9 261
9 273
9 274
9 278
9 280
9 295
9 308
9 313
9 325
9 328
9 329
9 331
9 332
9 340
9 343
9 349
10 35
10 36
10 37
10 38
10 39
10 40
10 41
10 42
10 43
10 44
10 45
10 46
10 47
10 48
10 49
10 50
10 52
10 53
10 55
10 57
10 60
10 62
10 64
10 68
10 69
10 70
10 72
10 73
10 74
10 75
10 76
10 77
10 78
10 80
10 82
10 84
10 86
10 88
10 89
10 91
10 92
10 93
10 97
10 99
10 100
10 101
10 103
10 105
10 106
10 107
10 108
10 109
10 115
10 116
10 119
10 121
10 122
10 125
10 126
10 127
10 130
10 131
10 133
10 134
10 135
10 138
10 140
10 141
10 142
10 144
10 146
10 150
10 153
10 154
10 157
10 158
10 162
10 168
10 172
10 177
10 183
10 187
10 192
10 193
10 195
10 197
10 198
10 202
10 203
10 212
10 214
10 215
10 216
10 226
10 241
10 246
10 252
10 254
10 262
10 264
10 266
10 267
10 277
10 280
10 281
10 282
10 290
10 295
10 299
10 300
10 301
10 303
10 305
10 309
10 313
10 325
10 326
10 328
10 339
11 35
11 36
11 37
11 38
11 39
11 40
11 41
11 42
11 43
11 45
11 46
11 47
11 48
11 49
11 51
11 53
11 54
11 55
11 56
11 57
11 59
11 60
11 62
11 65
11 68
11 69
11 70
11 75
11 76
11 77
11 79
11 80
11 81
11 82
11 84
11 85
11 86
11 89
11 90
11 91
11 94
11 95
11 96
11 97
11 98
11 101
11 102
11 110
11 111
11 113
11 119
11 120
11 122
11 127
11 130
11 133
11 134
11 135
11 136
11 139
11 141
11 143
11 146
11 148
11 149
11 154
11 157
11 160
11 163
11 165
11 167
11 170
11 179
11 180
11 185
11 186
11 188
11 194
11 197
11 199
11 200
11 210
11 214
11 217
11 219
11 223
11 227
11 231
11 233
11 235
11 240
11 242
11 243
11 244
11 251
11 253
11 257
11 261
11 263
11 267
11 268
11 270
11 273
11 274
11 275
11 276
11 279
11 283
11 286
11 287
11 314
11 315
11 316
11 318
11 325
11 336
11 341
11 343
11 345
11 346
12 35
12 36
12 37
12 38
12 39
12 40
12 41
12 42
12 44
12 45
12 46
12 48
12 51
12 52
12 53
12 59
12 60
12 63
12 68
12 69
12 75
12 81
12 82
12 85
12 87
12 89
12 95
12 100
12 102
12 104
12 106
12 108
12 110
12 112
12 113
12 114
12 119
12 120
12 128
12 137
12 138
12 142
12 148
12 150
12 152
12 153
12 154
12 155
12 159
12 160
12 162
12 168
12 170
12 175
12 177
12 178
12 182
12 184
12 195
12 199
12 201
12 203
12 216
12 220
12 222
12 226
12 228
12 241
12 247
12 248
12 251
12 252
12 259
12 266
12 277
12 278
12 280
12 284
12 302
12 304
12 307
12 312
12 322
12 334
12 338
12 339
12 345
13 35
13 36
13 37
13 38
13 39
13 42
13 44
13 45
13 50
13 54
13 57
13 60
13 62
13 65
13 66
13 67
13 70
13 71
13 76
13 79
13 80
13 88
13 91
13 94
13 96
13 100
13 103
13 104
13 109
13 113
13 118
13 119
13 126
13 127
13 130
13 134
13 135
13 140
13 142
13 145
13 149
13 152
13 157
13 158
13 159
13 169
13 174
13 194
13 201
13 206
13 209
13 215
13 227
13 230
13 233
13 235
13 236
13 238
13 249
13 255
13 257
13 264
13 268
13 269
13 274
13 278
13 286
13 290
13 315
13 316
13 317
13 319
13 327
13 345
14 35
14 36
14 37
14 38
14 40
14 41
14 42
14 45
14 46
14 48
14 50
14 52
14 53
14 55
14 57
14 59
14 68
14 69
14 71
14 72
14 73
14 76
14 82
14 83
14 84
14 87
14 89
14 92
14 93
14 97
14 98
14 109
14 111
14 116
14 119
14 122
14 123
14 128
14 142
14 151
14 152
14 153
14 171
14 184
14 189
14 190
14 199
14 200
14 201
14 209
14 216
14 220
14 232
14 235
14 237
14 244
14 245
14 250
14 251
14 253
14 272
14 282
14 288
14 298
14 309
14 319
14 322
14 332
14 338
14 344
15 35
15 36
15 37
15 38
15 39
15 40
15 41
15 43
15 44
15 47
15 48
15 49
15 50
15 51
15 52
15 53
15 55
15 59
15 60
15 63
15 64
15 65
15 66
15 69
15 71
15 73
15 74
15 78
15 79
15 80
15 82
15 85
15 87
15 89
15 96
15 100
15 105
15 108
15 130
15 136
15 143
15 146
15 149
15 156
15 158
15 159
15 161
15 163
15 167
15 170
15 180
15 181
15 183
15 189
15 194
15 201
15 204
15 206
15 213
15 219
15 221
15 223
15 226
15 228
15 234
15 240
15 257
15 267
15 268
15 269
15 278
15 285
15 288
15 290
15 299
15 302
15 304
15 306
15 317
15 318
15 330
15 340
15 341
15 345
15 348
16 35
16 36
16 38
16 39
16 40
16 41
16 42
16 43
16 44
16 45
16 46
16 48
16 50
16 56
16 60
16 61
16 64
16 66
16 67
16 68
16 69
16 71
16 74
16 78
16 81
16 82
16 86
16 87
16 90
16 92
16 97
16 99
16 106
16 109
16 113
16 115
16 116
16 117
16 118
16 125
16 128
16 129
16 131
16 137
16 142
16 145
16 148
16 156
16 162
16 164
16 170
16 174
16 176
16 182
16 189
16 192
16 197
16 201
16 202
16 203
16 204
16 211
16 214
16 216
16 219
16 227
16 230
16 238
16 242
16 245
16 248
16 252
16 256
16 262
16 263
16 278
16 279
16 292
16 296
16 302
16 305
16 309
16 310
16 330
16 346
17 35
17 36
17 37
17 38
17 39
17 40
17 41
17 43
17 44
17 45
17 48
17 49
17 50
17 51
17 52
17 53
17 55
17 58
17 59
17 60
17 61
17 64
17 65
17 66
17 68
17 69
17 70
17 71
17 74
17 77
17 78
17 79
17 80
17 87
17 92
17 93
17 105
17 111
17 115
17 118
17 122
17 123
17 127
17 136
17 137
17 142
17 144
17 147
17 150
17 158
17 166
17 172
17 174
17 179
17 183
17 193
17 195
17 197
17 200
17 211
17 220
17 221
17 224
17 225
17 226
17 244
17 250
17 269
17 270
17 273
17 275
17 276
17 287
17 299
17 305
17 320
17 323
17 328
18 35
18 36
18 37
18 38
18 39
18 40
18 41
18 42
18 43
18 44
18 45
18 48
18 50
18 51
18 54
18 56
18 60
18 61
18 64
18 65
18 68
18 69
18 70
18 81
18 86
18 88
18 98
18 102
18 104
18 105
18 107
18 109
18 110
18 112
18 116
18 122
18 126
18 128
18 138
18 139
18 148
18 152
18 154
18 160
18 162
18 167
18 172
18 173
18 180
18 187
18 188
18 191
18 196
18 206
18 210
18 212
18 215
18 217
18 226
18 240
18 250
18 256
18 279
18 282
18 289
18 300
18 303
18 305
18 318
18 319
18 324
18 327
18 330
18 341
18 346
19 35
19 36
19 37
19 38
19 39
19 41
19 42
19 43
19 44
19 45
19 46
19 47
19 49
19 50
19 53
19 54
19 56
19 58
19 60
19 61
19 63
19 64
19 67
19 71
19 77
19 78
19 82
19 83
19 87
19 91
19 94
19 96
19 97
19 99
19 103
19 115
19 119
19 126
19 129
19 136
19 140
19 141
19 144
19 146
19 153
19 156
19 161
19 165
19 167
19 170
19 173
19 178
19 183
19 184
19 187
19 220
19 224
19 226
19 228
19 230
19 248
19 252
19 255
19 258
19 271
19 284
19 290
19 293
19 304
19 307
19 309
19 314
19 319
19 320
19 337
19 339
20 35
20 36
20 37
20 38
20 40
20 41
20 42
20 45
20 46
20 47
20 48
20 49
20 50
20 53
20 57
20 59
20 61
20 63
20 65
20 66
20 67
20 68
20 72
20 73
20 78
20 79
20 80
20 86
20 88
20 92
20 93
20 95
20 97
20 98
20 106
20 108
20 115
20 120
20 122
20 125
20 128
20 133
20 135
20 141
20 143
20 147
20 151
20 171
20 179
20 182
20 186
20 189
20 192
20 199
20 206
20 211
20 212
20 216
20 217
20 220
20 222
20 233
20 235
20 243
20 255
20 267
20 274
20 275
20 276
20 278
20 286
20 287
20 288
20 295
20 307
20 308
20 311
20 312
20 317
20 326
20 332
20 339
20 342
21 35
21 36
21 37
21 38
21 39
21 42
21 43
21 44
21 45
21 46
21 47
21 48
21 49
21 53
21 55
21 56
21 57
21 58
21 59
21 60
21 62
21 63
21 64
21 66
21 67
21 68
21 74
21 76
21 77
21 79
21 82
21 85
21 86
21 92
21 96
21 100
21 104
21 110
21 111
21 112
21 115
21 116
21 117
21 118
21 119
21 127
21 129
21 130
21 140
21 150
21 154
21 155
21 157
21 159
21 162
21 163
21 175
21 176
21 179
21 188
21 190
21 196
21 205
21 207
21 215
21 216
21 218
21 219
21 222
21 225
21 231
21 232
21 235
21 238
21 239
21 248
21 251
21 261
21 265
21 274
21 280
21 286
21 287
21 290
21 298
21 306
21 311
21 315
21 329
21 332
21 337
21 343
21 348
22 35
22 36
22 37
22 38
22 39
22 40
22 41
22 42
22 43
22 44
22 47
22 48
22 49
22 50
22 52
22 54
22 55
22 57
22 58
22 59
22 61
22 62
22 63
22 64
22 65
22 68
22 70
22 74
22 76
22 77
22 78
22 79
22 80
22 85
22 86
22 87
22 88
22 89
22 92
22 95
22 96
22 99
22 100
22 101
22 102
22 103
22 107
22 111
22 118
22 121
22 122
22 124
22 126
22 128
22 132
22 134
22 139
22 141
22 143
22 144
22 151
22 152
22 157
22 162
22 168
22 169
22 171
22 178
22 184
22 186
22 189
22 193
22 197
22 200
22 201
22 203
22 206
22 208
22 213
22 226
22 229
22 232
22 233
22 239
22 242
22 249
22 252
22 255
22 260
22 262
22 263
22 277
22 278
22 282
22 284
22 285
22 289
22 293
22 294
22 299
22 302
22 305
22 312
22 317
22 322
22 327
22 332
22 334
22 339
22 340
23 35
23 36
23 37
23 38
23 39
23 40
23 41
23 42
23 43
23 44
23 45
23 46
23 47
23 48
23 50
23 51
23 52
23 54
23 55
23 57
23 59
23 62
23 67
23 68
23 69
23 79
23 83
23 84
23 86
23 88
23 89
23 96
23 98
23 99
23 100
23 102
23 103
23 105
23 108
23 109
23 110
23 119
23 121
23 128
23 129
23 131
23 145
23 153
23 155
23 156
23 160
23 164
23 170
23 173
23 175
23 182
23 186
23 194
23 198
23 203
23 208
23 211
23 212
23 224
23 228
23 229
23 232
23 240
23 241
23 243
23 245
23 250
23 255
23 262
23 263
23 267
23 268
23 270
23 276
23 280
23 287
23 297
23 304
23 305
23 311
23 316
23 321
23 324
23 327
23 339
23 342
23 343
23 344
23 345
24 35
24 36
24 37
24 38
24 40
24 41
24 42
24 43
24 44
24 46
24 48
24 49
24 51
24 52
24 53
24 58
24 59
24 60
24 61
24 62
24 65
24 66
24 70
24 72
24 73
24 74
24 75
24 77
24 87
24 88
24 90
24 91
24 98
24 100
24 103
24 108
24 109
24 111
24 115
24 116
24 118
24 120
24 123
24 126
24 132
24 135
24 144
24 145
24 156
24 175
24 185
24 189
24 190
24 192
24 195
24 201
24 202
24 211
24 214
24 221
24 227
24 230
24 231
24 235
24 242
24 248
24 252
24 253
24 254
24 259
24 260
24 272
24 275
24 279
24 281
24 282
24 284
24 288
24 292
24 294
24 300
24 303
24 306
24 312
24 314
24 315
24 321
24 330
24 338
25 35
25 36
25 37
25 39
25 40
25 41
25 42
25 46
25 47
25 48
25 49
25 50
25 52
25 54
25 55
25 58
25 59
25 65
25 66
25 67
25 68
25 71
25 74
25 76
25 77
25 79
25 81
25 84
25 88
25 91
25 95
25 98
25 101
25 102
25 104
25 106
25 108
25 110
25 111
25 112
25 113
25 119
25 121
25 122
25 129
25 130
25 131
25 133
25 139
25 144
25 146
25 147
25 150
25 151
25 154
25 160
25 169
25 170
25 171
25 177
25 178
25 180
25 182
25 198
25 202
25 203
25 204
25 211
25 219
25 224
25 225
25 229
25 233
25 242
25 247
25 258
25 260
25 263
25 266
25 268
25 278
25 282
25 289
25 302
25 312
25 313
25 321
25 322
25 323
25 328
25 330
25 335
26 35
26 36
26 37
26 38
26 39
26 40
26 41
26 43
26 44
26 45
26 46
26 47
26 48
26 51
26 54
26 56
26 57
26 60
26 61
26 62
26 63
26 64
26 65
26 70
26 71
26 77
26 83
26 87
26 88
26 90
26 91
26 92
26 98
26 104
26 107
26 109
26 115
26 121
26 123
26 125
26 132
26 134
26 140
26 141
26 152
26 153
26 160
26 163
26 175
26 190
26 191
26 196
26 203
26 204
26 213
26 215
26 217
26 224
26 230
26 238
26 242
26 246
26 247
26 281
26 285
26 292
26 293
26 294
26 303
26 307
26 311
26 312
26 321
26 323
26 329
26 331
26 334
26 339
26 348
26 349
27 35
27 36
27 37
27 38
27 39
27 40
27 42
27 43
27 45
27 46
27 51
27 55
27 57
27 58
27 59
27 60
27 61
27 63
27 64
27 65
27 66
27 67
27 68
27 69
27 70
27 71
27 72
27 73
27 74
27 75
27 77
27 79
27 84
27 85
27 87
27 88
27 91
27 99
27 111
27 113
27 115
27 118
27 125
27 128
27 129
27 133
27 134
27 137
27 138
27 141
27 143
27 150
27 157
27 168
27 170
27 171
27 174
27 184
27 185
27 189
27 194
27 199
27 200
27 205
27 209
27 223
27 225
27 234
27 235
27 236
27 242
27 243
27 249
27 253
27 255
27 256
27 259
27 260
27 261
27 265
27 273
27 276
27 279
27 280
27 282
27 283
27 284
27 285
27 287
27 292
27 303
27 309
27 313
27 317
27 318
27 331
27 334
27 336
27 347
28 35
28 37
28 38
28 39
28 41
28 42
28 43
28 44
28 45
28 46
28 47
28 48
28 49
28 50
28 56
28 57
28 58
28 59
28 61
28 62
28 63
28 66
28 68
28 70
28 73
28 75
28 76
28 83
28 89
28 91
28 92
28 102
28 103
28 105
28 111
28 112
28 121
28 122
28 123
28 124
28 129
28 130
28 134
28 142
28 144
28 145
28 147
28 162
28 163
28 173
28 177
28 185
28 187
28 194
28 201
28 211
28 219
28 228
28 233
28 234
28 236
28 239
28 245
28 257
28 265
28 273
28 275
28 277
28 287
28 300
28 301
28 302
28 306
28 311
28 316
28 317
28 320
28 321
28 333
28 334
28 338
28 343
28 344
29 35
29 36
29 38
29 39
29 40
29 42
29 43
29 45
29 47
29 48
29 49
29 50
29 51
29 52
29 53
29 56
29 63
29 64
29 65
29 68
29 72
29 73
29 76
29 79
29 81
29 83
29 84
29 88
29 92
29 94
29 95
29 96
29 98
29 101
29 102
29 104
29 105
29 108
29 109
29 111
29 114
29 116
29 123
29 125
29 131
29 140
29 145
29 147
29 151
29 152
29 158
29 160
29 167
29 171
29 182
29 185
29 195
29 197
29 207
29 212
29 222
29 224
29 230
29 235
29 236
29 245
29 247
29 263
29 271
29 276
29 285
29 286
29 290
29 292
29 295
29 303
29 311
29 325
29 334
29 339
29 340
30 35
30 36
30 37
30 38
30 39
30 40
30 42
30 46
30 51
30 56
30 57
30 58
30 59
30 60
30 61
30 62
30 65
30 66
30 77
30 78
30 88
30 93
30 96
30 97
30 100
30 101
30 103
30 104
30 106
30 111
30 113
30 117
30 123
30 124
30 134
30 136
30 143
30 150
30 155
30 166
30 172
30 187
30 188
30 207
30 212
30 213
30 218
30 235
30 239
30 249
30 255
30 265
30 280
30 289
30 291
30 296
30 324
30 330
30 331
30 334
30 343
30 344
31 35
31 36
31 37
31 38
31 40
31 43
31 46
31 47
31 49
31 51
31 52
31 56
31 59
31 63
31 64
31 67
31 68
31 72
31 73
31 75
31 76
31 78
31 84
31 88
31 90
31 94
31 99
31 104
31 106
31 109
31 113
31 120
31 121
31 123
31 124
31 133
31 136
31 138
31 142
31 146
31 147
31 152
31 157
31 158
31 159
31 174
31 186
31 189
31 201
31 222
31 226
31 236
31 245
31 247
31 251
31 253
31 255
31 260
31 261
31 262
31 264
31 273
31 275
31 277
31 281
31 287
31 294
31 295
31 296
31 306
31 317
31 322
31 331
32 35
32 36
32 37
32 38
32 39
32 40
32 41
32 42
32 43
32 44
32 45
32 47
32 48
32 49
32 50
32 51
32 53
32 54
32 55
32 56
32 57
32 58
32 59
32 61
32 64
32 68
32 71
32 77
32 82
32 83
32 85
32 86
32 91
32 93
32 97
32 102
32 103
32 108
32 113
32 114
32 118
32 119
32 121
32 123
32 130
32 132
32 134
32 136
32 139
32 145
32 146
32 158
32 160
32 165
32 168
32 174
32 176
32 178
32 181
32 183
32 195
32 196
32 197
32 199
32 204
32 207
32 209
32 215
32 216
32 221
32 222
32 225
32 228
32 229
32 230
32 231
32 234
32 239
32 251
32 261
32 265
32 269
32 275
32 286
32 291
32 292
32 293
32 296
32 299
32 300
32 302
32 310
32 313
32 318
32 321
32 324
32 325
32 328
32 332
32 333
32 334
32 335
32 348
33 35
33 36
33 37
33 38
33 39
33 40
33 41
33 42
33 43
33 44
33 46
33 49
33 50
33 51
33 52
33 53
33 54
33 57
33 58
33 61
33 62
33 63
33 64
33 65
33 73
33 78
33 81
33 82
33 90
33 92
33 94
33 103
33 104
33 105
33 106
33 112
33 113
33 116
33 119
33 125
33 127
33 139
33 140
33 145
33 148
33 149
33 150
33 156
33 158
33 164
33 165
33 176
33 179
33 183
33 190
33 192
33 209
33 210
33 211
33 214
33 224
33 228
33 231
33 236
33 239
33 243
33 245
33 248
33 251
33 256
33 257
33 302
33 304
33 311
33 314
33 327
33 329
33 347
34 35
34 36
34 37
34 38
34 39
34 40
34 41
34 42
34 43
34 44
34 45
34 46
34 47
34 48
34 49
34 51
34 53
34 54
34 55
34 56
34 58
34 59
34 60
34 61
34 63
34 64
34 66
34 71
34 72
34 75
34 81
34 84
34 85
34 97
34 102
34 104
34 105
34 111
34 112
34 123
34 124
34 127
34 128
34 131
34 136
34 137
34 140
34 145
34 147
34 149
34 153
34 154
34 165
34 168
34 169
34 170
34 174
34 184
34 187
34 189
34 191
34 198
34 202
34 203
34 207
34 208
34 216
34 218
34 230
34 233
34 235
34 236
34 238
34 246
34 247
34 254
34 255
34 256
34 260
34 262
34 265
34 270
34 271
34 291
34 295
34 296
34 301
34 302
34 304
34 305
34 310
34 315
34 333
34 340
34 349
35 36
35 37
35 38
35 39
35 40
35 41
35 42
35 43
35 44
35 45
35 46
35 47
35 48
35 49
35 50
35 51
35 52
35 53
35 54
35 55
35 56
35 57
35 58
35 59
35 60
35 61
35 62
35 63
35 65
35 66
35 68
35 69
35 71
35 72
35 73
35 74
35 75
35 76
35 80
35 81
35 83
35 84
35 85
35 86
35 87
35 88
35 89
35 92
35 93
35 94
35 95
35 96
35 97
35 98
35 100
35 101
35 102
35 103
35 105
35 107
35 108
35 110
35 111
35 112
35 113
35 115
35 116
35 118
35 120
35 122
35 123
35 124
35 126
35 127
35 128
35 131
35 132
35 133
35 135
35 137
35 138
35 139
35 140
35 144
35 146
35 147
35 149
35 154
35 155
35 157
35 160
35 161
35 162
35 163
35 164
35 165
35 167
35 169
35 170
35 171
35 173
35 174
35 181
35 186
35 187
35 190
35 192
35 193
35 196
35 197
35 203
35 204
35 207
35 210
35 215
35 219
35 220
35 221
35 222
35 223
35 224
35 225
35 228
35 229
35 230
35 231
35 232
35 234
35 237
35 238
35 242
35 245
35 247
35 248
35 256
35 257
35 259
35 261
35 262
35 263
35 264
35 267
35 268
35 269
35 272
35 274
35 275
35 276
35 277
35 282
35 284
35 286
35 287
35 290
35 294
35 296
35 298
35 301
35 303
35 304
35 305
35 309
35 311
35 312
35 313
35 314
35 318
35 320
35 322
35 324
35 325
35 327
35 328
35 329
35 330
35 331
35 333
35 337
35 338
35 339
35 342
35 346
36 37
36 38
36 39
36 40
36 41
36 42
36 43
36 44
36 45
36 46
36 47
36 48
36 49
36 50
36 51
36 52
36 53
36 54
36 55
36 56
36 57
36 58
36 59
36 61
36 62
36 63
36 64
36 65
36 67
36 68
36 70
36 71
36 72
36 73
36 74
36 75
36 76
36 77
36 78
36 79
36 80
36 81
36 82
36 83
36 85
36 86
36 87
36 88
36 89
36 90
36 91
36 92
36 93
36 94
36 96
36 97
36 98
36 99
36 100
36 101
36 102
36 103
36 106
36 107
36 108
36 109
36 110
36 112
36 113
36 114
36 115
36 116
36 117
36 119
36 120
36 121
36 123
36 124
36 125
36 127
36 128
36 129
36 131
36 132
36 135
36 136
36 139
36 140
36 141
36 142
36 143
36 144
36 146
36 147
36 148
36 149
36 150
36 153
36 154
36 155
36 156
36 160
36 164
36 165
36 167
36 168
36 169
36 170
36 171
36 175
36 177
36 178
36 180
36 181
36 184
36 186
36 188
36 190
36 191
36 193
36 198
36 203
36 204
36 206
36 207
36 208
36 210
36 212
36 213
36 214
36 218
36 219
36 220
36 221
36 223
36 225
36 228
36 229
36 230
36 232
36 233
36 235
36 236
36 237
36 238
36 242
36 245
36 248
36 252
36 253
36 254
36 255
36 256
36 258
36 260
36 266
36 270
36 271
36 272
36 278
36 279
36 280
36 281
36 285
36 286
36 287
36 289
36 296
36 298
36 299
36 301
36 304
36 305
36 306
36 308
36 310
36 312
36 316
36 320
36 323
36 330
36 331
36 337
36 338
36 341
36 344
36 345
36 346
36 347
36 349
37 38
37 40
37 41
37 42
37 43
37 44
37 45
37 46
37 47
37 48
37 49
37 50
37 51
37 52
37 53
37 54
37 55
37 56
37 57
37 58
37 59
37 60
37 62
37 63
37 64
37 65
37 66
37 67
37 69
37 70
37 71
37 73
37 75
37 77
37 80
37 81
37 82
37 83
37 84
37 85
37 86
37 88
37 89
37 90
37 91
37 92
37 93
37 96
37 99
37 100
37 104
37 105
37 106
37 107
37 112
37 113
37 114
37 115
37 116
37 118
37 122
37 125
37 126
37 131
37 132
37 133
37 134
37 135
37 136
37 140
37 141
37 143
37 145
37 146
37 147
37 148
37 149
37 151
37 154
37 155
37 156
37 157
37 160
37 162
37 164
37 168
37 170
37 171
37 172
37 173
37 175
37 176
37 177
37 179
37 180
37 182
37 185
37 188
37 194
37 195
37 197
37 198
37 199
37 200
37 203
37 204
37 207
37 209
37 210
37 212
37 213
37 214
37 215
37 216
37 219
37 221
37 222
37 223
37 224
37 225
37 226
37 232
37 233
37 234
37 237
37 239
37 243
37 246
37 247
37 248
37 249
37 250
37 254
37 255
37 259
37 260
37 261
37 262
37 263
37 264
37 268
37 269
37 272
37 273
37 274
37 276
37 277
37 278
37 279
37 283
37 285
37 286
37 290
37 291
37 292
37 294
37 295
37 297
37 301
37 303
37 308
37 309
37 310
37 311
37 316
37 321
37 323
37 324
37 326
37 330
37 332
37 333
37 336
37 338
37 339
37 343
37 346
37 347
37 349
38 40
38 41
38 42
38 43
38 44
38 45
38 46
38 47
38 48
38 49
38 50
38 51
38 52
38 53
38 54
38 55
38 56
38 57
38 58
38 60
38 61
38 62
38 63
38 64
38 65
38 67
38 68
38 69
38 71
38 72
38 73
38 74
38 77
38 78
38 79
38 80
38 81
38 82
38 83
38 85
38 86
38 88
38 90
38 91
38 92
38 93
38 94
38 95
38 96
38 97
38 98
38 99
38 102
38 104
38 107
38 109
38 110
38 115
38 116
38 117
38 119
38 120
38 121
38 122
38 123
38 125
38 126
38 128
38 129
38 131
38 133
38 138
38 139
38 140
38 141
38 142
38 145
38 146
38 149
38 150
38 154
38 155
38 156
38 158
38 163
38 165
38 171
38 172
38 176
38 177
38 178
38 181
38 186
38 192
38 196
38 198
38 200
38 202
38 203
38 204
38 206
38 211
38 212
38 213
38 215
38 219
38 223
38 224
38 232
38 234
38 235
38 240
38 245
38 247
38 249
38 251
38 254
38 257
38 258
38 263
38 265
38 266
38 267
38 269
38 275
38 277
38 278
38 279
38 280
38 281
38 282
38 283
38 286
38 288
38 290
38 293
38 295
38 298
38 300
38 306
38 312
38 318
38 320
38 324
38 338
38 341
38 342
38 344
38 347
38 349
39 40
39 42
39 43
39 44
39 45
39 46
39 49
39 50
39 51
39 52
39 53
39 54
39 55
39 56
39 57
39 60
39 61
39 62
39 63
39 64
39 65
39 66
39 67
39 69
39 72
39 73
39 74
39 75
39 77
39 78
39 81
39 82
39 83
39 85
39 86
39 87
39 88
39 89
39 90
39 92
39 93
39 95
39 96
39 98
39 99
39 100
39 102
39 103
39 104
39 106
39 107
39 111
39 112
39 113
39 117
39 118
39 119
39 120
39 122
39 124
39 126
39 127
39 128
39 130
39 131
39 133
39 135
39 137
39 140
39 142
39 143
39 144
39 145
39 147
39 150
39 151
39 152
39 153
39 156
39 157
39 158
39 159
39 160
39 161
39 162
39 163
39 165
39 166
39 168
39 169
39 176
39 177
39 180
39 183
39 185
39 194
39 195
39 196
39 198
39 201
39 202
39 203
39 204
39 207
39 211
39 213
39 214
39 220
39 221
39 226
39 227
39 228
39 229
39 231
39 232
39 233
39 234
39 240
39 245
39 246
39 247
39 248
39 249
39 252
39 256
39 260
39 261
39 262
39 266
39 267
39 272
39 277
39 280
39 281
39 282
39 287
39 289
39 298
39 300
39 303
39 308
39 318
39 319
39 322
39 324
39 327
39 334
39 339
39 343
40 41
40 42
40 43
40 44
40 45
40 47
40 48
40 49
40 50
40 51
40 52
40 54
40 55
40 56
40 57
40 58
40 60
40 61
40 62
40 63
40 65
40 66
40 68
40 69
40 70
40 71
40 72
40 73
40 74
40 75
40 76
40 78
40 82
40 83
40 84
40 85
40 86
40 88
40 90
40 94
40 95
40 96
40 99
40 101
40 102
40 103
40 104
40 106
40 107
40 108
40 109
40 110
40 111
40 112
40 117
40 119
40 121
40 122
40 123
40 124
40 125
40 128
40 130
40 132
40 133
40 135
40 136
40 137
40 138
40 139
40 141
40 143
40 145
40 147
40 149
40 150
40 151
40 152
40 154
40 156
40 157
40 158
40 161
40 162
40 163
40 164
40 165
40 166
40 168
40 169
40 172
40 173
40 177
40 179
40 184
40 185
40 189
40 191
40 196
40 197
40 198
40 199
40 200
40 202
40 207
40 210
40 211
40 213
40 216
40 220
40 221
40 223
40 225
40 227
40 230
40 234
40 236
40 237
40 243
40 244
40 246
40 247
40 248
40 252
40 253
40 256
40 259
40 260
40 263
40 264
40 265
40 266
40 267
40 268
40 269
40 270
40 272
40 273
40 275
40 276
40 280
40 282
40 285
40 287
40 291
40 292
40 296
40 298
40 299
40 303
40 304
40 305
40 306
40 307
40 308
40 309
40 316
40 318
40 319
40 320
40 322
40 324
40 334
40 335
40 339
40 341
40 347
40 348
41 42
41 43
41 44
41 45
41 48
41 49
41 50
41 51
41 52
41 54
41 55
41 56
41 57
41 58
41 59
41 60
41 61
41 62
41 63
41 67
41 68
41 69
41 70
41 73
41 74
41 75
41 78
41 80
41 81
41 82
41 84
41 85
41 86
41 87
41 88
41 89
41 91
41 93
41 94
41 97
41 98
41 101
41 106
41 107
41 108
41 112
41 113
41 115
41 116
41 117
41 118
41 120
41 122
41 126
41 128
41 131
41 132
41 133
41 134
41 135
41 136
41 138
41 141
41 142
41 144
41 149
41 152
41 153
41 154
41 155
41 156
41 157
41 158
41 160
41 161
41 164
41 169
41 170
41 173
41 174
41 177
41 178
41 182
41 188
41 195
41 198
41 202
41 203
41 204
41 206
41 209
41 212
41 214
41 217
41 221
41 227
41 233
41 238
41 239
41 241
41 243
41 244
41 246
41 247
41 248
41 249
41 251
41 254
41 255
41 256
41 257
41 259
41 261
41 262
41 263
41 266
41 271
41 273
41 275
41 277
41 279
41 282
41 286
41 288
41 292
41 296
41 298
41 301
41 304
41 313
41 314
41 317
41 318
41 319
41 320
41 333
41 334
41 337
41 338
41 340
41 341
41 343
41 345
41 347
41 348
42 43
42 44
42 45
42 47
42 50
42 51
42 52
42 54
42 56
42 57
42 58
42 60
42 61
42 62
42 65
42 66
42 67
42 68
42 69
42 70
42 72
42 73
42 74
42 75
42 76
42 77
42 80
42 82
42 86
42 87
42 88
42 90
42 92
42 93
42 94
42 96
42 97
42 98
42 99
42 101
42 102
42 104
42 105
42 112
42 114
42 116
42 118
42 120
42 121
42 122
42 123
42 125
42 127
42 128
42 131
42 134
42 135
42 136
42 137
42 139
42 141
42 144
42 145
42 146
42 147
42 148
42 149
42 151
42 155
42 156
42 157
42 158
42 159
42 160
42 161
42 162
42 167
42 168
42 174
42 175
42 176
42 179
42 184
42 185
42 187
42 188
42 190
42 191
42 194
42 195
42 196
42 200
42 202
42 203
42 204
42 205
42 209
42 210
42 212
42 223
42 224
42 229
42 230
42 231
42 232
42 238
42 239
42 240
42 250
42 253
42 256
42 258
42 260
42 264
42 271
42 272
42 274
42 275
42 276
42 278
42 282
42 284
42 285
42 287
42 290
42 292
42 293
42 295
42 297
42 300
42 301
42 307
42 309
42 311
42 312
42 315
42 317
42 319
42 324
42 327
42 331
42 332
42 333
42 335
42 337
42 339
42 344
42 345
43 45
43 47
43 54
43 55
43 56
43 57
43 58
43 60
43 61
43 62
43 64
43 65
43 66
43 67
43 69
43 70
43 71
43 72
43 73
43 74
43 75
43 76
43 77
43 80
43 81
43 83
43 84
43 86
43 87
43 90
43 92
43 93
43 94
43 95
43 96
43 98
43 99
43 101
43 104
43 110
43 111
43 112
43 113
43 114
43 116
43 120
43 121
43 123
43 125
43 128
43 130
43 132
43 136
43 141
43 145
43 146
43 147
43 154
43 155
43 159
43 160
43 163
43 166
43 167
43 174
43 176
43 177
43 180
43 186
43 187
43 188
43 193
43 195
43 196
43 199
43 202
43 207
43 208
43 209
43 210
43 213
43 214
43 218
43 224
43 227
43 228
43 230
43 232
43 240
43 241
43 244
43 245
43 248
43 252
43 256
43 262
43 268
43 270
43 271
43 284
43 285
43 298
43 304
43 308
43 309
43 313
43 314
43 317
43 322
43 329
43 331
43 335
43 345
43 346
44 46
44 47
44 48
44 49
44 51
44 53
44 54
44 55
44 56
44 57
44 58
44 60
44 61
44 62
44 65
44 66
44 67
44 68
44 70
44 72
44 74
44 75
44 76
44 77
44 78
44 79
44 84
44 85
44 88
44 89
44 90
44 91
44 92
44 93
44 94
44 95
44 96
44 101
44 103
44 110
44 111
44 114
44 115
44 116
44 118
44 119
44 120
44 121
44 122
44 124
44 127
44 129
44 130
44 132
44 133
44 134
44 140
44 141
44 143
44 144
44 145
44 146
44 147
44 148
44 149
44 151
44 154
44 155
44 159
44 161
44 162
44 163
44 164
44 165
44 167
44 168
44 171
44 172
44 173
44 179
44 180
44 183
44 184
44 186
44 187
44 192
44 193
44 194
44 199
44 205
44 207
44 221
44 222
44 224
44 230
44 231
44 235
44 236
44 237
44 238
44 239
44 240
44 242
44 249
44 252
44 253
44 254
44 255
44 256
44 257
44 258
44 262
44 266
44 267
44 272
44 273
44 275
44 280
44 282
44 286
44 287
44 294
44 295
44 296
44 303
44 304
44 307
44 309
44 311
44 315
44 321
44 327
44 336
44 337
44 340
44 345
44 346
44 348
45 46
45 47
45 50
45 55
45 56
45 60
45 62
45 63
45 64
45 67
45 68
45 70
45 71
45 72
45 73
45 74
45 76
45 77
45 78
45 79
45 81
45 83
45 84
45 85
45 86
45 88
45 89
45 91
45 92
45 94
45 95
45 96
45 98
45 99
45 100
45 104
45 105
45 106
45 107
45 110
45 111
45 112
45 113
45 115
45 119
45 122
45 124
45 125
45 127
45 129
45 130
45 132
45 135
45 136
45 145
45 148
45 150
45 155
45 156
45 157
45 158
45 159
45 160
45 165
45 166
45 168
45 173
45 174
45 176
45 179
45 182
45 184
45 185
45 187
45 194
45 195
45 200
45 204
45 207
45 209
45 210
45 211
45 212
45 215
45 217
45 223
45 225
45 230
45 232
45 233
45 234
45 236
45 239
45 242
45 246
45 248
45 250
45 257
45 258
45 260
45 263
45 264
45 266
45 271
45 272
45 287
45 289
45 291
45 297
45 298
45 299
45 304
45 307
45 314
45 315
45 319
45 321
45 322
45 330
45 334
45 335
45 338
45 342
45 343
45 346
46 47
46 48
46 49
46 51
46 55
46 56
46 57
46 58
46 59
46 61
46 62
46 64
46 65
46 66
46 67
46 68
46 69
46 71
46 72
46 73
46 74
46 75
46 76
46 77
46 78
46 79
46 80
46 81
46 82
46 85
46 89
46 90
46 91
46 92
46 93
46 95
46 97
46 98
46 99
46 101
46 103
46 105
46 108
46 111
46 112
46 113
46 114
46 115
46 117
46 123
46 128
46 129
46 132
46 133
46 137
46 140
46 142
46 143
46 144
46 146
46 147
46 149
46 150
46 151
46 152
46 153
46 155
46 156
46 161
46 164
46 167
46 170
46 171
46 172
46 185
46 186
46 190
46 193
46 197
46 198
46 202
46 208
46 211
46 212
46 214
46 216
46 217
46 219
46 226
46 227
46 228
46 232
46 233
46 234
46 236
46 243
46 244
46 247
46 251
46 260
46 262
46 263
46 266
46 267
46 268
46 270
46 271
46 274
46 281
46 288
46 289
46 292
46 293
46 294
46 296
46 298
46 303
46 310
46 312
46 314
46 321
46 323
46 329
46 330
46 331
46 337
46 340
46 342
46 346
46 348
47 48
47 49
47 50
47 52
47 53
47 54
47 56
47 57
47 58
47 59
47 61
47 64
47 65
47 66
47 67
47 69
47 70
47 71
47 72
47 73
47 74
47 75
47 76
47 78
47 79
47 80
47 83
47 84
47 85
47 86
47 87
47 88
47 90
47 91
47 93
47 94
47 95
47 98
47 99
47 100
47 101
47 104
47 105
47 106
47 107
47 109
47 113
47 114
47 116
47 117
47 118
47 119
47 122
47 131
47 132
47 134
47 139
47 140
47 145
47 148
47 149
47 150
47 151
47 154
47 155
47 159
47 161
47 162
47 163
47 175
47 177
47 180
47 182
47 183
47 186
47 191
47 193
47 195
47 198
47 200
47 202
47 206
47 208
47 212
47 213
47 217
47 218
47 220
47 227
47 233
47 234
47 238
47 240
47 242
47 246
47 249
47 256
47 258
47 265
47 269
47 273
47 274
47 280
47 281
47 282
47 288
47 293
47 295
47 306
47 307
47 315
47 325
47 327
47 328
47 334
47 335
47 337
47 339
47 342
47 347
47 349
48 52
48 53
48 54
48 55
48 56
48 57
48 62
48 65
48 67
48 71
48 72
48 75
48 78
48 80
48 83
48 84
48 86
48 87
48 89
48 90
48 94
48 96
48 98
48 101
48 102
48 105
48 106
48 109
48 110
48 112
48 116
48 117
48 118
48 120
48 121
48 122
48 123
48 125
48 128
48 129
48 131
48 132
48 133
48 137
48 138
48 139
48 140
48 142
48 143
48 144
48 147
48 150
48 155
48 156
48 157
48 158
48 159
48 160
48 161
48 163
48 167
48 168
48 169
48 170
48 172
48 179
48 180
48 183
48 185
48 188
48 190
48 191
48 193
48 196
48 199
48 200
48 201
48 202
48 206
48 208
48 211
48 212
48 214
48 216
48 217
48 223
48 228
48 229
48 232
48 235
48 237
48 243
48 244
48 246
48 247
48 248
48 250
48 255
48 256
48 257
48 261
48 262
48 263
48 266
48 270
48 272
48 275
48 289
48 292
48 294
48 299
48 306
48 309
48 311
48 316
48 318
48 323
48 329
48 332
48 336
48 341
48 343
48 349
49 51
49 54
49 57
49 59
49 60
49 62
49 66
49 67
49 69
49 72
49 73
49 74
49 75
49 76
49 77
49 78
49 79
49 81
49 82
49 83
49 84
49 85
49 87
49 90
49 92
49 94
49 97
49 98
49 99
49 100
49 105
49 106
49 107
49 108
49 109
49 110
49 111
49 112
49 113
49 114
49 115
49 116
49 117
49 118
49 120
49 121
49 124
49 126
49 127
49 128
49 129
49 130
49 131
49 134
49 135
49 136
49 137
49 138
49 140
49 142
49 145
49 148
49 150
49 156
49 160
49 161
49 162
49 163
49 164
49 165
49 166
49 167
49 170
49 172
49 174
49 177
49 178
49 180
49 181
49 184
49 186
49 187
49 192
49 193
49 194
49 196
49 197
49 198
49 199
49 200
49 201
49 204
49 213
49 215
49 217
49 220
49 222
49 223
49 224
49 226
49 227
49 228
49 231
49 232
49 233
49 234
49 235
49 237
49 238
49 248
49 251
49 252
49 253
49 255
49 258
49 260
49 261
49 263
49 266
49 267
49 269
49 270
49 274
49 277
49 280
49 282
49 283
49 284
49 287
49 288
49 290
49 295
49 297
49 300
49 301
49 307
49 308
49 310
49 311
49 312
49 314
49 317
49 318
49 319
49 321
49 322
49 325
49 326
49 328
49 330
49 333
49 334
49 335
49 339
49 340
49 342
49 343
49 344
50 53
50 58
50 62
50 64
50 66
50 67
50 70
50 73
50 74
50 75
50 77
50 79
50 81
50 83
50 85
50 86
50 87
50 88
50 89
50 90
50 91
50 92
50 93
50 94
50 95
50 98
50 100
50 103
50 104
50 106
50 107
50 110
50 111
50 115
50 116
50 117
50 120
50 123
50 126
50 129
50 135
50 143
50 144
50 145
50 146
50 152
50 154
50 156
50 158
50 159
50 178
50 185
50 190
50 191
50 197
50 198
50 200
50 202
50 212
50 223
50 225
50 226
50 237
50 244
50 252
50 254
50 256
50 258
50 261
50 264
50 271
50 272
50 274
50 280
50 284
50 288
50 293
50 294
50 295
50 296
50 298
50 299
50 301
50 309
50 315
50 318
50 324
50 326
50 328
50 329
50 335
50 338
50 347
51 52
51 56
51 59
51 61
51 64
51 65
51 66
51 67
51 70
51 71
51 72
51 73
51 74
51 77
51 78
51 80
51 81
51 83
51 84
51 89
51 90
51 94
51 95
51 96
51 97
51 98
51 99
51 100
51 101
51 102
51 105
51 106
51 107
51 108
51 110
51 112
51 113
51 114
51 116
51 124
51 127
51 128
51 131
51 133
51 136
51 139
51 145
51 146
51 149
51 150
51 152
51 158
51 160
51 161
51 162
51 163
51 165
51 167
51 168
51 170
51 173
51 178
51 180
51 181
51 182
51 183
51 188
51 189
51 193
51 198
51 200
51 201
51 205
51 208
51 209
51 210
51 217
51 220
51 227
51 231
51 234
51 236
51 239
51 240
51 241
51 251
51 254
51 257
51 259
51 260
51 261
51 262
51 267
51 272
51 273
51 275
51 276
51 279
51 289
51 290
51 293
51 296
51 299
51 301
51 305
51 312
51 314
51 315
51 319
51 321
51 322
51 336
51 340
51 343
51 344
51 345
51 348
51 349
52 59
52 64
52 67
52 69
52 70
52 71
52 76
52 78
52 79
52 80
52 81
52 82
52 84
52 86
52 91
52 92
52 93
52 96
52 99
52 100
52 102
52 104
52 105
52 107
52 109
52 110
52 115
52 118
52 119
52 120
52 126
52 127
52 130
52 133
52 138
52 142
52 143
52 144
52 147
52 149
52 152
52 155
52 164
52 171
52 174
52 175
52 176
52 179
52 181
52 188
52 190
52 195
52 204
52 205
52 208
52 214
52 216
52 217
52 222
52 223
52 230
52 231
52 234
52 239
52 240
52 241
52 242
52 249
52 251
52 258
52 261
52 265
52 271
52 273
52 274
52 278
52 283
52 285
52 288
52 289
52 291
52 302
52 306
52 307
52 312
52 315
52 325
52 338
52 344
52 347
52 348
52 349
53 56
53 61
53 64
53 69
53 70
53 72
53 74
53 76
53 81
53 82
53 83
53 90
53 91
53 92
53 93
53 100
53 101
53 102
53 103
53 104
53 105
53 106
53 113
53 114
53 116
53 118
53 120
53 122
53 130
53 132
53 135
53 136
53 137
53 140
53 142
53 144
53 147
53 149
53 152
53 154
53 155
53 158
53 162
53 169
53 173
53 175
53 176
53 179
53 180
53 182
53 183
53 184
53 185
53 188
53 189
53 190
53 191
53 194
53 197
53 198
53 201
53 205
53 206
53 207
53 209
53 210
53 211
53 213
53 216
53 217
53 218
53 221
53 222
53 226
53 227
53 232
53 233
53 235
53 237
53 244
53 245
53 246
53 251
53 254
53 255
53 259
53 264
53 267
53 270
53 272
53 276
53 287
53 289
53 292
53 293
53 299
53 309
53 310
53 315
53 323
53 325
53 326
53 332
53 340
53 342
53 345
53 347
54 55
54 66
54 68
54 69
54 71
54 73
54 78
54 79
54 80
54 81
54 83
54 85
54 86
54 87
54 90
54 91
54 93
54 94
54 97
54 98
54 100
54 101
54 102
54 103
54 104
54 105
54 109
54 110
54 112
54 115
54 116
54 118
54 121
54 124
54 127
54 129
54 131
54 139
54 140
54 141
54 143
54 144
54 151
54 157
54 163
54 166
54 172
54 173
54 176
54 177
54 179
54 189
54 197
54 198
54 199
54 204
54 205
54 210
54 213
54 215
54 220
54 225
54 226
54 228
54 229
54 231
54 232
54 233
54 240
54 247
54 253
54 259
54 261
54 263
54 266
54 278
54 279
54 283
54 288
54 291
54 293
54 296
54 302
54 308
54 313
54 324
54 327
54 330
54 343
54 346
55 59
55 63
55 64
55 66
55 70
55 73
55 76
55 77
55 78
55 79
55 80
55 81
55 83
55 88
55 89
55 90
55 93
55 96
55 97
55 101
55 102
55 104
55 106
55 108
55 110
55 111
55 112
55 113
55 114
55 115
55 118
55 119
55 124
55 125
55 127
55 130
55 132
55 133
55 136
55 138
55 141
55 142
55 143
55 145
55 146
55 149
55 154
55 155
55 159
55 163
55 165
55 168
55 171
55 172
55 173
55 174
55 175
55 177
55 179
55 180
55 181
55 184
55 189
55 191
55 192
55 196
55 203
55 205
55 206
55 208
55 209
55 214
55 218
55 219
55 229
55 237
55 238
55 240
55 241
55 243
55 246
55 248
55 254
55 256
55 262
55 263
55 267
55 270
55 272
55 273
55 274
55 278
55 282
55 283
55 284
55 287
55 288
55 292
55 293
55 295
55 301
55 305
55 306
55 307
55 309
55 313
55 314
55 316
55 321
55 322
55 323
55 331
55 332
55 337
55 340
55 345
56 60
56 62
56 64
56 66
56 67
56 70
56 71
56 73
56 74
56 75
56 76
56 77
56 78
56 79
56 83
56 85
56 86
56 87
56 90
56 91
56 95
56 96
56 98
56 99
56 100
56 101
56 102
56 104
56 105
56 106
56 111
56 114
56 117
56 118
56 120
56 121
56 123
56 124
56 125
56 126
56 129
56 132
56 134
56 138
56 139
56 140
56 142
56 145
56 148
56 153
56 154
56 156
56 163
56 164
56 166
56 169
56 170
56 171
56 174
56 175
56 179
56 180
56 181
56 184
56 185
56 188
56 191
56 204
56 206
56 211
56 213
56 214
56 217
56 218
56 219
56 220
56 222
56 224
56 232
56 236
56 237
56 239
56 241
56 243
56 246
56 253
56 257
56 259
56 262
56 263
56 265
56 272
56 278
56 279
56 285
56 287
56 290
56 306
56 307
56 308
56 316
56 317
56 319
56 324
56 327
56 328
56 331
56 337
56 344
56 345
57 60
57 65
57 66
57 68
57 69
57 72
57 73
57 75
57 76
57 77
57 78
57 79
57 80
57 81
57 82
57 84
57 85
57 89
57 91
57 97
57 99
57 103
57 105
57 106
57 108
57 110
57 111
57 113
57 115
57 119
57 120
57 122
57 123
57 125
57 126
57 128
57 130
57 139
57 140
57 143
57 149
57 152
57 153
57 157
57 159
57 160
57 161
57 166
57 167
57 172
57 173
57 174
57 175
57 176
57 177
57 180
57 184
57 188
57 190
57 192
57 193
57 198
57 201
57 202
57 205
57 206
57 208
57 211
57 219
57 221
57 225
57 227
57 229
57 231
57 232
57 242
57 244
57 245
57 248
57 249
57 250
57 256
57 265
57 266
57 268
57 269
57 270
57 274
57 275
57 277
57 281
57 285
57 291
57 294
57 295
57 296
57 302
57 304
57 306
57 308
57 310
57 314
57 320
57 324
57 329
57 334
57 348
58 59
58 63
58 70
58 72
58 73
58 78
58 80
58 84
58 85
58 88
58 89
58 94
58 95
58 97
58 99
58 102
58 103
58 105
58 114
58 115
58 116
58 119
58 121
58 123
58 124
58 132
58 141
58 142
58 143
58 144
58 147
58 148
58 149
58 151
58 152
58 153
58 155
58 156
58 159
58 160
58 162
58 170
58 173
58 175
58 180
58 181
58 182
58 188
58 190
58 191
58 196
58 214
58 218
58 220
58 225
58 228
58 229
58 231
58 242
58 246
58 249
58 253
58 254
58 256
58 258
58 259
58 262
58 264
58 266
58 271
58 283
58 285
58 296
58 305
58 306
58 310
58 315
58 317
58 321
58 329
58 335
58 340
58 342
58 343
58 344
59 63
59 70
59 76
59 77
59 79
59 85
59 89
59 94
59 97
59 103
59 104
59 105
59 107
59 108
59 109
59 110
59 115
59 118
59 122
59 124
59 126
59 128
59 131
59 136
59 137
59 152
59 153
59 154
59 160
59 164
59 165
59 169
59 171
59 176
59 181
59 182
59 188
59 190
59 192
59 194
59 198
59 204
59 205
59 208
59 211
59 213
59 217
59 219
59 225
59 227
59 233
59 236
59 242
59 247
59 252
59 253
59 256
59 264
59 265
59 268
59 269
59 274
59 275
59 277
59 283
59 292
59 296
59 299
59 301
59 315
59 317
59 323
59 326
59 328
59 332
59 334
59 341
59 344
59 349
60 65
60 66
60 72
60 79
60 83
60 89
60 92
60 93
60 95
60 100
60 101
60 103
60 110
60 112
60 113
60 115
60 120
60 126
60 128
60 129
60 131
60 134
60 138
60 139
60 142
60 144
60 146
60 150
60 151
60 154
60 161
60 165
60 167
60 174
60 175
60 178
60 179
60 181
60 182
60 184
60 189
60 203
60 205
60 208
60 218
60 219
60 222
60 239
60 240
60 257
60 259
60 261
60 265
60 268
60 269
60 270
60 279
60 281
60 282
60 299
60 303
60 306
60 311
60 321
60 326
60 330
60 332
60 339
60 346
61 66
61 69
61 74
61 75
61 76
61 78
61 85
61 88
61 89
61 92
61 93
61 96
61 98
61 100
61 101
61 106
61 107
61 111
61 115
61 117
61 121
61 125
61 128
61 129
61 132
61 133
61 134
61 135
61 136
61 137
61 141
61 143
61 144
61 149
61 159
61 166
61 167
61 171
61 172
61 176
61 184
61 188
61 189
61 192
61 193
61 196
61 197
61 198
61 203
61 206
61 207
61 208
61 209
61 210
61 213
61 219
61 222
61 227
61 231
61 236
61 237
61 238
61 244
61 246
61 249
61 261
61 262
61 269
61 273
61 283
61 302
61 307
61 308
61 313
61 320
61 323
61 324
61 331
61 337
61 340
61 342
62 65
62 75
62 76
62 80
62 85
62 88
62 96
62 98
62 100
62 101
62 108
62 109
62 114
62 117
62 125
62 127
62 129
62 131
62 138
62 145
62 147
62 153
62 155
62 164
62 165
62 166
62 171
62 172
62 177
62 178
62 182
62 187
62 189
62 196
62 201
62 204
62 206
62 207
62 211
62 215
62 216
62 219
62 229
62 234
62 237
62 240
62 243
62 250
62 251
62 255
62 257
62 280
62 281
62 284
62 292
62 301
62 307
62 308
62 311
62 316
62 317
62 327
62 331
62 335
62 341
62 343
62 345
63 67
63 70
63 72
63 78
63 79
63 88
63 91
63 96
63 97
63 100
63 101
63 106
63 108
63 110
63 113
63 120
63 122
63 125
63 127
63 128
63 129
63 130
63 135
63 136
63 138
63 139
63 142
63 143
63 149
63 157
63 159
63 165
63 169
63 172
63 182
63 188
63 191
63 209
63 214
63 222
63 230
63 231
63 232
63 239
63 240
63 242
63 244
63 247
63 249
63 264
63 273
63 276
63 283
63 302
63 304
63 310
63 316
63 321
63 329
63 334
63 336
63 338
63 342
64 74
64 76
64 82
64 84
64 86
64 92
64 95
64 102
64 111
64 116
64 117
64 119
64 121
64 128
64 132
64 134
64 138
64 143
64 146
64 148
64 153
64 155
64 159
64 160
64 161
64 163
64 167
64 172
64 174
64 175
64 176
64 179
64 185
64 189
64 190
64 192
64 198
64 200
64 201
64 206
64 209
64 215
64 219
64 231
64 238
64 239
64 240
64 241
64 247
64 260
64 267
64 277
64 280
64 281
64 283
64 285
64 287
64 294
64 298
64 300
64 305
64 326
64 327
64 343
65 73
65 76
65 84
65 85
65 86
65 93
65 96
65 100
65 101
65 103
65 104
65 107
65 108
65 116
65 117
65 118
65 120
65 123
65 125
65 126
65 128
65 132
65 137
65 138
65 140
65 143
65 149
65 153
65 160
65 170
65 178
65 180
65 181
65 182
65 195
65 199
65 202
65 207
65 208
65 216
65 239
65 250
65 261
65 264
65 265
65 267
65 268
65 270
65 275
65 281
65 296
65 307
65 309
65 317
65 320
65 326
65 329
65 330
65 336
65 338
65 341
66 71
66 78
66 79
66 84
66 86
66 91
66 94
66 98
66 99
66 100
66 101
66 109
66 119
66 121
66 125
66 127
66 132
66 133
66 136
66 137
66 138
66 140
66 142
66 153
66 157
66 166
66 167
66 178
66 187
66 191
66 194
66 205
66 208
66 209
66 211
66 217
66 218
66 223
66 234
66 241
66 242
66 249
66 251
66 261
66 272
66 288
66 291
66 293
66 299
66 300
66 336
66 342
67 75
67 79
67 84
67 85
67 86
67 88
67 89
67 91
67 93
67 98
67 107
67 112
67 114
67 117
67 118
67 119
67 129
67 130
67 135
67 138
67 140
67 141
67 142
67 147
67 156
67 159
67 164
67 165
67 166
67 169
67 170
67 171
67 192
67 193
67 194
67 200
67 201
67 216
67 229
67 233
67 234
67 236
67 243
67 253
67 260
67 264
67 265
67 270
67 276
67 279
67 282
67 283
67 303
67 304
67 306
67 308
67 315
67 317
67 319
67 320
67 329
67 335
67 343
68 71
68 76
68 80
68 83
68 90
68 94
68 95
68 99
68 101
68 104
68 113
68 118
68 123
68 124
68 125
68 127
68 130
68 132
68 133
68 134
68 139
68 146
68 148
68 151
68 152
68 155
68 159
68 171
68 172
68 176
68 179
68 180
68 188
68 191
68 192
68 201
68 208
68 209
68 210
68 214
68 220
68 225
68 234
68 245
68 246
68 247
68 251
68 256
68 257
68 273
68 274
68 276
68 284
68 289
68 292
68 301
68 303
68 304
68 319
68 320
68 321
68 322
68 327
68 333
68 340
68 341
68 343
68 345
69 70
69 73
69 74
69 82
69 84
69 91
69 94
69 98
69 102
69 103
69 106
69 108
69 112
69 113
69 114
69 116
69 117
69 118
69 120
69 121
69 122
69 123
69 125
69 126
69 127
69 128
69 129
69 130
69 133
69 134
69 135
69 137
69 138
69 139
69 141
69 142
69 145
69 150
69 159
69 161
69 164
69 166
69 169
69 170
69 171
69 173
69 174
69 176
69 182
69 184
69 186
69 200
69 201
69 206
69 208
69 211
69 213
69 214
69 216
69 219
69 227
69 231
69 242
69 245
69 246
69 251
69 252
69 260
69 268
69 273
69 274
69 279
69 281
69 284
69 290
69 293
69 305
69 307
69 321
69 326
69 340
69 342
70 84
70 86
70 91
70 93
70 94
70 103
70 109
70 111
70 118
70 122
70 130
70 134
70 143
70 147
70 148
70 151
70 174
70 177
70 179
70 181
70 183
70 191
70 192
70 193
70 201
70 215
70 217
70 231
70 243
70 257
70 268
70 271
70 283
70 314
70 332
70 336
70 337
70 342
70 346
71 75
71 83
71 84
71 87
71 90
71 91
71 92
71 94
71 95
71 101
71 102
71 108
71 109
71 119
71 124
71 125
71 128
71 129
71 134
71 141
71 145
71 149
71 150
71 151
71 152
71 173
71 174
71 177
71 178
71 179
71 181
71 191
71 200
71 201
71 205
71 207
71 208
71 223
71 225
71 234
71 244
71 264
71 271
71 272
71 273
71 275
71 276
71 277
71 281
71 291
71 299
71 300
71 302
71 310
71 316
71 321
71 322
71 326
71 338
71 345
72 79
72 84
72 88
72 93
72 99
72 103
72 105
72 106
72 107
72 112
72 124
72 126
72 127
72 129
72 133
72 136
72 141
72 149
72 153
72 155
72 165
72 173
72 179
72 181
72 182
72 192
72 201
72 202
72 205
72 217
72 218
72 222
72 223
72 234
72 239
72 241
72 245
72 253
72 262
72 270
72 280
72 291
72 322
72 346
73 82
73 85
73 89
73 93
73 96
73 97
73 99
73 102
73 103
73 108
73 110
73 114
73 122
73 125
73 129
73 132
73 136
73 144
73 145
73 151
73 156
73 163
73 165
73 168
73 169
73 171
73 177
73 183
73 191
73 195
73 208
73 215
73 219
73 220
73 231
73 236
73 239
73 241
73 245
73 249
73 260
73 283
73 284
73 301
73 306
73 330
73 335
73 336
73 340
73 347
74 79
74 80
74 86
74 93
74 95
74 99
74 101
74 102
74 107
74 117
74 132
74 137
74 142
74 149
74 153
74 154
74 156
74 159
74 164
74 166
74 172
74 174
74 181
74 193
74 208
74 239
74 243
74 251
74 258
74 269
74 276
74 281
74 297
74 310
74 312
74 333
74 346
75 90
75 92
75 95
75 103
75 107
75 109
75 112
75 117
75 120
75 135
75 137
75 138
75 139
75 145
75 148
75 151
75 167
75 178
75 180
75 193
75 207
75 223
75 242
75 243
75 252
75 262
75 271
75 288
75 290
75 295
75 297
75 300
75 302
75 341
76 81
76 96
76 106
76 108
76 109
76 112
76 116
76 121
76 124
76 125
76 130
76 131
76 133
76 141
76 158
76 167
76 172
76 186
76 203
76 216
76 227
76 234
76 236
76 249
76 267
76 276
76 284
76 287
76 299
76 300
76 316
76 326
76 332
76 333
77 80
77 82
77 95
77 106
77 109
77 115
77 118
77 125
77 126
77 129
77 131
77 134
77 137
77 138
77 142
77 144
77 155
77 156
77 157
77 171
77 172
77 174
77 176
77 189
77 193
77 203
77 205
77 225
77 228
77 245
77 254
77 263
77 277
77 279
77 284
77 287
77 290
77 297
77 309
77 320
77 323
77 331
77 333
77 340
77 341
77 346
77 347
77 348
78 80
78 87
78 90
78 97
78 107
78 109
78 117
78 120
78 124
78 126
78 130
78 132
78 133
78 134
78 138
78 139
78 141
78 145
78 146
78 154
78 161
78 180
78 183
78 184
78 187
78 196
78 220
78 235
78 257
78 283
78 331
78 342
78 343
79 95
79 97
79 109
79 123
79 126
79 127
79 129
79 130
79 131
79 133
79 134
79 145
79 153
79 164
79 172
79 173
79 181
79 183
79 197
79 203
79 220
79 223
79 227
79 228
79 232
79 233
79 270
79 279
79 283
79 294
79 313
79 326
79 331
79 332
79 333
79 336
80 100
80 102
80 112
80 116
80 121
80 127
80 136
80 142
80 149
80 153
80 163
80 166
80 168
80 193
80 197
80 206
80 215
80 217
80 218
80 241
80 260
80 261
80 274
80 285
80 291
80 305
80 330
80 337
81 97
81 100
81 108
81 127
81 136
81 165
81 202
81 218
81 219
81 245
81 249
81 266
81 271
81 282
81 292
81 302
81 311
81 320
82 83
82 85
82 107
82 108
82 113
82 119
82 133
82 135
82 151
82 154
82 156
82 178
82 190
82 193
82 205
82 207
82 211
82 258
82 259
82 265
82 291
82 307
82 310
82 319
83 89
83 91
83 106
83 107
83 110
83 114
83 117
83 118
83 124
83 130
83 132
83 139
83 142
83 150
83 151
83 153
83 164
83 173
83 177
83 178
83 181
83 217
83 218
83 250
83 265
83 285
83 293
83 302
83 305
84 107
84 110
84 111
84 114
84 124
84 131
84 133
84 138
84 164
84 171
84 174
84 185
84 193
84 207
84 221
84 240
84 241
84 279
84 283
84 300
84 307
84 322
85 86
85 87
85 97
85 99
85 102
85 126
85 127
85 138
85 150
85 156
85 164
85 166
85 167
85 170
85 173
85 177
85 223
85 226
85 236
85 271
85 283
85 297
86 92
86 97
86 114
86 130
86 139
86 147
86 161
86 168
86 195
86 199
86 223
86 233
86 252
86 273
86 303
87 94
87 100
87 104
87 105
87 108
87 109
87 117
87 131
87 133
87 141
87 148
87 150
87 156
87 162
87 179
87 180
87 193
87 195
87 221
87 224
87 238
87 285
87 307
88 89
88 92
88 95
88 105
88 108
88 114
88 120
88 121
88 126
88 131
88 152
88 175
88 181
88 191
88 194
88 209
88 211
88 253
88 280
88 301
88 303
88 315
88 328
88 330
88 348
89 93
89 106
89 109
89 113
89 114
89 121
89 130
89 135
89 143
89 144
89 148
89 161
89 169
89 174
89 181
89 183
89 195
89 219
89 223
89 236
89 238
89 256
89 262
89 311
89 324
89 337
89 338
90 98
90 114
90 118
90 129
90 130
90 136
90 149
90 155
90 172
90 178
90 193
90 222
90 243
90 249
90 283
90 286
90 300
90 305
90 307
90 310
90 313
90 321
90 326
91 94
91 95
91 101
91 114
91 120
91 124
91 131
91 146
91 157
91 180
91 201
91 205
91 216
91 241
91 244
91 279
92 99
92 102
92 116
92 119
92 122
92 125
92 129
92 139
92 141
92 148
92 156
92 202
92 209
92 219
92 231
92 250
92 253
92 274
92 279
92 284
92 289
92 299
93 97
93 111
93 117
93 124
93 125
93 128
93 130
93 138
93 140
93 143
93 148
93 157
93 167
93 179
93 197
93 211
93 235
93 239
93 260
93 264
93 274
93 293
93 297
93 306
93 349
94 107
94 132
94 138
94 173
94 179
94 186
94 187
94 195
94 258
94 274
94 286
94 299
94 331
95 97
95 98
95 112
95 116
95 124
95 147
95 155
95 169
95 260
95 276
96 104
96 117
96 124
96 152
96 164
96 188
96 207
96 226
96 320
96 329
96 343
97 107
97 114
97 117
97 148
97 163
97 181
97 184
97 188
97 190
97 253
97 328
97 332
97 349
98 148
98 179
98 200
98 215
98 269
98 271
98 310
99 137
99 141
99 199
99 203
99 206
99 211
99 213
99 250
99 287
99 291
99 325
100 117
100 124
100 138
100 148
100 176
100 195
100 209
100 210
100 212
100 238
101 107
101 114
101 117
101 123
101 136
101 146
101 148
101 159
101 161
101 176
101 178
101 194
101 195
101 200
101 238
101 266
102 112
102 114
102 117
102 120
102 123
102 124
102 126
102 131
102 163
102 180
102 186
102 199
102 229
102 238
102 325
103 119
103 125
103 128
103 151
103 187
103 190
103 240
103 252
103 253
103 265
103 278
103 329
104 112
104 116
104 121
104 124
104 131
104 140
104 161
104 182
104 265
104 282
104 289
104 298
104 303
104 304
104 308
104 340
105 138
105 148
105 194
105 198
105 226
105 334
106 121
106 127
106 157
106 265
106 280
106 295
107 111
107 123
107 212
107 250
107 266
107 274
108 164
108 252
108 286
108 318
108 331
109 126
109 133
109 177
109 190
109 194
109 229
109 230
109 236
109 252
109 311
109 331
110 118
110 119
110 123
110 125
110 127
110 135
110 152
110 154
110 157
110 164
110 170
110 181
110 265
110 268
110 284
110 299
110 313
111 138
111 189
111 247
111 294
112 116
112 144
112 162
112 196
112 240
112 293
112 298
113 122
113 123
113 136
113 155
113 199
113 248
113 307
114 118
114 127
114 130
114 134
114 135
114 162
114 187
114 190
114 259
114 284
114 340
115 135
115 151
115 170
115 267
115 294
116 118
116 132
116 161
116 164
116 168
116 254
116 284
116 294
116 297
117 142
117 336
117 343
118 161
118 181
118 183
118 186
118 260
118 273
118 300
119 125
119 131
119 173
119 249
119 294
119 314
120 122
120 175
120 185
120 196
120 216
120 221
121 143
121 147
121 160
121 208
121 215
121 221
121 283
121 306
121 349
122 126
122 163
122 212
122 237
122 254
123 146
123 195
123 220
123 277
123 299
123 324
124 130
124 174
124 188
124 199
124 209
124 210
124 216
124 260
124 315
125 141
125 145
125 148
125 255
125 282
125 283
125 293
126 166
126 181
126 206
126 259
126 340
127 137
127 143
127 190
127 194
127 222
127 223
127 262
127 282
128 135
128 141
128 148
128 151
128 154
128 158
128 165
128 167
128 169
128 170
128 172
128 175
128 184
128 189
128 190
128 191
128 193
128 196
128 206
128 214
128 220
128 224
128 229
128 235
128 237
128 238
128 241
128 249
128 250
128 255
128 264
128 271
128 274
128 276
128 277
128 280
128 284
128 285
128 298
128 302
128 303
128 309
128 319
128 322
128 326
128 330
128 331
128 337
128 340
129 131
129 132
129 133
129 136
129 137
129 138
129 142
129 144
129 145
129 146
129 156
129 158
129 169
129 178
129 182
129 185
129 187
129 189
129 191
129 192
129 205
129 209
129 211
129 213
129 221
129 228
129 230
129 231
129 232
129 233
129 235
129 241
129 247
129 253
129 254
129 263
129 270
129 283
129 284
129 285
129 287
129 289
129 294
129 305
129 309
129 317
129 318
129 326
129 335
129 336
129 337
129 344
130 135
130 139
130 141
130 150
130 157
130 158
130 161
130 162
130 163
130 169
130 183
130 187
130 195
130 196
130 202
130 204
130 221
130 222
130 225
130 228
130 229
130 231
130 232
130 235
130 237
130 239
130 244
130 250
130 255
130 261
130 270
130 276
130 291
130 292
130 293
130 294
130 312
130 318
130 323
130 330
130 334
130 340
130 348
131 137
131 139
131 146
131 150
131 151
131 154
131 158
131 161
131 164
131 168
131 170
131 172
131 177
131 184
131 185
131 187
131 194
131 200
131 202
131 204
131 212
131 217
131 230
131 235
131 241
131 244
131 245
131 249
131 251
131 259
131 262
131 266
131 279
131 294
131 301
131 306
131 307
131 309
131 326
131 328
131 329
131 338
131 346
132 139
132 146
132 152
132 158
132 160
132 167
132 180
132 184
132 185
132 187
132 189
132 191
132 202
132 203
132 205
132 210
132 222
132 224
132 228
132 229
132 232
132 240
132 246
132 248
132 256
132 267
132 277
132 280
132 290
132 291
132 301
132 313
132 315
132 319
132 325
132 334
132 344
133 134
133 135
133 147
133 153
133 163
133 167
133 169
133 171
133 172
133 175
133 179
133 191
133 192
133 194
133 197
133 201
133 215
133 224
133 226
133 227
133 229
133 241
133 242
133 248
133 253
133 254
133 255
133 258
133 264
133 267
133 268
133 274
133 289
133 292
133 304
133 314
133 326
133 329
133 331
133 333
133 342
133 349
134 135
134 137
134 139
134 143
134 146
134 150
134 151
134 156
134 158
134 163
134 167
134 194
134 200
134 202
134 206
134 210
134 216
134 225
134 231
134 237
134 241
134 243
134 257
134 258
134 261
134 263
134 267
134 269
134 285
134 293
134 294
134 295
134 297
134 299
134 315
134 319
134 326
134 327
134 333
134 334
134 339
134 345
135 140
135 150
135 153
135 157
135 159
135 161
135 162
135 166
135 167
135 176
135 177
135 181
135 183
135 186
135 195
135 196
135 203
135 204
135 205
135 214
135 215
135 220
135 223
135 225
135 251
135 254
135 259
135 265
135 269
135 271
135 273
135 281
135 310
135 322
135 324
135 329
136 137
136 152
136 153
136 158
136 166
136 171
136 174
136 175
136 176
136 181
136 187
136 189
136 194
136 196
136 207
136 208
136 211
136 212
136 213
136 223
136 228
136 242
136 246
136 249
136 250
136 251
136 255
136 258
136 260
136 264
136 265
136 268
136 270
136 278
136 288
136 294
136 300
136 312
136 318
136 324
136 330
136 331
136 335
136 336
136 338
136 340
136 343
136 344
136 346
137 138
137 139
137 140
137 158
137 160
137 162
137 165
137 171
137 176
137 185
137 188
137 194
137 197
137 215
137 234
137 235
137 238
137 242
137 244
137 249
137 251
137 254
137 258
137 271
137 276
137 277
137 298
137 304
137 305
137 307
137 314
137 333
137 343
138 144
138 153
138 166
138 189
138 191
138 199
138 203
138 211
138 215
138 226
138 241
138 246
138 250
138 264
138 273
138 279
138 283
138 288
138 289
138 292
138 294
138 299
138 308
138 318
138 323
138 329
138 335
138 341
138 346
139 140
139 157
139 160
139 165
139 171
139 175
139 176
139 177
139 185
139 195
139 198
139 201
139 217
139 226
139 230
139 233
139 235
139 239
139 241
139 242
139 246
139 248
139 255
139 259
139 262
139 266
139 271
139 278
139 283
139 288
139 290
139 300
139 308
139 309
139 325
139 327
139 335
139 342
140 141
140 142
140 147
140 152
140 155
140 165
140 166
140 173
140 175
140 176
140 183
140 186
140 190
140 191
140 192
140 195
140 210
140 212
140 213
140 214
140 218
140 222
140 223
140 234
140 235
140 237
140 243
140 257
140 261
140 274
140 281
140 286
140 291
140 295
140 297
140 302
140 303
140 305
140 318
140 320
140 325
140 329
140 332
140 333
140 341
141 149
141 158
141 162
141 165
141 170
141 174
141 178
141 186
141 193
141 197
141 199
141 210
141 217
141 223
141 233
141 238
141 269
141 275
141 295
141 304
141 309
141 310
142 149
142 153
142 154
142 158
142 163
142 172
142 174
142 178
142 196
142 207
142 209
142 213
142 230
142 235
142 236
142 243
142 246
142 248
142 265
142 270
142 276
142 281
142 285
142 288
142 289
142 290
142 297
142 298
142 312
142 315
142 317
142 319
142 320
142 323
142 325
142 336
142 345
142 349
143 148
143 150
143 151
143 153
143 156
143 158
143 160
143 163
143 164
143 171
143 172
143 173
143 175
143 177
143 183
143 187
143 190
143 204
143 205
143 207
143 210
143 213
143 221
143 228
143 232
143 241
143 243
143 249
143 257
143 261
143 263
143 265
143 280
143 306
143 316
143 320
143 324
143 326
143 331
143 332
143 335
143 336
144 147
144 150
144 160
144 161
144 164
144 165
144 170
144 174
144 176
144 178
144 181
144 182
144 185
144 216
144 224
144 236
144 238
144 252
144 256
144 271
144 288
144 294
144 298
144 301
144 304
144 306
144 310
144 327
144 333
144 334
144 340
144 341
144 349
145 146
145 149
145 151
145 156
145 159
145 166
145 173
145 179
145 185
145 190
145 191
145 208
145 224
145 233
145 238
145 249
145 253
145 256
145 258
145 266
145 282
145 301
145 303
145 316
145 318
145 325
145 328
145 334
145 345
145 349
146 147
146 148
146 149
146 157
146 159
146 162
146 163
146 169
146 170
146 175
146 182
146 192
146 194
146 195
146 197
146 199
146 204
146 208
146 212
146 214
146 219
146 220
146 225
146 226
146 229
146 231
146 247
146 250
146 252
146 254
146 258
146 261
146 267
146 271
146 272
146 298
146 302
146 308
146 311
146 318
146 323
146 327
146 328
146 348
147 148
147 149
147 150
147 159
147 167
147 168
147 169
147 176
147 184
147 189
147 193
147 201
147 210
147 211
147 213
147 218
147 220
147 225
147 226
147 227
147 240
147 243
147 244
147 245
147 269
147 275
147 278
147 291
147 292
147 296
147 302
147 306
147 308
147 313
147 330
147 337
147 342
148 153
148 155
148 166
148 169
148 184
148 186
148 188
148 198
148 199
148 200
148 209
148 212
148 223
148 240
148 248
148 252
148 276
148 277
148 278
148 283
148 286
148 289
148 303
148 317
148 319
148 327
148 339
148 342
148 344
149 150
149 154
149 159
149 166
149 169
149 174
149 183
149 185
149 188
149 197
149 202
149 206
149 211
149 216
149 222
149 225
149 226
149 228
149 231
149 235
149 238
149 244
149 252
149 265
149 266
149 291
149 306
149 315
149 318
149 322
149 327
149 338
149 339
149 341
149 342
149 344
149 347
149 349
150 153
150 157
150 168
150 181
150 189
150 192
150 198
150 202
150 203
150 204
150 209
150 210
150 219
150 227
150 230
150 237
150 248
150 255
150 260
150 270
150 276
150 279
150 280
150 285
150 293
150 298
150 315
150 318
150 321
150 324
150 332
150 344
151 161
151 162
151 168
151 172
151 176
151 177
151 178
151 181
151 199
151 206
151 210
151 218
151 219
151 230
151 239
151 244
151 250
151 253
151 259
151 260
151 267
151 299
151 324
151 332
151 348
151 349
152 155
152 159
152 168
152 172
152 188
152 189
152 196
152 204
152 218
152 230
152 231
152 243
152 247
152 251
152 258
152 272
152 277
152 278
152 284
152 297
152 298
152 301
152 317
152 318
153 166
153 184
153 193
153 198
153 206
153 208
153 213
153 214
153 236
153 263
153 281
153 286
153 293
153 300
153 307
153 337
154 155
154 159
154 162
154 169
154 173
154 176
154 177
154 178
154 183
154 186
154 201
154 212
154 229
154 241
154 246
154 248
154 251
154 258
154 259
154 263
154 277
154 281
154 282
154 283
154 288
154 290
154 293
154 296
154 299
154 311
154 314
154 319
154 325
154 329
154 340
155 159
155 161
155 163
155 168
155 173
155 184
155 185
155 186
155 188
155 192
155 193
155 194
155 196
155 200
155 212
155 222
155 237
155 238
155 256
155 259
155 279
155 283
155 288
155 292
155 297
155 300
155 303
155 305
155 310
155 330
155 331
155 346
156 171
156 179
156 180
156 202
156 215
156 220
156 222
156 228
156 240
156 242
156 251
156 252
156 257
156 259
156 271
156 282
156 284
156 287
156 291
156 316
156 327
156 339
156 344
157 158
157 162
157 164
157 168
157 170
157 171
157 175
157 183
157 199
157 201
157 213
157 215
157 218
157 224
157 226
157 228
157 241
157 244
157 248
157 270
157 271
157 278
157 281
157 293
157 306
157 323
157 328
157 334
157 335
157 344
158 159
158 167
158 171
158 175
158 181
158 183
158 196
158 199
158 203
158 208
158 212
158 218
158 221
158 228
158 229
158 239
158 247
158 258
158 262
158 272
158 279
158 291
158 292
158 293
158 295
158 316
158 324
158 326
158 340
159 161
159 162
159 163
159 168
159 175
159 178
159 180
159 190
159 207
159 209
159 219
159 220
159 226
159 231
159 236
159 246
159 251
159 258
159 314
159 315
159 322
159 331
159 332
159 335
159 341
159 347
160 164
160 166
160 176
160 181
160 182
160 183
160 185
160 186
160 190
160 205
160 214
160 216
160 222
160 227
160 234
160 235
160 238
160 241
160 249
160 254
160 255
160 264
160 268
160 275
160 276
160 278
160 281
160 289
160 297
160 303
160 318
160 324
160 330
160 349
161 162
161 163
161 167
161 174
161 186
161 202
161 229
161 230
161 237
161 238
161 248
161 254
161 257
161 266
161 268
161 275
161 279
161 281
161 292
161 298
161 301
161 302
161 308
161 317
161 321
161 324
161 334
161 342
162 164
162 173
162 178
162 186
162 190
162 192
162 202
162 210
162 215
162 217
162 222
162 228
162 233
162 235
162 255
162 259
162 261
162 267
162 281
162 282
162 283
162 295
162 303
162 310
162 313
162 316
162 317
162 323
162 325
162 335
162 337
162 338
162 346
162 348
162 349
163 166
163 168
163 173
163 180
163 198
163 208
163 212
163 214
163 217
163 219
163 225
163 228
163 230
163 233
163 240
163 252
163 255
163 259
163 269
163 270
163 272
163 275
163 278
163 284
163 302
163 313
163 314
163 319
163 325
163 338
163 344
164 165
164 177
164 187
164 204
164 224
164 225
164 230
164 231
164 235
164 241
164 242
164 247
164 251
164 253
164 255
164 259
164 267
164 268
164 273
164 280
164 299
164 301
164 314
164 318
164 348
165 169
165 170
165 171
165 172
165 173
165 175
165 182
165 183
165 188
165 189
165 205
165 206
165 207
165 209
165 214
165 216
165 219
165 224
165 226
165 233
165 234
165 236
165 242
165 246
165 259
165 264
165 267
165 287
165 304
165 305
165 308
165 318
165 324
165 332
165 333
165 335
166 169
166 177
166 181
166 183
166 188
166 202
166 207
166 224
166 232
166 261
166 268
166 304
166 312
166 323
166 325
166 329
166 343
166 349
167 187
167 194
167 199
167 202
167 203
167 229
167 232
167 233
167 237
167 239
167 250
167 261
167 267
167 268
167 278
167 284
167 286
167 288
167 296
167 301
167 309
167 312
167 320
167 322
167 325
167 329
167 341
168 169
168 176
168 182
168 183
168 185
168 190
168 191
168 194
168 199
168 205
168 209
168 213
168 237
168 238
168 245
168 248
168 249
168 250
168 263
168 269
168 270
168 299
168 300
168 303
168 308
168 311
168 325
168 331
168 335
168 337
168 342
168 345
168 347
169 175
169 178
169 184
169 186
169 213
169 215
169 222
169 224
169 228
169 233
169 236
169 240
169 244
169 245
169 247
169 249
169 259
169 262
169 268
169 282
169 288
169 289
169 299
169 304
169 305
169 307
169 321
169 326
169 337
169 340
169 347
170 180
170 189
170 198
170 221
170 225
170 226
170 230
170 233
170 244
170 250
170 254
170 256
170 280
170 286
170 289
170 297
170 307
170 311
170 312
170 318
170 319
171 172
171 173
171 180
171 182
171 184
171 187
171 188
171 193
171 197
171 207
171 208
171 212
171 214
171 215
171 220
171 223
171 224
171 227
171 228
171 230
171 242
171 245
171 248
171 252
171 253
171 263
171 267
171 279
171 287
171 296
171 301
171 304
171 305
171 314
171 324
171 336
171 343
172 175
172 177
172 182
172 184
172 187
172 188
172 192
172 197
172 206
172 213
172 215
172 218
172 222
172 247
172 250
172 252
172 254
172 258
172 261
172 263
172 266
172 271
172 276
172 286
172 288
172 289
172 305
172 318
172 325
172 333
172 336
173 179
173 187
173 197
173 210
173 231
173 237
173 250
173 256
173 257
173 261
173 266
173 277
173 281
173 286
173 289
173 292
173 312
173 320
173 328
173 334
173 336
173 343
174 177
174 185
174 193
174 200
174 204
174 205
174 209
174 211
174 212
174 214
174 219
174 221
174 229
174 235
174 236
174 240
174 247
174 253
174 265
174 291
174 292
174 293
174 298
174 300
174 308
174 323
174 327
174 337
175 178
175 185
175 188
175 190
175 192
175 197
175 203
175 206
175 227
175 244
175 246
175 255
175 258
175 262
175 263
175 271
175 272
175 278
175 279
175 282
175 290
175 292
175 296
175 298
175 301
175 304
175 312
175 337
175 345
175 349
176 177
176 178
176 179
176 181
176 182
176 200
176 243
176 261
176 266
176 269
176 285
176 288
176 294
176 300
176 310
176 311
176 325
176 328
176 338
177 193
177 195
177 196
177 198
177 199
177 200
177 209
177 214
177 218
177 224
177 226
177 230
177 238
177 239
177 244
177 251
177 262
177 272
177 273
177 277
177 284
177 293
177 296
177 300
177 309
177 316
177 330
177 348
178 180
178 194
178 195
178 210
178 215
178 222
178 242
178 254
178 260
178 268
178 286
178 289
178 308
178 309
178 316
178 325
178 335
178 349
179 186
179 199
179 201
179 220
179 239
179 242
179 244
179 258
179 261
179 267
179 279
179 289
179 290
179 296
179 319
179 342
180 197
180 205
180 224
180 228
180 243
180 269
180 271
180 288
180 297
180 300
180 312
180 314
180 330
180 332
180 333
180 346
181 194
181 196
181 210
181 213
181 223
181 224
181 237
181 238
181 240
181 259
181 264
181 265
181 268
181 270
181 277
181 296
181 303
181 329
181 340
181 345
181 347
181 348
181 349
182 191
182 192
182 197
182 201
182 205
182 228
182 233
182 242
182 243
182 264
182 281
182 289
182 294
182 296
182 302
182 304
182 311
182 328
182 339
183 185
183 187
183 190
183 195
183 204
183 206
183 220
183 227
183 232
183 235
183 237
183 239
183 242
183 243
183 286
183 310
183 326
183 336
183 344
183 346
183 347
183 348
184 188
184 189
184 196
184 201
184 209
184 229
184 241
184 245
184 250
184 252
184 263
184 266
184 271
184 277
184 281
184 282
184 286
184 287
184 290
184 304
184 311
184 312
184 314
184 316
184 319
184 320
184 322
184 324
184 349
185 187
185 191
185 193
185 201
185 205
185 219
185 227
185 238
185 243
185 245
185 246
185 249
185 257
185 259
185 264
185 271
185 272
185 273
185 281
185 284
185 292
185 293
185 305
185 313
185 316
185 331
185 335
185 344
185 345
185 348
186 202
186 203
186 209
186 226
186 246
186 247
186 273
186 285
186 288
186 296
186 300
186 308
186 317
187 192
187 197
187 207
187 225
187 238
187 279
187 286
187 291
187 292
187 298
187 312
187 313
187 338
188 192
188 193
188 196
188 206
188 218
188 237
188 252
188 259
188 287
188 315
188 327
188 329
188 335
188 338
188 344
189 192
189 208
189 219
189 223
189 229
189 233
189 240
189 244
189 254
189 259
189 260
189 264
189 269
189 270
189 271
189 272
189 277
189 294
189 302
189 309
189 332
189 336
189 343
189 348
190 196
190 215
190 217
190 222
190 225
190 232
190 234
190 236
190 249
190 289
190 311
190 315
190 321
190 337
191 197
191 198
191 203
191 205
191 211
191 215
191 217
191 227
191 234
191 240
191 256
191 257
191 258
191 285
191 301
191 313
191 315
191 332
191 337
191 339
191 345
192 205
192 206
192 229
192 240
192 257
192 260
192 275
192 280
192 287
192 306
192 309
192 327
192 335
193 205
193 206
193 218
193 222
193 228
193 237
193 262
193 266
193 277
193 290
193 311
193 313
193 333
193 335
193 338
194 195
194 200
194 219
194 230
194 234
194 239
194 245
194 249
194 264
194 276
194 323
195 197
195 200
195 203
195 204
195 209
195 220
195 221
195 225
195 227
195 250
195 254
195 256
195 258
195 262
195 272
195 287
195 313
195 322
195 348
196 203
196 205
196 232
196 243
196 257
196 277
196 306
196 322
196 323
196 347
197 206
197 216
197 220
197 224
197 233
197 244
197 254
197 263
197 275
197 292
197 294
197 313
197 345
198 200
198 207
198 208
198 241
198 252
198 300
198 311
198 315
198 332
198 338
199 200
199 221
199 277
199 292
199 318
199 334
200 221
200 288
200 294
200 300
200 306
200 323
200 336
201 244
201 253
201 258
201 273
201 285
201 287
201 297
201 302
201 310
201 326
201 330
201 335
202 217
202 227
202 243
202 247
202 253
202 281
202 294
202 311
202 347
203 213
203 217
203 227
203 232
203 240
203 252
203 280
203 301
203 313
203 328
203 332
203 333
203 346
204 214
204 215
204 227
204 245
204 264
204 274
204 278
204 280
204 304
204 339
204 341
204 346
205 215
205 217
205 218
205 229
205 246
205 251
205 257
205 260
205 265
205 268
205 271
205 298
205 326
205 336
205 346
206 218
206 232
206 238
206 250
206 272
206 273
206 296
207 211
207 214
207 251
207 255
207 257
207 258
207 270
207 287
207 302
207 305
207 306
207 317
207 327
207 335
207 341
208 218
208 220
208 223
208 250
208 276
208 282
208 283
208 289
208 305
208 306
208 307
208 310
209 216
209 223
209 239
209 241
209 245
209 263
209 282
209 300
209 307
210 217
210 232
210 275
210 283
210 290
210 305
210 316
211 251
211 253
211 270
211 278
211 290
211 293
211 320
211 323
211 328
211 332
211 336
211 347
212 250
212 271
212 274
212 299
212 303
212 319
212 321
212 331
213 234
213 265
213 300
213 310
214 216
214 217
214 218
214 237
214 252
214 260
214 264
214 275
214 285
214 296
214 336
215 231
215 242
215 264
215 270
215 314
215 319
215 330
215 337
215 344
216 226
216 256
216 265
216 274
216 275
216 276
216 313
216 321
217 270
217 330
217 333
218 336
219 236
219 285
219 306
219 310
219 318
220 249
220 319
220 324
221 273
221 331
221 340
222 232
222 264
222 272
222 328
222 344
223 225
223 297
223 329
224 245
224 273
224 276
224 305
224 333
224 344
225 259
225 260
225 312
225 333
226 232
226 253
226 255
226 267
226 271
226 273
226 327
227 317
228 253
228 268
229 247
229 284
229 316
229 330
230 265
230 336
231 244
231 276
231 280
231 328
233 254
233 255
233 288
233 297
234 245
234 333
234 335
235 244
235 268
235 291
235 326
235 342
236 251
237 262
237 272
237 288
237 302
237 329
238 272
238 291
238 345
238 348
239 245
239 246
239 255
239 349
240 251
240 252
240 263
241 288
242 243
242 285
242 321
242 347
243 272
243 308
243 336
244 248
244 254
244 264
244 278
245 257
246 258
246 279
248 254
250 290
250 302
251 256
251 341
251 343
252 323
253 289
253 346
254 262
254 329
254 334
254 344
255 272
256 257
256 263
256 276
256 286
256 294
256 295
256 306
256 312
256 316
257 269
257 278
257 285
257 304
257 312
257 313
257 314
257 316
257 346
258 261
258 268
258 269
258 275
258 278
258 279
258 290
258 297
258 301
258 314
258 325
258 334
258 337
259 267
259 283
259 303
259 310
259 314
259 346
260 268
260 273
260 279
260 285
260 286
260 291
260 298
260 301
260 315
260 323
261 264
261 275
261 281
261 284
261 290
261 296
261 303
261 324
261 339
262 263
262 268
262 289
262 322
262 323
262 339
262 341
263 269
263 295
263 307
263 321
263 338
263 347
263 348
264 274
264 275
264 284
264 291
264 307
264 310
264 322
264 325
264 330
264 338
265 298
265 300
265 313
266 276
266 277
266 290
266 291
266 292
266 295
266 296
266 302
266 320
266 321
266 328
266 334
267 268
267 274
267 275
267 284
267 286
267 300
267 305
267 317
267 336
268 278
268 297
268 301
268 305
268 324
268 327
268 333
268 341
268 342
269 282
269 285
269 286
269 291
269 292
269 339
269 340
269 347
270 295
270 309
270 314
270 322
270 346
271 274
271 281
271 286
271 294
271 299
271 305
271 308
271 315
271 323
271 328
272 282
272 293
272 310
272 315
272 316
272 322
272 328
272 336
273 274
273 281
273 284
273 294
273 297
273 303
273 313
273 317
273 341
274 284
274 297
274 299
274 317
274 327
274 337
275 291
275 329
275 330
275 338
275 349
276 304
276 306
276 316
276 317
276 319
276 326
276 339
277 301
277 311
277 339
277 340
277 342
278 290
278 295
278 307
278 310
278 318
278 320
278 332
279 280
279 295
279 308
279 319
279 322
280 295
280 297
280 321
280 339
281 285
281 291
281 302
281 317
281 321
281 325
281 339
282 311
282 332
282 347
282 349
283 290
283 298
283 300
283 313
283 317
283 339
284 288
284 289
284 292
284 324
284 327
284 331
284 349
285 291
285 295
285 297
285 303
285 316
285 330
286 291
286 298
286 299
286 312
286 342
287 288
287 291
287 308
287 311
287 323
287 331
287 333
287 338
288 307
288 311
288 320
288 330
290 296
290 301
290 303
290 320
290 334
290 342
290 348
291 308
291 325
291 328
291 334
291 338
292 293
292 318
292 327
292 337
293 307
293 344
293 345
293 347
294 297
294 323
294 324
294 334
295 311
295 322
295 323
295 328
296 306
296 309
296 314
296 326
296 343
297 305
297 308
297 312
297 315
297 316
297 329
297 337
297 341
298 313
298 320
298 336
298 337
299 316
299 319
299 326
299 340
299 343
299 348
300 337
301 309
301 310
301 314
301 333
302 308
302 326
302 341
302 343
303 312
303 320
303 321
303 326
303 327
303 330
303 333
303 348
303 349
304 307
304 309
304 312
304 342
304 345
305 317
305 322
306 309
306 314
306 316
306 319
306 320
306 344
306 348
307 321
307 326
307 332
307 341
308 318
308 329
309 322
309 339
310 313
310 314
310 329
310 333
310 339
310 342
311 315
311 337
311 347
311 348
312 318
313 319
313 323
313 348
314 317
314 347
315 323
315 332
315 349
316 348
317 319
317 322
317 323
317 345
317 347
319 344
320 331
321 336
322 329
322 342
323 335
324 343
324 348
325 331
325 341
326 328
326 331
327 335
327 343
330 346
332 333
332 341
332 345
332 348
333 341
333 342
333 347
335 347
338 347
340 346
342 344
