0 8
0 9
0 10
0 11
0 12
0 13
0 14
0 15
0 17
0 18
0 20
0 21
0 23
0 30
0 32
0 34
0 43
0 49
0 51
0 55
0 59
0 80
0 106
0 110
0 127
0 154
1 8
1 9
1 11
1 12
1 17
2 8
2 9
2 10
2 11
2 12
2 13
2 14
2 16
2 19
2 22
2 24
2 25
2 31
2 33
2 34
2 35
2 37
2 38
2 39
2 40
2 42
2 44
2 45
2 46
2 47
2 51
2 60
2 61
2 62
2 63
2 66
2 67
2 69
2 74
2 77
2 81
2 82
2 85
2 92
2 96
2 97
2 101
2 102
2 104
2 105
2 107
2 108
2 115
2 122
2 123
2 126
2 129
2 132
2 135
2 136
2 137
2 142
2 145
2 147
2 152
2 155
2 156
2 157
3 8
3 9
3 31
3 50
3 83
4 8
4 9
4 10
4 11
4 13
4 18
4 19
4 20
4 28
4 29
4 84
4 128
5 8
5 10
5 11
5 16
5 26
5 27
6 8
6 9
6 10
6 12
6 25
6 32
6 50
6 57
6 68
6 73
6 89
6 150
7 8
7 9
7 10
7 17
7 25
7 26
7 64
7 72
7 78
7 118
8 9
8 10
8 11
8 12
8 13
8 14
8 15
8 16
8 17
8 18
8 20
8 21
8 22
8 23
8 25
8 26
8 27
8 28
8 31
8 33
8 34
8 36
8 38
8 40
8 41
8 43
8 46
8 52
8 54
8 56
8 58
8 60
8 64
8 68
8 70
8 78
8 83
8 88
8 111
8 114
8 115
8 117
8 119
8 120
8 128
8 130
8 131
8 132
8 141
8 151
9 10
9 11
9 12
9 13
9 14
9 15
9 16
9 17
9 18
9 19
9 20
9 21
9 22
9 25
9 28
9 29
9 30
9 31
9 33
9 34
9 35
9 36
9 40
9 44
9 50
9 52
9 53
9 55
9 56
9 58
9 61
9 63
9 65
9 66
9 68
9 72
9 77
9 78
9 83
9 91
9 99
9 100
9 105
9 108
9 112
9 113
9 121
9 128
9 133
9 136
9 142
9 147
9 149
9 155
10 11
10 12
10 13
10 14
10 15
10 16
10 17
10 19
10 20
10 22
10 23
10 24
10 25
10 26
10 27
10 28
10 29
10 30
10 32
10 33
10 34
10 36
10 43
10 46
10 48
10 51
10 55
10 57
10 60
10 63
10 65
10 78
10 84
10 85
10 88
10 95
10 98
10 103
10 105
10 106
10 110
10 122
10 129
10 140
10 142
10 148
11 12
11 13
11 14
11 15
11 16
11 17
11 19
11 22
11 23
11 24
11 26
11 27
11 28
11 29
11 30
11 33
11 34
11 36
11 46
11 52
11 54
11 56
11 63
11 86
11 128
11 142
11 154
12 13
12 14
12 15
12 16
12 17
12 18
12 19
12 20
12 21
12 23
12 24
12 25
12 27
12 34
12 38
12 39
12 40
12 42
12 47
12 54
12 55
12 59
12 66
12 68
12 70
12 71
12 72
12 75
12 76
12 77
12 82
12 85
12 91
12 95
12 108
12 110
12 111
12 117
12 120
12 126
13 14
13 15
13 18
13 19
13 20
13 22
13 24
13 28
13 29
13 38
13 39
13 41
13 49
13 121
13 128
13 154
14 15
14 16
14 18
14 21
14 22
14 24
14 33
14 35
14 36
14 37
14 39
14 40
14 42
14 43
14 44
14 48
14 53
14 60
14 62
14 77
14 79
14 81
14 84
14 86
14 88
14 116
14 125
14 126
14 136
14 142
14 158
15 18
15 21
15 32
15 49
15 56
15 57
15 60
15 64
15 80
15 98
15 103
15 144
15 151
16 19
16 24
16 26
16 27
16 33
16 36
16 48
16 52
16 58
16 72
16 95
16 105
16 130
16 137
16 140
16 159
17 21
17 23
17 26
17 30
17 31
17 49
17 50
17 59
17 64
17 72
17 76
17 78
17 80
17 111
17 127
17 152
18 20
18 28
18 29
18 30
18 43
18 128
18 154
19 22
19 29
19 32
19 39
19 51
19 67
19 69
19 104
19 106
19 146
20 21
20 23
20 28
20 29
20 31
20 35
20 37
20 44
20 45
20 47
20 49
20 61
20 62
20 90
20 104
20 127
20 128
20 153
21 23
21 30
21 35
21 37
21 42
21 44
21 47
21 49
21 53
21 58
21 61
21 62
22 24
22 40
22 67
22 74
22 126
23 30
23 32
23 51
23 57
23 59
23 73
23 76
23 89
25 26
25 31
25 35
25 38
25 40
25 41
25 68
25 78
25 94
26 27
26 78
28 35
28 37
28 42
28 45
28 72
28 90
28 97
28 101
28 107
28 125
28 128
29 32
29 56
29 57
29 73
29 106
30 32
30 49
30 51
30 55
30 57
30 59
30 76
30 80
30 127
30 143
30 147
31 33
31 38
31 46
31 50
31 60
31 65
31 66
31 70
31 83
31 86
31 94
31 95
31 119
31 122
31 137
31 138
32 49
32 51
32 57
32 60
32 68
32 73
32 80
32 89
32 91
32 98
32 101
32 106
32 143
32 146
32 151
32 157
33 34
33 35
33 36
33 37
33 43
33 48
33 52
33 54
33 61
33 62
33 64
33 65
33 66
33 71
33 72
33 75
33 82
33 85
33 86
33 87
33 88
33 92
33 93
33 100
33 102
33 105
33 108
33 112
33 113
33 116
33 117
33 118
33 122
33 124
33 129
33 138
33 140
33 147
33 148
33 149
33 151
33 159
34 39
34 42
34 46
34 54
34 55
34 56
34 59
34 61
34 63
34 65
34 72
34 75
34 76
34 109
34 110
34 124
34 125
34 127
34 129
34 135
34 148
34 149
34 154
34 159
35 36
35 37
35 38
35 39
35 41
35 42
35 44
35 45
35 47
35 48
35 52
35 53
35 58
35 61
35 65
35 70
35 71
35 79
35 83
35 84
35 85
35 90
35 93
35 95
35 99
35 104
35 109
35 116
35 118
35 120
35 121
35 131
35 134
35 136
35 141
35 153
35 156
35 158
36 37
36 43
36 48
36 52
36 53
36 54
36 64
36 71
36 87
36 88
36 90
36 92
36 93
36 100
36 111
36 112
36 114
36 118
36 130
36 142
36 153
37 38
37 41
37 43
37 45
37 48
37 52
37 58
37 62
37 79
37 81
37 90
37 94
37 96
37 97
37 115
37 117
37 119
37 123
37 125
37 153
38 39
38 41
38 47
38 64
38 67
38 69
38 70
38 74
38 77
38 79
38 81
38 94
38 96
38 111
38 114
38 115
38 117
38 121
38 133
38 144
38 157
39 40
39 41
39 42
39 44
39 45
39 50
39 56
39 63
39 71
39 75
39 83
39 84
39 87
39 92
39 93
39 94
39 96
39 102
39 104
39 115
39 117
39 120
39 123
39 134
39 153
40 46
40 50
40 66
40 67
40 69
40 71
40 75
40 82
40 92
40 93
40 96
40 102
40 136
40 152
41 58
41 62
41 70
41 94
41 119
41 120
42 44
42 45
42 46
42 47
42 61
42 71
42 92
42 102
42 121
43 48
43 55
43 59
43 71
43 76
43 81
43 86
43 88
43 92
43 113
43 125
43 127
43 130
43 154
43 159
44 45
44 50
44 53
44 60
44 83
44 96
44 99
44 100
44 112
44 123
44 132
44 155
45 58
45 119
45 134
45 136
45 137
46 53
46 54
46 55
46 63
46 67
46 69
46 74
46 75
46 84
47 53
47 67
47 69
47 85
47 137
47 150
47 157
48 62
48 65
48 66
48 79
48 82
48 86
48 90
48 97
48 109
48 124
48 138
49 51
49 73
49 80
49 98
49 103
49 143
49 147
50 68
50 83
50 91
50 96
50 123
50 134
50 139
50 150
51 57
51 59
51 66
51 76
51 82
51 89
51 98
51 102
51 108
51 126
51 138
51 146
51 147
51 152
52 54
52 56
52 81
52 86
52 90
52 113
52 116
52 130
52 153
53 99
53 131
54 63
54 88
54 95
54 135
54 142
55 127
55 129
55 148
56 87
56 120
56 129
56 135
56 148
57 68
57 73
57 89
57 91
57 101
57 107
57 143
57 146
58 156
59 76
59 127
59 152
60 64
60 73
60 89
60 98
60 103
60 114
60 143
61 67
61 69
61 74
61 77
61 85
61 132
61 136
61 153
61 157
61 159
62 65
62 81
62 97
62 101
62 107
62 109
62 119
62 124
62 145
62 159
63 84
63 110
63 120
64 70
64 78
64 79
64 80
64 87
64 100
64 111
64 112
64 114
64 118
64 131
64 141
64 144
64 151
64 155
64 156
65 79
65 86
65 89
65 95
65 99
65 109
65 110
65 116
65 124
65 129
65 133
65 148
65 158
66 75
66 82
66 108
66 111
66 113
66 138
66 147
67 69
67 70
67 74
67 94
67 121
68 73
68 89
68 91
68 98
68 103
68 150
69 74
69 77
69 157
70 74
70 80
70 99
70 104
70 114
70 131
70 141
70 144
71 75
71 92
71 93
71 130
71 149
71 153
71 158
72 129
72 133
72 148
73 91
73 106
73 146
74 77
74 115
74 117
74 131
74 137
74 141
75 82
75 84
75 93
75 105
75 108
75 110
75 113
75 135
75 138
75 140
76 135
77 85
77 102
77 133
78 79
78 87
78 133
79 81
79 94
79 109
79 111
79 118
79 125
79 144
79 156
80 87
80 98
80 103
80 146
80 154
81 90
81 97
81 115
81 119
81 139
82 104
82 108
82 113
82 126
83 99
83 100
83 155
84 87
84 96
84 134
85 95
85 126
85 132
85 134
85 158
86 88
86 116
86 124
87 113
87 149
88 151
89 91
89 101
89 106
89 107
89 146
89 150
90 97
90 99
90 100
90 112
90 119
90 139
90 145
91 146
92 93
92 122
92 130
93 156
94 121
95 104
95 109
96 97
96 121
96 123
96 124
96 139
96 143
96 145
97 101
97 102
97 123
97 132
97 139
97 145
98 101
98 103
98 106
98 107
98 150
99 100
99 105
99 109
99 112
99 131
99 140
99 141
100 112
100 122
100 130
100 144
100 155
101 103
101 107
101 143
101 157
102 118
102 120
102 145
102 159
103 107
104 118
104 131
104 141
105 122
105 135
105 140
105 150
105 151
105 152
106 140
106 154
107 126
107 132
107 137
107 157
108 147
109 110
109 158
110 135
111 114
111 138
112 114
112 116
112 133
112 144
113 116
113 133
113 138
114 115
114 144
115 117
115 125
116 149
117 125
117 151
118 122
118 158
118 159
120 134
121 123
121 139
121 156
122 140
123 124
123 134
123 136
123 143
123 145
123 152
124 139
124 149
126 137
126 152
128 132
129 148
129 155
130 142
131 141
132 139
136 155
136 156
137 150
138 149
139 145
141 158
