0 1
0 349
0 2
0 348
1 3
1 349
1 140
1 193
1 285
2 3
2 4
3 4
3 5
4 5
4 6
5 6
5 7
6 7
6 8
7 8
7 9
8 10
8 47
9 10
9 11
10 11
10 12
10 147
11 13
11 101
12 13
12 14
13 14
13 15
14 15
14 16
15 16
15 17
15 137
16 17
16 18
17 18
17 19
18 19
18 20
19 20
19 21
20 21
20 22
21 22
21 23
22 23
22 24
23 24
23 25
24 25
24 26
24 83
25 26
25 27
26 27
26 28
27 28
27 29
27 245
28 29
28 30
29 31
29 235
30 31
30 32
31 32
31 120
32 33
32 34
33 34
33 35
34 35
34 36
34 152
34 215
35 36
35 125
36 37
36 38
37 38
37 39
38 39
38 40
38 276
39 41
39 116
40 41
40 42
41 42
41 43
42 43
42 44
43 44
43 45
44 45
44 46
45 46
45 47
45 346
46 47
46 48
47 48
47 49
48 49
48 50
49 50
49 51
50 51
50 52
51 52
51 53
52 54
52 325
53 54
53 55
54 55
54 56
55 56
55 57
56 57
56 58
57 58
57 59
58 59
58 60
59 60
59 61
60 61
60 62
61 62
61 63
62 63
62 64
63 64
63 65
64 66
64 161
65 66
65 67
66 68
66 290
67 68
67 69
68 69
68 70
69 70
69 71
70 71
70 72
71 72
71 73
72 73
72 74
73 74
73 75
74 75
74 76
75 76
75 77
76 77
76 78
77 78
77 79
77 84
78 79
78 80
78 140
79 80
79 81
80 81
80 82
81 82
81 83
82 83
82 84
83 85
84 85
84 304
85 86
85 87
86 87
86 88
87 88
87 89
88 89
88 208
89 90
89 91
89 328
90 91
90 92
91 92
91 215
92 93
92 94
93 94
93 95
94 95
94 96
95 96
95 214
95 294
96 97
96 98
97 98
97 180
97 207
98 99
98 100
98 318
99 100
99 101
100 101
100 102
101 102
101 103
102 103
102 104
103 105
103 134
104 105
104 106
105 106
105 107
106 107
106 108
107 108
107 109
108 109
108 110
109 110
109 111
109 238
110 111
110 112
111 112
111 113
112 113
112 114
113 114
113 115
114 115
114 116
115 116
115 117
116 117
116 118
117 118
117 119
117 320
118 119
118 120
119 120
119 121
120 121
120 219
121 122
121 123
121 155
122 123
122 124
123 124
123 194
124 125
124 126
125 126
125 127
125 242
126 128
126 248
127 128
127 129
127 264
128 129
128 130
129 130
129 131
130 131
130 132
131 132
131 133
132 133
132 134
133 134
133 135
133 327
134 135
134 179
135 136
135 137
136 137
136 333
137 138
138 139
138 140
139 140
139 141
140 141
141 142
141 143
142 143
142 144
142 321
143 144
143 145
144 145
144 146
145 146
145 147
146 147
146 148
147 149
147 289
148 149
148 150
149 150
149 151
150 151
150 152
150 214
151 153
151 323
152 154
153 154
153 155
154 155
154 156
155 157
156 157
156 158
157 158
157 159
158 159
158 160
159 160
159 161
160 161
160 162
161 162
161 163
162 163
162 164
163 164
163 165
164 165
164 166
165 167
165 337
166 167
166 168
166 199
167 168
167 169
168 169
168 170
169 170
169 171
170 171
170 269
170 302
170 272
171 172
171 173
172 174
172 206
173 174
173 175
174 175
174 176
175 176
175 177
176 177
176 178
177 178
177 179
178 179
178 180
178 336
179 180
179 181
180 181
180 182
181 182
181 183
182 184
182 281
183 185
183 333
184 185
184 186
185 186
185 187
186 187
186 188
187 188
187 189
188 189
188 190
189 190
189 191
189 280
190 191
190 192
191 192
191 193
192 193
192 194
193 195
194 195
194 230
195 196
195 197
196 197
196 198
197 198
197 199
198 199
198 200
199 200
200 201
200 202
201 202
201 203
202 203
202 204
203 204
203 205
204 205
204 206
205 206
205 207
206 207
206 208
207 208
208 209
208 250
209 211
209 299
210 211
210 212
211 212
211 213
212 213
212 214
213 215
213 260
215 217
216 217
216 218
216 267
217 218
217 219
218 219
218 220
219 220
219 221
220 221
220 222
221 222
221 223
222 223
222 224
223 224
223 225
224 225
224 226
225 226
225 227
226 227
226 228
227 228
227 229
228 229
228 230
229 230
229 231
230 231
230 232
231 232
231 233
232 233
232 234
233 234
233 235
234 235
234 236
235 237
235 318
236 237
236 238
237 238
237 239
238 240
239 240
239 241
240 241
240 242
240 311
241 242
241 243
242 244
243 244
243 273
244 245
244 246
244 256
245 246
246 247
246 248
247 248
247 249
248 249
248 250
249 250
249 251
250 252
250 283
251 252
251 253
251 258
252 253
252 254
253 254
253 255
254 255
254 256
255 256
255 257
256 257
257 258
257 259
258 259
259 260
259 322
260 261
260 262
261 262
261 263
262 263
262 264
263 264
263 265
264 265
265 266
265 267
266 267
266 268
267 269
268 269
268 270
269 271
270 271
270 272
271 272
271 273
272 273
272 274
273 274
273 275
274 275
274 276
275 276
275 277
275 341
276 278
277 278
277 279
278 279
278 280
279 280
279 281
280 282
281 282
281 283
282 283
282 284
283 284
283 285
284 285
284 286
285 286
286 287
286 288
287 288
287 289
288 289
288 290
289 290
290 291
290 292
291 292
291 293
292 293
292 294
293 294
293 295
294 295
294 296
295 296
295 297
296 297
296 298
297 298
297 299
298 299
298 300
299 300
299 301
300 301
300 302
301 302
301 303
302 304
303 304
303 305
304 305
305 306
305 307
306 307
306 308
307 308
307 309
308 309
308 310
309 310
309 311
310 311
310 312
311 313
312 313
312 314
313 314
313 315
314 315
314 316
315 316
315 317
316 317
316 318
317 318
317 319
318 320
319 320
319 321
320 321
321 323
322 323
322 324
323 324
323 325
324 325
324 326
325 326
325 327
326 327
326 328
327 329
328 329
329 330
329 331
330 331
330 332
331 332
331 333
332 333
332 334
333 334
333 335
334 335
334 336
335 336
335 337
336 337
337 338
337 339
338 339
338 340
339 340
339 341
340 341
340 342
341 343
342 343
342 344
343 344
343 345
344 345
344 346
345 346
345 347
346 347
347 348
347 349
348 349
