0 1
0 2
0 3
0 346
0 5
0 345
0 6
0 344
0 7
0 343
0 8
0 342
0 9
0 341
0 10
0 340
0 11
0 339
0 12
0 338
0 14
0 336
0 15
0 335
0 16
0 334
0 17
0 331
0 20
0 330
0 21
0 329
0 328
0 23
0 24
0 326
0 25
0 26
0 324
0 323
0 28
0 322
0 29
0 30
0 320
0 31
0 318
0 33
0 316
0 35
0 315
0 88
0 141
0 308
0 252
0 291
0 40
0 195
0 192
0 313
0 197
0 268
0 349
0 190
1 4
1 347
1 8
1 344
1 9
1 343
1 10
1 342
1 11
1 341
1 340
1 13
1 339
1 14
1 15
1 337
1 16
1 336
1 17
1 18
1 334
1 19
1 333
1 332
1 23
1 329
1 24
1 25
1 327
1 26
1 326
1 27
1 325
1 28
1 324
1 29
1 323
1 30
1 322
1 31
1 32
1 320
1 33
1 319
1 318
1 35
1 317
1 36
1 316
1 140
1 91
1 175
1 265
1 224
1 70
1 272
1 62
1 122
1 294
1 219
1 259
1 348
1 74
1 20
2 4
2 349
2 6
2 348
2 7
2 8
2 9
2 344
2 343
2 12
2 13
2 341
2 14
2 15
2 339
2 16
2 338
2 17
2 337
2 18
2 336
2 19
2 335
2 20
2 334
2 21
2 22
2 332
2 23
2 24
2 330
2 25
2 26
2 328
2 27
2 327
2 326
2 29
2 325
2 30
2 324
2 31
2 323
2 33
2 321
2 34
2 320
2 35
2 36
2 37
2 317
2 71
2 240
2 81
2 245
2 276
2 70
2 311
2 174
2 51
2 58
2 304
2 201
2 114
3 4
3 5
3 6
3 7
3 8
3 348
3 347
3 10
3 346
3 11
3 345
3 12
3 344
3 13
3 343
3 14
3 342
3 341
3 16
3 340
3 17
3 339
3 18
3 19
3 337
3 20
3 336
3 335
3 334
3 23
3 333
3 24
3 332
3 26
3 330
3 27
3 329
3 29
3 327
3 30
3 326
3 31
3 325
3 32
3 324
3 33
3 323
3 34
3 322
3 35
3 321
3 36
3 320
3 37
3 38
3 318
3 135
3 271
3 114
3 261
3 283
3 152
3 154
3 119
3 45
3 100
3 275
3 303
3 82
3 220
3 101
4 5
4 6
4 7
4 8
4 9
4 10
4 347
4 12
4 345
4 14
4 344
4 15
4 342
4 17
4 341
4 18
4 340
4 19
4 20
4 338
4 337
4 22
4 336
4 23
4 335
4 24
4 334
4 25
4 333
4 332
4 27
4 331
4 28
4 330
4 329
4 30
4 328
4 31
4 327
4 32
4 326
4 33
4 325
4 323
4 36
4 322
4 37
4 321
4 38
4 320
4 39
4 319
4 184
4 312
4 183
4 191
4 260
4 311
4 106
4 339
4 277
4 222
4 237
4 160
4 242
4 85
4 154
4 119
4 279
4 88
4 199
4 291
5 6
5 8
5 9
5 11
5 12
5 348
5 13
5 347
5 14
5 346
5 15
5 345
5 16
5 344
5 343
5 341
5 20
5 340
5 339
5 22
5 338
5 23
5 337
5 24
5 25
5 26
5 334
5 28
5 332
5 29
5 331
5 30
5 330
5 31
5 32
5 327
5 326
5 325
5 36
5 37
5 323
5 322
5 39
5 320
5 68
5 263
5 101
5 76
5 43
5 58
5 131
5 173
5 310
5 70
5 146
5 47
5 236
5 274
5 102
5 164
5 191
5 285
5 243
5 238
5 215
5 279
6 8
6 9
6 10
6 12
6 13
6 349
6 348
6 15
6 347
6 16
6 346
6 17
6 345
6 343
6 342
6 21
6 341
6 340
6 23
6 338
6 25
6 337
6 26
6 336
6 27
6 28
6 29
6 333
6 332
6 331
6 32
6 330
6 33
6 329
6 34
6 328
6 35
6 36
6 326
6 37
6 325
6 324
6 39
6 323
6 322
6 41
6 321
6 216
6 188
6 313
6 62
6 125
6 220
6 231
6 124
6 318
6 235
6 207
6 122
6 142
6 167
6 170
6 83
6 335
6 271
6 168
6 192
6 129
6 84
6 49
7 9
7 11
7 12
7 13
7 14
7 349
7 16
7 17
7 347
7 18
7 346
7 19
7 345
7 20
7 344
7 343
7 22
7 342
7 23
7 341
7 24
7 25
7 339
7 26
7 338
7 27
7 337
7 28
7 336
7 335
7 334
7 32
7 332
7 33
7 331
7 34
7 330
7 35
7 329
7 36
7 328
7 37
7 327
7 38
7 326
7 325
7 40
7 324
7 41
7 42
7 322
7 47
7 168
7 150
7 267
7 291
7 110
7 252
7 288
7 223
7 321
7 309
8 10
8 11
8 12
8 13
8 14
8 17
8 349
8 18
8 348
8 19
8 347
8 20
8 345
8 22
8 344
8 23
8 343
8 24
8 342
8 341
8 26
8 340
8 339
8 28
8 338
8 30
8 336
8 31
8 335
8 32
8 33
8 333
8 34
8 332
8 35
8 331
8 36
8 330
8 37
8 38
8 328
8 40
8 326
8 41
8 325
8 42
8 324
8 43
8 258
8 202
8 133
8 277
8 132
8 53
8 292
8 102
8 252
8 78
8 260
8 166
8 228
8 287
8 242
8 280
8 76
8 262
9 10
9 11
9 12
9 13
9 14
9 15
9 16
9 17
9 18
9 19
9 349
9 20
9 21
9 22
9 23
9 344
9 25
9 343
9 342
9 27
9 341
9 28
9 340
9 29
9 339
9 30
9 338
9 31
9 32
9 336
9 33
9 335
9 34
9 334
9 35
9 333
9 37
9 331
9 38
9 330
9 39
9 329
9 328
9 41
9 327
9 44
9 324
9 252
9 107
9 132
9 275
9 251
9 233
9 272
9 174
9 167
9 150
9 69
10 11
10 12
10 13
10 15
10 16
10 17
10 19
10 21
10 22
10 348
10 23
10 24
10 346
10 345
10 26
10 344
10 28
10 342
10 29
10 341
10 30
10 340
10 339
10 32
10 338
10 33
10 34
10 336
10 35
10 335
10 36
10 334
10 37
10 333
10 38
10 332
10 39
10 40
10 330
10 41
10 329
10 42
10 43
10 44
10 326
10 45
10 325
10 84
10 293
10 323
10 87
10 310
10 74
10 212
10 108
10 127
10 143
10 14
10 172
10 61
10 182
10 292
10 289
11 12
11 13
11 14
11 15
11 16
11 18
11 19
11 22
11 347
11 26
11 346
11 27
11 345
11 28
11 344
11 29
11 343
11 342
11 31
11 341
11 32
11 340
11 339
11 338
11 35
11 337
11 36
11 336
11 37
11 335
11 38
11 39
11 333
11 40
11 332
11 41
11 331
11 42
11 330
11 43
11 329
11 44
11 45
11 327
11 46
11 326
11 49
11 295
11 204
11 143
11 277
11 56
11 145
11 296
11 71
11 240
11 158
11 188
11 63
11 256
11 93
11 87
11 160
11 100
11 239
11 81
11 98
12 13
12 14
12 15
12 17
12 18
12 19
12 21
12 22
12 23
12 24
12 25
12 348
12 27
12 347
12 28
12 346
12 29
12 345
12 30
12 344
12 343
12 32
12 342
12 33
12 341
12 34
12 35
12 36
12 338
12 37
12 337
12 38
12 336
12 335
12 40
12 334
12 41
12 333
12 42
12 332
12 43
12 331
12 330
12 45
12 329
12 46
12 328
12 327
12 48
12 280
12 260
12 72
12 262
12 242
12 53
12 255
12 268
12 89
13 14
13 15
13 16
13 17
13 18
13 21
13 22
13 24
13 25
13 27
13 349
13 348
13 29
13 347
13 31
13 345
13 32
13 344
13 343
13 34
13 342
13 35
13 341
13 36
13 340
13 37
13 339
13 338
13 39
13 337
13 336
13 335
13 42
13 43
13 333
13 44
13 332
13 45
13 46
13 330
13 47
13 48
13 96
13 164
13 233
13 317
13 109
13 275
13 106
13 111
13 159
13 83
13 294
13 285
13 59
13 172
13 71
13 87
13 61
13 156
14 15
14 16
14 17
14 18
14 19
14 20
14 21
14 22
14 23
14 26
14 27
14 349
14 348
14 347
14 33
14 345
14 34
14 344
14 343
14 36
14 342
14 341
14 38
14 39
14 40
14 338
14 41
14 337
14 42
14 336
14 43
14 44
14 334
14 45
14 333
14 46
14 332
14 47
14 331
14 330
14 49
14 329
14 90
14 320
14 314
14 316
14 86
14 184
14 226
14 183
14 270
14 65
14 57
14 219
14 111
14 202
14 58
14 326
15 16
15 17
15 19
15 20
15 21
15 23
15 24
15 26
15 27
15 28
15 30
15 31
15 349
15 32
15 33
15 34
15 346
15 345
15 37
15 343
15 38
15 39
15 341
15 40
15 340
15 41
15 339
15 42
15 338
15 43
15 337
15 44
15 336
15 45
15 335
15 46
15 334
15 47
15 333
15 48
15 332
15 49
15 331
15 50
15 330
15 120
15 186
15 262
15 115
15 110
15 153
15 259
15 95
15 66
15 147
15 174
15 52
15 286
15 29
15 280
16 17
16 18
16 19
16 20
16 21
16 22
16 23
16 24
16 25
16 26
16 27
16 29
16 31
16 32
16 33
16 349
16 348
16 347
16 36
16 37
16 345
16 38
16 344
16 39
16 40
16 342
16 41
16 42
16 340
16 339
16 44
16 45
16 337
16 46
16 336
16 47
16 48
16 49
16 50
16 331
16 56
16 264
16 207
16 209
16 279
16 121
16 216
16 323
16 71
16 182
16 291
16 287
16 106
16 295
16 206
16 292
16 111
16 159
16 194
17 18
17 19
17 20
17 21
17 23
17 24
17 25
17 26
17 27
17 29
17 32
17 33
17 35
17 349
17 36
17 348
17 37
17 347
17 38
17 346
17 39
17 345
17 40
17 41
17 343
17 43
17 341
17 44
17 340
17 45
17 46
17 47
17 337
17 48
17 334
17 51
17 333
17 52
17 169
17 71
17 85
17 270
17 241
17 157
17 257
17 172
17 66
17 199
17 181
17 183
17 223
17 259
18 20
18 21
18 22
18 23
18 24
18 26
18 27
18 28
18 29
18 30
18 31
18 32
18 33
18 34
18 35
18 36
18 37
18 349
18 38
18 347
18 40
18 346
18 41
18 345
18 42
18 344
18 43
18 343
18 44
18 45
18 341
18 46
18 340
18 339
18 338
18 337
18 50
18 336
18 335
18 52
18 334
18 53
18 333
18 216
18 254
18 114
18 175
18 129
18 156
18 167
18 302
18 188
18 327
18 308
18 274
18 330
18 74
19 20
19 21
19 22
19 24
19 25
19 26
19 27
19 29
19 30
19 31
19 34
19 35
19 36
19 37
19 349
19 40
19 348
19 41
19 42
19 346
19 43
19 345
19 44
19 344
19 45
19 343
19 46
19 342
19 48
19 49
19 339
19 338
19 51
19 337
19 52
19 53
19 335
19 54
19 334
19 282
19 298
19 94
19 112
19 288
19 81
19 196
19 155
19 312
19 236
19 118
19 188
19 65
19 262
19 305
19 55
20 22
20 23
20 24
20 25
20 26
20 27
20 28
20 31
20 32
20 35
20 38
20 39
20 40
20 349
20 42
20 348
20 43
20 347
20 44
20 346
20 45
20 345
20 46
20 344
20 47
20 343
20 48
20 342
20 49
20 341
20 340
20 51
20 339
20 53
20 337
20 335
20 172
20 302
20 208
20 282
20 218
20 58
20 278
20 120
20 114
20 61
20 232
20 146
20 115
20 134
20 144
20 153
20 109
20 37
20 84
21 25
21 26
21 27
21 28
21 29
21 30
21 31
21 32
21 34
21 35
21 36
21 37
21 38
21 39
21 40
21 41
21 43
21 349
21 44
21 348
21 45
21 347
21 46
21 47
21 345
21 344
21 49
21 343
21 50
21 342
21 51
21 341
21 52
21 53
21 339
21 338
21 55
21 337
21 56
21 194
21 326
21 324
21 285
21 81
21 78
21 151
21 192
21 309
21 220
21 140
21 117
21 271
21 200
21 231
21 315
21 230
21 306
21 260
22 24
22 25
22 26
22 27
22 30
22 31
22 32
22 33
22 34
22 35
22 36
22 37
22 38
22 39
22 41
22 42
22 43
22 44
22 45
22 349
22 46
22 47
22 347
22 48
22 346
22 49
22 345
22 50
22 344
22 51
22 343
22 342
22 341
22 54
22 340
22 56
22 338
22 57
22 337
22 176
22 245
22 334
22 117
22 89
22 192
22 272
22 101
22 62
22 198
22 99
22 266
22 206
23 24
23 25
23 27
23 28
23 29
23 30
23 32
23 33
23 34
23 35
23 36
23 40
23 41
23 42
23 44
23 45
23 46
23 47
23 349
23 48
23 348
23 347
23 50
23 346
23 51
23 345
23 53
23 54
23 342
23 55
23 341
23 56
23 340
23 57
23 339
23 58
23 338
23 183
23 85
23 118
23 277
23 169
23 281
23 103
23 306
23 211
23 224
23 31
23 91
23 111
23 187
23 248
23 196
24 25
24 26
24 27
24 28
24 30
24 31
24 33
24 34
24 37
24 38
24 39
24 40
24 41
24 42
24 44
24 45
24 46
24 47
24 49
24 349
24 50
24 51
24 52
24 346
24 53
24 345
24 54
24 344
24 55
24 343
24 56
24 342
24 57
24 341
24 58
24 59
24 339
24 75
24 153
24 242
24 97
24 119
24 175
24 87
24 200
24 69
24 165
24 202
24 132
24 256
25 26
25 28
25 30
25 33
25 34
25 38
25 39
25 40
25 41
25 42
25 43
25 44
25 46
25 49
25 50
25 51
25 52
25 348
25 53
25 347
25 54
25 55
25 344
25 58
25 342
25 59
25 341
25 340
25 225
25 158
25 93
25 207
25 160
25 231
25 200
25 162
25 102
25 31
25 198
25 312
25 330
25 128
25 245
25 192
25 70
25 309
25 264
26 27
26 30
26 31
26 32
26 33
26 34
26 35
26 37
26 38
26 39
26 40
26 41
26 42
26 43
26 45
26 46
26 48
26 50
26 51
26 52
26 349
26 54
26 348
26 55
26 347
26 346
26 57
26 344
26 59
26 343
26 60
26 342
26 61
26 341
26 146
26 192
26 28
26 167
26 259
26 29
26 301
26 143
26 191
26 84
26 218
26 75
26 90
26 194
26 117
26 240
26 319
26 229
26 153
26 82
26 133
27 28
27 30
27 31
27 32
27 33
27 34
27 35
27 36
27 37
27 38
27 39
27 40
27 41
27 42
27 43
27 44
27 45
27 46
27 47
27 48
27 49
27 51
27 52
27 53
27 54
27 55
27 56
27 347
27 58
27 346
27 345
27 60
27 344
27 61
27 343
27 171
27 325
27 71
27 155
27 132
27 212
27 131
27 285
27 186
27 235
27 153
27 95
27 167
27 193
28 29
28 30
28 31
28 32
28 33
28 35
28 36
28 37
28 38
28 39
28 41
28 42
28 43
28 45
28 46
28 48
28 49
28 50
28 51
28 52
28 53
28 54
28 55
28 56
28 57
28 349
28 58
28 60
28 346
28 61
28 345
28 62
28 344
28 63
28 87
28 172
28 301
28 335
28 284
28 203
28 251
28 280
28 188
28 125
28 211
28 327
28 133
28 76
29 30
29 31
29 36
29 37
29 38
29 39
29 40
29 41
29 43
29 44
29 45
29 46
29 48
29 49
29 50
29 51
29 52
29 54
29 55
29 56
29 58
29 59
29 348
29 61
29 347
29 62
29 346
29 63
29 345
29 344
29 271
29 269
29 222
29 343
29 254
29 165
29 310
29 250
29 146
29 247
29 289
29 151
29 76
30 31
30 33
30 35
30 36
30 37
30 38
30 39
30 40
30 41
30 43
30 44
30 45
30 46
30 47
30 48
30 49
30 50
30 53
30 54
30 56
30 57
30 60
30 62
30 348
30 63
30 347
30 64
30 65
30 118
30 215
30 343
30 289
30 73
30 338
30 113
30 121
30 293
30 250
30 172
30 158
30 303
30 285
30 297
30 333
30 174
30 141
31 32
31 33
31 34
31 35
31 37
31 38
31 40
31 41
31 42
31 43
31 46
31 47
31 49
31 50
31 51
31 52
31 53
31 54
31 56
31 58
31 59
31 60
31 61
31 62
31 63
31 64
31 65
31 66
31 346
31 322
31 201
31 176
31 238
31 109
31 76
31 148
31 267
31 264
31 340
31 191
32 33
32 36
32 37
32 38
32 39
32 40
32 41
32 42
32 43
32 44
32 45
32 46
32 48
32 49
32 50
32 51
32 52
32 54
32 55
32 57
32 59
32 60
32 61
32 63
32 64
32 65
32 66
32 348
32 67
32 347
32 132
32 109
32 89
32 201
32 214
32 190
32 296
32 218
32 243
32 100
32 129
32 320
32 189
33 34
33 37
33 38
33 39
33 41
33 42
33 43
33 44
33 45
33 47
33 48
33 49
33 50
33 51
33 52
33 54
33 55
33 56
33 57
33 58
33 59
33 60
33 61
33 62
33 63
33 64
33 66
33 67
33 349
33 68
33 348
33 208
33 195
33 317
33 288
33 227
33 239
33 221
33 202
33 260
33 340
33 188
33 181
33 336
33 84
34 35
34 36
34 37
34 39
34 40
34 43
34 44
34 45
34 46
34 48
34 50
34 51
34 52
34 55
34 57
34 59
34 60
34 61
34 62
34 63
34 64
34 65
34 67
34 349
34 137
34 196
34 109
34 128
34 332
34 71
34 341
34 184
34 90
34 158
34 70
34 92
34 310
34 235
34 232
34 308
34 121
34 73
34 119
34 347
34 312
34 211
34 56
34 269
34 145
34 87
35 37
35 38
35 39
35 40
35 41
35 45
35 46
35 48
35 50
35 51
35 52
35 53
35 55
35 56
35 57
35 58
35 62
35 64
35 65
35 66
35 68
35 69
35 70
35 116
35 79
35 203
35 143
35 179
35 150
35 335
35 332
35 295
35 72
35 126
35 303
35 273
35 238
35 98
35 89
35 301
35 158
35 110
35 239
35 118
35 168
36 37
36 39
36 40
36 43
36 44
36 45
36 46
36 48
36 49
36 50
36 51
36 52
36 54
36 55
36 56
36 57
36 58
36 59
36 60
36 61
36 62
36 63
36 64
36 66
36 67
36 69
36 70
36 71
36 215
36 293
36 290
36 120
36 231
36 338
36 312
36 237
36 181
36 316
36 153
37 38
37 39
37 42
37 43
37 44
37 45
37 46
37 48
37 49
37 50
37 52
37 53
37 54
37 55
37 57
37 58
37 60
37 61
37 62
37 63
37 64
37 65
37 66
37 67
37 68
37 70
37 71
37 326
37 79
37 216
37 75
37 273
37 263
37 234
37 290
37 304
37 189
37 343
37 143
37 266
37 333
37 41
37 105
37 200
37 178
38 39
38 40
38 41
38 46
38 47
38 49
38 50
38 52
38 53
38 54
38 55
38 57
38 59
38 60
38 61
38 62
38 64
38 65
38 66
38 68
38 71
38 72
38 73
38 162
38 251
38 217
38 259
38 225
38 340
38 143
38 210
38 81
38 114
38 142
38 348
38 282
38 252
38 89
38 306
38 187
38 227
38 261
39 40
39 41
39 42
39 43
39 44
39 45
39 46
39 48
39 50
39 51
39 53
39 54
39 55
39 57
39 58
39 59
39 60
39 61
39 62
39 63
39 64
39 65
39 66
39 67
39 68
39 69
39 70
39 71
39 72
39 73
39 333
39 105
39 289
39 293
39 315
39 287
39 313
39 81
39 156
39 271
39 299
39 282
39 106
40 41
40 44
40 46
40 47
40 49
40 50
40 52
40 53
40 54
40 56
40 58
40 60
40 65
40 68
40 69
40 70
40 73
40 74
40 294
40 238
40 100
40 104
40 149
40 280
40 85
40 79
40 239
40 322
40 183
40 147
40 247
40 235
40 191
40 128
40 139
40 202
40 207
40 245
40 140
40 340
40 261
40 308
41 42
41 43
41 44
41 45
41 46
41 49
41 50
41 51
41 52
41 53
41 54
41 56
41 57
41 59
41 63
41 64
41 66
41 69
41 70
41 71
41 72
41 73
41 75
41 76
41 202
41 184
41 261
41 161
41 301
41 120
41 323
41 169
41 105
41 188
41 345
41 340
41 164
41 140
41 292
41 204
41 193
42 43
42 45
42 47
42 49
42 50
42 51
42 52
42 54
42 56
42 57
42 58
42 59
42 60
42 61
42 62
42 64
42 66
42 67
42 68
42 69
42 70
42 72
42 74
42 75
42 77
42 180
42 172
42 106
42 83
42 242
42 325
42 340
42 289
42 312
42 231
42 112
42 241
42 252
42 114
42 247
42 174
42 310
42 125
42 135
43 45
43 47
43 48
43 49
43 50
43 52
43 53
43 54
43 56
43 57
43 58
43 61
43 62
43 63
43 64
43 65
43 67
43 68
43 69
43 70
43 71
43 72
43 73
43 74
43 75
43 76
43 77
43 78
43 181
43 226
43 211
43 203
43 101
43 328
43 149
43 217
43 209
43 165
43 301
44 46
44 47
44 48
44 49
44 50
44 51
44 52
44 53
44 54
44 56
44 57
44 59
44 60
44 61
44 62
44 65
44 66
44 67
44 68
44 69
44 70
44 71
44 72
44 73
44 76
44 77
44 78
44 79
44 136
44 238
44 85
44 94
44 203
44 249
44 207
44 325
44 163
44 99
44 305
44 111
44 165
45 46
45 47
45 48
45 49
45 50
45 51
45 52
45 53
45 54
45 56
45 57
45 58
45 60
45 61
45 62
45 63
45 64
45 65
45 66
45 67
45 68
45 70
45 71
45 72
45 73
45 74
45 75
45 76
45 77
45 78
45 89
45 335
45 264
45 334
45 249
45 155
45 164
45 115
45 232
45 295
45 319
46 47
46 48
46 49
46 52
46 54
46 55
46 57
46 58
46 59
46 61
46 62
46 63
46 64
46 65
46 66
46 67
46 71
46 72
46 73
46 76
46 81
46 335
46 92
46 265
46 330
46 159
46 338
46 135
46 188
46 222
46 333
46 56
46 291
46 97
46 230
46 98
46 331
46 150
46 205
46 167
46 245
46 100
46 118
47 49
47 50
47 51
47 55
47 57
47 61
47 62
47 64
47 66
47 68
47 69
47 70
47 71
47 74
47 75
47 76
47 77
47 78
47 79
47 82
47 325
47 166
47 83
47 283
47 174
47 338
47 316
47 126
47 179
47 251
47 205
47 167
47 216
47 212
47 293
47 307
47 335
47 235
47 141
47 107
47 292
47 148
47 270
47 196
47 159
48 50
48 51
48 52
48 53
48 54
48 55
48 56
48 57
48 60
48 61
48 62
48 63
48 66
48 67
48 68
48 69
48 70
48 71
48 72
48 73
48 74
48 75
48 76
48 77
48 78
48 79
48 81
48 82
48 83
48 125
48 181
48 105
48 335
48 296
48 156
48 186
48 306
48 171
48 158
48 315
48 243
48 64
49 51
49 52
49 53
49 54
49 55
49 56
49 57
49 58
49 59
49 60
49 61
49 62
49 63
49 64
49 65
49 66
49 67
49 68
49 69
49 71
49 72
49 73
49 74
49 75
49 77
49 78
49 79
49 80
49 81
49 83
49 84
49 194
49 148
49 212
49 303
49 343
49 224
49 260
49 122
49 342
49 344
49 306
49 141
49 155
49 245
50 51
50 52
50 53
50 55
50 56
50 57
50 58
50 59
50 60
50 61
50 62
50 63
50 64
50 65
50 69
50 70
50 72
50 73
50 75
50 76
50 77
50 78
50 80
50 81
50 84
50 212
50 224
50 332
50 333
50 262
50 96
50 162
50 127
50 103
50 246
50 168
50 165
50 282
50 129
50 125
50 88
50 68
50 137
51 52
51 53
51 54
51 56
51 57
51 58
51 60
51 61
51 63
51 64
51 65
51 66
51 67
51 68
51 69
51 71
51 72
51 73
51 75
51 76
51 77
51 78
51 79
51 80
51 81
51 82
51 83
51 85
51 86
51 186
51 134
51 340
51 336
51 145
51 159
51 264
51 132
51 312
51 147
51 306
51 187
51 205
51 283
51 291
52 53
52 54
52 55
52 56
52 57
52 58
52 60
52 62
52 63
52 65
52 67
52 68
52 69
52 70
52 72
52 74
52 75
52 76
52 77
52 78
52 79
52 80
52 81
52 82
52 83
52 84
52 86
52 87
52 310
52 170
52 337
52 218
52 285
52 109
52 180
52 327
52 91
52 193
52 184
52 192
52 290
52 280
53 55
53 58
53 59
53 60
53 61
53 62
53 63
53 65
53 66
53 67
53 69
53 70
53 72
53 73
53 74
53 75
53 79
53 80
53 81
53 82
53 83
53 84
53 85
53 86
53 87
53 88
53 166
53 195
53 227
53 183
53 318
53 269
53 245
53 177
53 155
53 311
53 222
53 147
53 296
53 346
54 55
54 56
54 57
54 58
54 59
54 60
54 62
54 63
54 65
54 66
54 67
54 68
54 69
54 70
54 72
54 73
54 74
54 75
54 76
54 78
54 79
54 80
54 81
54 82
54 83
54 84
54 85
54 86
54 87
54 88
54 89
54 96
54 349
54 298
54 310
54 197
54 289
54 332
54 301
54 338
54 242
54 71
54 179
54 326
54 168
54 117
54 143
54 119
54 171
54 158
55 56
55 57
55 58
55 59
55 60
55 61
55 62
55 63
55 65
55 67
55 68
55 70
55 71
55 72
55 74
55 75
55 76
55 77
55 78
55 79
55 80
55 81
55 82
55 83
55 84
55 85
55 86
55 89
55 90
55 305
55 258
55 339
55 145
55 312
55 320
55 298
55 346
55 321
55 209
55 267
55 316
55 184
55 261
55 176
55 108
56 58
56 59
56 60
56 61
56 62
56 63
56 65
56 66
56 67
56 68
56 70
56 71
56 72
56 73
56 74
56 77
56 78
56 79
56 81
56 82
56 83
56 84
56 85
56 86
56 87
56 89
56 90
56 91
56 341
56 284
56 278
56 93
56 315
56 115
56 196
56 263
56 165
56 298
56 132
56 144
57 58
57 59
57 60
57 62
57 64
57 66
57 67
57 68
57 69
57 70
57 71
57 72
57 73
57 75
57 77
57 78
57 80
57 82
57 83
57 84
57 87
57 89
57 90
57 91
57 92
57 122
57 132
57 177
57 267
57 342
57 145
57 190
57 211
57 104
57 135
57 298
57 165
57 115
57 144
57 116
57 172
57 114
57 300
58 59
58 60
58 61
58 62
58 63
58 66
58 67
58 68
58 69
58 71
58 72
58 73
58 74
58 75
58 77
58 79
58 80
58 81
58 83
58 85
58 86
58 87
58 88
58 89
58 90
58 92
58 93
58 300
58 195
58 304
58 204
58 223
58 219
58 122
58 131
58 179
58 184
58 242
58 249
58 291
58 112
58 239
58 102
59 61
59 62
59 63
59 64
59 66
59 67
59 69
59 70
59 71
59 72
59 73
59 74
59 75
59 76
59 78
59 79
59 81
59 82
59 83
59 84
59 85
59 87
59 88
59 89
59 90
59 92
59 93
59 94
59 290
59 231
59 174
59 236
59 307
59 251
59 250
59 279
59 276
59 170
59 196
59 206
59 232
59 260
59 126
59 212
60 61
60 62
60 63
60 64
60 65
60 66
60 68
60 69
60 70
60 71
60 72
60 73
60 75
60 76
60 77
60 78
60 80
60 82
60 83
60 84
60 85
60 86
60 87
60 90
60 92
60 94
60 95
60 255
60 154
60 74
60 342
60 290
60 322
60 345
60 274
60 151
60 261
60 344
61 62
61 63
61 64
61 65
61 66
61 67
61 68
61 69
61 70
61 71
61 72
61 73
61 74
61 75
61 76
61 77
61 81
61 82
61 83
61 85
61 86
61 87
61 88
61 89
61 91
61 93
61 94
61 96
61 198
61 104
61 302
61 272
61 345
61 271
61 307
61 340
61 163
61 309
61 348
61 79
61 254
61 162
61 215
62 63
62 64
62 65
62 66
62 67
62 68
62 70
62 71
62 73
62 75
62 77
62 78
62 79
62 80
62 82
62 84
62 85
62 87
62 89
62 90
62 91
62 92
62 94
62 97
62 145
62 106
62 334
62 284
62 120
62 330
62 291
62 300
62 315
62 349
62 273
62 214
62 202
62 267
62 235
62 170
63 64
63 65
63 66
63 67
63 68
63 69
63 70
63 71
63 72
63 73
63 75
63 76
63 79
63 81
63 82
63 84
63 85
63 86
63 87
63 89
63 90
63 91
63 92
63 93
63 95
63 96
63 97
63 98
63 256
63 276
63 271
63 113
63 219
63 258
63 148
63 205
63 105
63 197
63 224
63 120
63 147
63 179
64 65
64 66
64 68
64 69
64 70
64 71
64 72
64 73
64 74
64 77
64 78
64 80
64 81
64 82
64 84
64 85
64 86
64 87
64 88
64 89
64 91
64 93
64 96
64 97
64 99
64 310
64 151
64 186
64 106
64 305
64 174
64 116
64 167
64 226
64 293
64 147
64 227
64 294
64 172
64 184
64 298
64 308
65 66
65 68
65 69
65 70
65 71
65 73
65 74
65 75
65 76
65 77
65 78
65 79
65 80
65 82
65 83
65 84
65 85
65 86
65 88
65 89
65 90
65 91
65 93
65 94
65 95
65 96
65 97
65 98
65 99
65 100
65 257
65 219
65 291
65 127
65 212
65 242
65 165
65 143
65 171
65 287
65 213
65 253
65 147
65 164
65 185
65 324
65 104
66 67
66 69
66 70
66 71
66 72
66 73
66 74
66 75
66 77
66 78
66 79
66 80
66 82
66 83
66 85
66 86
66 89
66 90
66 94
66 95
66 97
66 98
66 99
66 100
66 245
66 236
66 253
66 128
66 206
66 217
66 228
66 148
66 242
66 306
66 278
66 171
66 196
66 349
66 291
66 193
67 70
67 71
67 72
67 73
67 74
67 75
67 77
67 78
67 80
67 81
67 82
67 83
67 84
67 85
67 86
67 87
67 88
67 89
67 90
67 91
67 92
67 93
67 94
67 95
67 97
67 98
67 100
67 102
67 287
67 208
67 133
67 191
67 308
67 349
67 170
67 227
67 195
67 197
67 265
67 164
67 299
67 244
68 69
68 70
68 71
68 72
68 73
68 76
68 77
68 78
68 79
68 80
68 81
68 82
68 83
68 84
68 85
68 86
68 87
68 88
68 90
68 92
68 93
68 94
68 95
68 96
68 97
68 98
68 99
68 100
68 101
68 163
68 283
68 234
68 241
68 125
68 171
68 235
68 193
68 105
68 322
68 279
68 270
68 332
68 184
68 256
68 331
68 136
69 70
69 73
69 74
69 75
69 76
69 77
69 78
69 79
69 80
69 81
69 82
69 83
69 85
69 86
69 87
69 88
69 89
69 90
69 91
69 93
69 94
69 95
69 96
69 98
69 99
69 100
69 102
69 103
69 167
69 180
69 142
69 207
69 285
69 109
69 247
69 175
69 244
69 105
69 132
69 343
69 137
69 248
70 71
70 72
70 74
70 75
70 76
70 77
70 78
70 79
70 80
70 81
70 82
70 83
70 84
70 85
70 86
70 88
70 89
70 90
70 91
70 93
70 94
70 95
70 96
70 98
70 99
70 101
70 102
70 103
70 317
70 277
70 136
70 274
70 236
70 292
70 170
70 297
70 197
70 302
70 205
70 344
71 72
71 73
71 74
71 75
71 76
71 77
71 80
71 81
71 82
71 83
71 84
71 88
71 91
71 92
71 93
71 94
71 95
71 97
71 98
71 100
71 101
71 102
71 103
71 104
71 105
71 145
71 306
71 226
71 275
71 183
71 278
71 154
71 273
71 203
71 279
71 215
71 204
71 186
72 73
72 74
72 75
72 77
72 78
72 80
72 82
72 83
72 84
72 85
72 87
72 88
72 89
72 91
72 92
72 93
72 94
72 95
72 96
72 97
72 98
72 99
72 100
72 101
72 103
72 104
72 105
72 106
72 107
72 128
72 186
72 237
72 110
72 254
72 310
72 76
72 256
72 312
72 141
72 194
72 259
72 175
72 245
72 198
72 270
72 348
72 264
72 126
72 328
73 74
73 75
73 76
73 78
73 81
73 82
73 83
73 85
73 87
73 88
73 89
73 91
73 94
73 95
73 96
73 98
73 99
73 100
73 101
73 102
73 103
73 104
73 105
73 106
73 108
73 349
73 247
73 246
73 292
73 316
73 226
73 339
73 173
73 183
73 171
73 328
73 205
73 318
73 280
73 161
73 268
73 275
73 142
73 86
74 76
74 77
74 78
74 79
74 80
74 81
74 82
74 84
74 85
74 86
74 87
74 88
74 90
74 91
74 93
74 94
74 96
74 98
74 99
74 100
74 101
74 102
74 103
74 107
74 252
74 309
74 320
74 206
74 171
74 190
74 212
74 346
74 214
74 135
74 303
74 205
74 229
74 245
74 291
74 292
74 345
75 77
75 79
75 80
75 82
75 83
75 84
75 85
75 86
75 87
75 88
75 89
75 90
75 91
75 92
75 96
75 97
75 98
75 99
75 100
75 102
75 103
75 104
75 105
75 107
75 109
75 110
75 321
75 156
75 296
75 212
75 234
75 297
75 230
75 171
75 341
75 300
75 133
75 349
75 227
75 323
75 332
76 77
76 78
76 79
76 81
76 83
76 84
76 85
76 88
76 89
76 92
76 94
76 96
76 97
76 99
76 100
76 101
76 102
76 104
76 105
76 106
76 108
76 109
76 111
76 264
76 194
76 117
76 328
76 343
76 154
76 336
76 214
76 203
76 287
76 296
76 317
76 177
76 172
76 347
77 79
77 80
77 81
77 82
77 83
77 84
77 89
77 90
77 91
77 92
77 94
77 95
77 96
77 98
77 99
77 100
77 101
77 103
77 104
77 105
77 106
77 108
77 109
77 110
77 111
77 112
77 348
77 346
77 229
77 250
77 309
77 329
77 176
77 113
77 286
77 86
77 155
77 232
77 241
77 162
77 93
78 79
78 81
78 82
78 83
78 84
78 85
78 87
78 88
78 89
78 93
78 97
78 98
78 99
78 101
78 103
78 106
78 107
78 108
78 109
78 110
78 111
78 112
78 113
78 179
78 302
78 312
78 270
78 334
78 305
78 186
78 335
78 316
78 185
78 328
78 249
78 210
78 190
78 168
78 207
78 264
78 324
78 340
78 292
78 271
79 82
79 83
79 84
79 85
79 86
79 87
79 88
79 90
79 92
79 93
79 94
79 95
79 98
79 100
79 103
79 105
79 106
79 108
79 109
79 111
79 112
79 195
79 213
79 80
79 277
79 294
79 306
79 226
79 175
79 331
79 155
79 120
79 115
79 305
79 349
79 214
80 81
80 82
80 83
80 84
80 85
80 86
80 87
80 88
80 89
80 90
80 91
80 92
80 93
80 94
80 95
80 96
80 98
80 100
80 101
80 102
80 103
80 105
80 106
80 107
80 109
80 111
80 113
80 114
80 115
80 346
80 120
80 297
80 323
80 173
80 210
80 281
80 118
80 181
80 276
80 138
80 249
80 306
80 270
80 189
81 82
81 83
81 85
81 88
81 89
81 90
81 91
81 92
81 94
81 95
81 98
81 99
81 100
81 101
81 102
81 103
81 106
81 107
81 108
81 110
81 111
81 113
81 115
81 280
81 151
81 312
81 158
81 343
81 305
81 188
81 276
81 181
81 264
81 119
81 259
81 121
81 270
82 83
82 84
82 85
82 87
82 88
82 89
82 90
82 91
82 93
82 94
82 96
82 97
82 99
82 100
82 101
82 103
82 104
82 106
82 107
82 111
82 112
82 113
82 114
82 115
82 117
82 270
82 223
82 173
82 212
82 207
82 290
82 336
82 333
82 297
82 253
82 256
82 291
82 315
82 225
82 260
82 191
82 267
83 84
83 85
83 86
83 88
83 89
83 91
83 92
83 93
83 94
83 95
83 97
83 100
83 101
83 102
83 104
83 105
83 108
83 110
83 113
83 114
83 116
83 117
83 271
83 230
83 305
83 260
83 142
83 269
83 294
83 157
83 148
83 136
83 158
83 192
83 126
83 307
83 298
83 128
84 85
84 88
84 89
84 90
84 91
84 92
84 93
84 94
84 95
84 96
84 97
84 99
84 100
84 101
84 102
84 105
84 106
84 107
84 108
84 109
84 111
84 113
84 114
84 117
84 118
84 235
84 276
84 197
84 274
84 219
84 192
84 227
84 194
84 238
84 163
84 140
84 210
84 336
85 86
85 87
85 88
85 89
85 90
85 92
85 93
85 94
85 95
85 96
85 97
85 98
85 99
85 100
85 101
85 102
85 103
85 104
85 105
85 108
85 109
85 110
85 112
85 114
85 115
85 116
85 117
85 118
85 119
85 120
85 246
85 226
85 303
85 214
85 240
85 321
85 311
85 224
85 236
85 152
86 89
86 90
86 91
86 94
86 95
86 96
86 97
86 98
86 99
86 102
86 103
86 105
86 106
86 107
86 109
86 110
86 114
86 116
86 117
86 118
86 119
86 120
86 121
86 274
86 242
86 303
86 229
86 167
86 262
86 256
86 139
86 223
86 283
86 333
86 236
86 163
86 181
86 243
86 258
86 307
86 137
86 259
87 88
87 89
87 90
87 91
87 92
87 93
87 94
87 95
87 96
87 98
87 99
87 100
87 101
87 102
87 103
87 104
87 105
87 106
87 107
87 108
87 109
87 110
87 112
87 113
87 114
87 116
87 117
87 118
87 119
87 120
87 121
87 122
87 331
87 333
87 147
87 276
87 194
87 267
88 89
88 90
88 91
88 92
88 94
88 95
88 97
88 98
88 99
88 100
88 103
88 105
88 106
88 107
88 108
88 109
88 110
88 111
88 113
88 114
88 115
88 116
88 117
88 120
88 123
88 275
88 198
88 206
88 297
88 227
88 136
88 325
88 143
88 304
88 294
88 194
88 148
88 302
88 220
89 90
89 93
89 94
89 96
89 97
89 98
89 101
89 102
89 103
89 104
89 105
89 106
89 107
89 111
89 112
89 115
89 116
89 119
89 120
89 122
89 124
89 131
89 259
89 246
89 346
89 201
89 232
89 287
89 280
89 248
89 154
89 155
89 166
89 169
89 242
89 140
89 265
89 257
89 296
89 309
89 142
89 303
89 341
89 267
89 228
90 91
90 92
90 93
90 95
90 96
90 97
90 98
90 99
90 101
90 103
90 104
90 106
90 107
90 108
90 109
90 111
90 113
90 114
90 115
90 116
90 117
90 118
90 120
90 121
90 122
90 123
90 124
90 125
90 303
90 296
90 151
90 131
90 185
90 161
90 217
90 178
90 147
90 347
90 134
90 317
90 146
91 94
91 95
91 96
91 99
91 100
91 103
91 106
91 108
91 110
91 113
91 114
91 115
91 116
91 117
91 118
91 120
91 121
91 122
91 123
91 125
91 126
91 310
91 306
91 223
91 322
91 330
91 221
91 338
91 346
91 208
91 166
91 105
91 263
91 244
91 107
91 284
91 318
92 93
92 94
92 95
92 98
92 99
92 100
92 101
92 102
92 103
92 104
92 106
92 107
92 108
92 109
92 111
92 112
92 113
92 114
92 115
92 116
92 117
92 118
92 121
92 123
92 124
92 126
92 127
92 332
92 300
92 256
92 248
92 272
92 168
92 214
92 150
92 188
92 250
92 182
92 130
92 166
92 237
92 219
92 306
93 94
93 95
93 96
93 97
93 99
93 100
93 101
93 102
93 103
93 104
93 106
93 108
93 109
93 110
93 111
93 112
93 113
93 116
93 118
93 120
93 121
93 122
93 125
93 126
93 160
93 162
93 246
93 203
93 285
93 298
93 238
93 214
93 255
93 223
93 146
93 301
93 349
93 137
93 302
93 206
93 232
94 95
94 96
94 97
94 99
94 105
94 106
94 107
94 108
94 109
94 110
94 111
94 112
94 113
94 114
94 115
94 116
94 117
94 118
94 119
94 120
94 122
94 123
94 124
94 126
94 127
94 128
94 129
94 211
94 319
94 337
94 132
94 213
94 272
94 144
94 241
94 286
94 298
94 155
95 96
95 99
95 100
95 101
95 102
95 103
95 105
95 106
95 108
95 111
95 113
95 114
95 115
95 116
95 117
95 118
95 119
95 120
95 121
95 122
95 123
95 124
95 125
95 126
95 127
95 128
95 129
95 130
95 195
95 159
95 346
95 205
95 174
95 211
95 326
95 275
95 206
95 244
95 307
95 152
95 252
95 226
95 290
96 99
96 100
96 101
96 104
96 105
96 106
96 108
96 110
96 112
96 113
96 115
96 116
96 117
96 118
96 119
96 120
96 121
96 122
96 123
96 124
96 125
96 127
96 128
96 129
96 130
96 131
96 233
96 286
96 313
96 139
96 162
96 223
96 260
96 143
96 235
96 319
96 151
96 348
97 98
97 99
97 100
97 101
97 103
97 104
97 106
97 107
97 108
97 109
97 110
97 111
97 112
97 113
97 115
97 116
97 119
97 122
97 123
97 124
97 127
97 129
97 130
97 131
97 132
97 304
97 211
97 288
97 299
97 290
97 278
97 173
97 177
97 203
97 224
97 147
97 186
97 215
97 259
97 316
97 188
97 279
97 340
98 99
98 100
98 101
98 103
98 104
98 105
98 106
98 107
98 108
98 109
98 110
98 111
98 113
98 115
98 116
98 117
98 118
98 119
98 121
98 122
98 123
98 125
98 126
98 127
98 128
98 129
98 130
98 131
98 132
98 158
98 167
98 240
98 346
98 241
98 299
98 148
98 335
98 140
98 215
98 313
99 100
99 101
99 102
99 103
99 104
99 105
99 106
99 107
99 108
99 109
99 110
99 111
99 112
99 113
99 114
99 115
99 116
99 117
99 118
99 119
99 120
99 121
99 122
99 123
99 124
99 126
99 127
99 128
99 129
99 130
99 131
99 132
99 133
99 134
99 245
99 338
99 229
99 331
99 187
99 246
100 101
100 102
100 103
100 105
100 107
100 108
100 109
100 110
100 111
100 112
100 113
100 115
100 117
100 118
100 119
100 120
100 121
100 123
100 124
100 125
100 130
100 131
100 132
100 133
100 134
100 135
100 194
100 223
100 230
100 231
100 245
100 302
100 236
100 193
100 233
101 103
101 104
101 109
101 111
101 112
101 113
101 114
101 116
101 117
101 118
101 120
101 121
101 122
101 123
101 126
101 127
101 128
101 130
101 131
101 133
101 135
101 136
101 276
101 338
101 311
101 280
101 281
101 137
101 252
101 312
101 140
101 306
101 150
101 326
101 331
101 204
101 168
101 194
101 217
101 210
101 220
101 319
102 103
102 106
102 107
102 108
102 110
102 112
102 114
102 115
102 116
102 118
102 119
102 121
102 122
102 123
102 124
102 126
102 127
102 129
102 130
102 131
102 132
102 133
102 134
102 135
102 137
102 303
102 274
102 145
102 231
102 177
102 149
102 249
102 144
102 251
102 270
102 209
102 148
102 349
102 344
102 284
102 159
102 142
102 260
102 164
103 104
103 105
103 107
103 109
103 110
103 113
103 115
103 116
103 117
103 118
103 119
103 120
103 121
103 122
103 123
103 125
103 126
103 127
103 128
103 130
103 131
103 134
103 135
103 136
103 137
103 138
103 188
103 144
103 334
103 195
103 292
103 146
103 312
103 275
103 233
103 270
103 261
103 111
103 328
103 191
103 202
103 303
103 177
103 287
104 105
104 106
104 107
104 108
104 109
104 111
104 112
104 115
104 116
104 117
104 120
104 121
104 122
104 123
104 124
104 125
104 126
104 127
104 128
104 129
104 130
104 132
104 133
104 135
104 136
104 139
104 275
104 222
104 310
104 323
104 181
104 143
104 140
104 236
104 255
104 212
104 189
104 160
104 257
104 219
105 106
105 108
105 109
105 110
105 111
105 112
105 113
105 114
105 115
105 116
105 117
105 118
105 119
105 120
105 122
105 123
105 124
105 125
105 127
105 128
105 130
105 131
105 132
105 133
105 134
105 136
105 137
105 138
105 139
105 140
105 154
105 240
105 318
105 319
105 262
105 308
105 189
105 167
105 316
105 238
106 107
106 108
106 109
106 111
106 112
106 114
106 115
106 116
106 117
106 119
106 120
106 121
106 122
106 124
106 126
106 127
106 129
106 130
106 132
106 134
106 136
106 137
106 138
106 140
106 141
106 200
106 218
106 209
106 275
106 300
106 219
106 324
106 309
106 181
106 207
107 109
107 110
107 113
107 114
107 115
107 116
107 119
107 120
107 121
107 122
107 123
107 124
107 125
107 126
107 127
107 128
107 129
107 131
107 132
107 133
107 134
107 135
107 137
107 139
107 140
107 141
107 142
107 185
107 214
107 147
107 340
107 149
107 315
107 210
107 306
107 239
107 163
107 263
107 236
107 291
107 311
107 252
108 109
108 111
108 112
108 113
108 114
108 115
108 116
108 117
108 118
108 120
108 121
108 123
108 124
108 125
108 126
108 128
108 129
108 130
108 131
108 132
108 134
108 135
108 136
108 137
108 138
108 139
108 140
108 142
108 289
108 214
108 148
108 273
108 291
108 269
108 310
108 300
108 166
108 242
108 227
109 110
109 111
109 113
109 114
109 115
109 116
109 117
109 118
109 119
109 121
109 122
109 124
109 126
109 128
109 129
109 130
109 132
109 133
109 134
109 135
109 136
109 137
109 138
109 139
109 142
109 144
109 216
109 241
109 213
109 181
109 263
109 273
109 196
109 150
109 240
109 178
109 251
109 201
109 250
109 279
110 111
110 112
110 115
110 116
110 118
110 120
110 121
110 122
110 125
110 126
110 128
110 129
110 130
110 132
110 134
110 135
110 136
110 138
110 140
110 142
110 143
110 145
110 287
110 154
110 252
110 255
110 212
110 233
110 281
110 238
110 276
110 168
110 282
110 235
110 186
110 325
110 311
110 306
110 146
110 335
110 127
110 119
110 342
111 113
111 114
111 115
111 117
111 118
111 124
111 125
111 126
111 127
111 128
111 129
111 130
111 131
111 133
111 135
111 136
111 137
111 139
111 140
111 141
111 142
111 143
111 144
111 145
111 146
111 290
111 185
111 293
111 247
111 206
111 324
111 337
111 224
111 210
111 291
111 213
112 113
112 114
112 115
112 118
112 119
112 121
112 122
112 123
112 124
112 127
112 128
112 130
112 131
112 133
112 134
112 135
112 137
112 138
112 139
112 141
112 143
112 144
112 145
112 146
112 263
112 272
112 311
112 286
112 175
112 282
112 207
112 213
112 158
112 329
112 167
112 180
112 198
112 250
112 157
112 321
112 169
112 314
113 115
113 116
113 117
113 118
113 119
113 120
113 121
113 122
113 125
113 126
113 128
113 130
113 132
113 134
113 135
113 136
113 137
113 139
113 140
113 141
113 142
113 143
113 144
113 146
113 147
113 148
113 248
113 155
113 221
113 164
113 229
113 322
113 175
113 192
113 151
113 286
113 300
113 328
113 203
113 254
113 138
113 196
114 115
114 116
114 117
114 118
114 121
114 122
114 123
114 124
114 126
114 127
114 128
114 129
114 131
114 132
114 133
114 134
114 135
114 136
114 137
114 138
114 139
114 140
114 141
114 142
114 143
114 145
114 146
114 147
114 224
114 233
114 293
114 175
114 120
114 195
114 273
114 290
114 227
114 312
114 297
115 116
115 117
115 118
115 119
115 120
115 121
115 122
115 123
115 124
115 125
115 126
115 127
115 128
115 129
115 130
115 131
115 132
115 135
115 136
115 137
115 141
115 142
115 146
115 147
115 148
115 149
115 150
115 259
115 195
115 286
115 191
115 201
115 281
115 282
115 311
115 348
115 188
115 140
115 231
116 117
116 118
116 119
116 121
116 122
116 123
116 124
116 125
116 127
116 128
116 129
116 130
116 131
116 132
116 134
116 135
116 137
116 138
116 140
116 141
116 142
116 143
116 144
116 145
116 149
116 150
116 200
116 180
116 193
116 307
116 276
116 293
116 220
116 264
116 226
116 215
116 195
116 165
116 343
116 339
116 174
117 120
117 122
117 123
117 124
117 125
117 126
117 127
117 128
117 129
117 131
117 133
117 134
117 135
117 137
117 139
117 142
117 143
117 144
117 145
117 146
117 147
117 149
117 151
117 337
117 185
117 251
117 213
117 323
117 254
117 302
117 252
117 192
117 203
117 310
117 220
117 259
117 263
117 327
118 119
118 120
118 123
118 124
118 125
118 129
118 130
118 131
118 134
118 138
118 139
118 140
118 141
118 143
118 144
118 145
118 147
118 148
118 149
118 150
118 151
118 152
118 342
118 175
118 243
118 255
118 267
118 235
118 283
118 224
118 233
118 155
118 327
118 225
118 254
118 236
118 339
118 127
118 122
119 120
119 121
119 122
119 124
119 125
119 127
119 129
119 130
119 131
119 132
119 133
119 134
119 135
119 136
119 137
119 139
119 141
119 142
119 143
119 145
119 146
119 149
119 150
119 151
119 152
119 184
119 290
119 289
119 164
119 229
119 306
119 273
119 260
119 206
119 249
120 121
120 122
120 123
120 125
120 126
120 128
120 129
120 130
120 132
120 133
120 135
120 136
120 137
120 138
120 139
120 142
120 144
120 145
120 146
120 147
120 149
120 150
120 152
120 153
120 154
120 336
120 269
120 190
120 207
120 267
120 297
120 303
120 332
120 189
120 318
120 176
120 196
120 227
120 291
120 173
120 159
120 181
121 122
121 123
121 124
121 125
121 126
121 127
121 128
121 130
121 131
121 132
121 134
121 135
121 136
121 137
121 139
121 140
121 142
121 145
121 146
121 148
121 151
121 152
121 153
121 155
121 165
121 170
121 278
121 159
121 316
121 252
121 247
121 341
121 332
121 225
121 240
121 190
121 276
121 189
121 222
121 269
122 123
122 124
122 126
122 128
122 130
122 131
122 133
122 134
122 135
122 136
122 137
122 139
122 140
122 141
122 142
122 143
122 144
122 145
122 146
122 147
122 148
122 149
122 150
122 151
122 152
122 153
122 154
122 155
122 157
122 216
122 296
122 275
122 290
122 293
122 258
122 248
122 321
122 264
122 308
122 331
123 125
123 127
123 128
123 129
123 130
123 131
123 132
123 135
123 136
123 137
123 138
123 139
123 140
123 141
123 143
123 144
123 146
123 147
123 149
123 150
123 152
123 153
123 154
123 155
123 156
123 157
123 158
123 276
123 232
123 300
123 274
123 314
123 200
123 296
123 162
123 340
123 327
123 320
123 134
123 338
123 262
124 125
124 126
124 127
124 129
124 132
124 133
124 134
124 136
124 137
124 138
124 139
124 140
124 141
124 142
124 143
124 144
124 146
124 148
124 149
124 150
124 151
124 152
124 153
124 154
124 156
124 157
124 158
124 159
124 240
124 283
124 164
124 260
124 128
124 281
124 206
124 303
125 126
125 127
125 128
125 130
125 131
125 134
125 135
125 136
125 137
125 139
125 140
125 141
125 143
125 144
125 146
125 147
125 150
125 151
125 152
125 153
125 154
125 155
125 156
125 157
125 159
125 160
125 339
125 198
125 196
125 218
125 333
125 166
125 162
125 283
125 271
125 335
125 289
126 127
126 128
126 129
126 130
126 131
126 132
126 134
126 135
126 136
126 137
126 139
126 140
126 142
126 143
126 144
126 145
126 148
126 149
126 152
126 153
126 154
126 157
126 158
126 159
126 160
126 241
126 348
126 343
126 182
126 198
126 275
126 313
126 273
126 178
126 196
126 183
126 251
127 128
127 129
127 130
127 131
127 132
127 133
127 134
127 135
127 137
127 139
127 140
127 141
127 142
127 143
127 144
127 145
127 146
127 148
127 149
127 150
127 151
127 152
127 153
127 155
127 156
127 157
127 159
127 161
127 162
127 263
127 201
127 164
127 208
127 197
127 346
127 173
127 203
127 320
127 276
128 129
128 130
128 131
128 133
128 135
128 136
128 139
128 140
128 141
128 143
128 144
128 145
128 146
128 147
128 148
128 149
128 150
128 152
128 153
128 154
128 155
128 157
128 158
128 160
128 161
128 162
128 203
128 336
128 194
128 274
128 337
128 305
128 167
128 315
128 237
128 265
128 175
128 254
128 261
128 319
128 188
128 224
128 307
129 130
129 131
129 132
129 133
129 134
129 135
129 137
129 138
129 140
129 142
129 143
129 144
129 145
129 147
129 148
129 149
129 150
129 152
129 153
129 155
129 156
129 157
129 159
129 162
129 163
129 164
129 173
129 308
129 224
129 199
129 297
129 234
129 342
129 283
129 313
129 151
129 195
130 131
130 132
130 133
130 134
130 136
130 137
130 138
130 139
130 140
130 141
130 142
130 143
130 145
130 146
130 147
130 148
130 150
130 152
130 153
130 155
130 158
130 159
130 160
130 163
130 165
130 258
130 197
130 342
130 302
130 207
130 169
130 191
130 178
130 182
130 284
130 246
130 299
130 204
130 285
130 185
130 325
130 196
131 132
131 133
131 134
131 135
131 136
131 137
131 138
131 139
131 140
131 143
131 145
131 147
131 148
131 150
131 151
131 153
131 156
131 157
131 158
131 159
131 160
131 161
131 162
131 163
131 164
131 166
131 347
131 237
131 235
131 289
131 345
131 232
131 146
131 193
131 317
131 304
131 294
131 199
132 134
132 135
132 136
132 138
132 139
132 141
132 142
132 143
132 144
132 146
132 147
132 148
132 149
132 150
132 153
132 154
132 155
132 156
132 157
132 158
132 159
132 161
132 164
132 165
132 166
132 174
132 226
132 277
132 273
132 299
132 265
132 198
133 134
133 136
133 137
133 138
133 139
133 140
133 142
133 143
133 145
133 147
133 149
133 150
133 151
133 152
133 153
133 155
133 156
133 157
133 158
133 160
133 161
133 163
133 164
133 167
133 168
133 297
133 230
133 188
133 208
133 340
133 249
133 224
133 336
133 254
133 154
133 222
133 307
133 175
133 236
134 135
134 137
134 138
134 139
134 141
134 142
134 143
134 144
134 145
134 147
134 148
134 149
134 151
134 152
134 153
134 154
134 155
134 156
134 158
134 159
134 160
134 161
134 163
134 164
134 165
134 166
134 168
134 237
134 192
134 185
134 207
134 271
134 272
134 206
134 303
135 137
135 138
135 140
135 141
135 142
135 143
135 144
135 146
135 147
135 148
135 150
135 151
135 152
135 153
135 155
135 156
135 157
135 161
135 163
135 164
135 165
135 166
135 169
135 298
135 279
135 271
135 274
135 294
135 240
135 311
135 317
135 158
135 224
135 296
135 149
135 187
135 256
135 347
136 138
136 139
136 140
136 141
136 142
136 143
136 144
136 145
136 146
136 147
136 148
136 150
136 152
136 153
136 154
136 155
136 156
136 157
136 158
136 159
136 161
136 162
136 163
136 164
136 165
136 167
136 168
136 169
136 170
136 323
136 291
136 202
136 315
136 342
136 194
137 139
137 141
137 143
137 144
137 145
137 146
137 147
137 148
137 149
137 150
137 151
137 152
137 153
137 154
137 155
137 156
137 159
137 160
137 161
137 162
137 165
137 168
137 170
137 171
137 172
137 227
137 290
137 337
137 195
137 330
137 257
137 253
137 324
138 139
138 140
138 141
138 142
138 143
138 144
138 146
138 147
138 148
138 149
138 150
138 151
138 152
138 153
138 154
138 155
138 156
138 158
138 159
138 160
138 161
138 162
138 163
138 164
138 165
138 166
138 167
138 168
138 169
138 170
138 171
138 172
138 173
138 190
138 322
138 195
138 286
138 309
139 140
139 141
139 142
139 143
139 148
139 149
139 150
139 151
139 152
139 153
139 155
139 156
139 160
139 161
139 164
139 165
139 166
139 167
139 168
139 169
139 170
139 171
139 172
139 173
139 312
139 279
139 344
139 259
139 246
139 251
139 306
139 200
139 253
139 223
139 195
139 212
139 293
139 208
140 142
140 144
140 145
140 147
140 148
140 150
140 152
140 153
140 154
140 156
140 157
140 158
140 160
140 161
140 162
140 164
140 165
140 166
140 168
140 170
140 171
140 172
140 174
140 175
140 342
140 188
140 281
140 261
140 211
140 266
140 236
140 339
140 201
140 231
140 247
140 251
140 206
141 142
141 143
141 144
141 145
141 146
141 149
141 150
141 151
141 153
141 154
141 155
141 156
141 157
141 158
141 159
141 162
141 163
141 164
141 167
141 169
141 170
141 172
141 173
141 174
141 176
141 236
141 264
141 215
141 246
141 148
141 211
141 235
141 228
141 217
141 268
141 272
141 308
141 229
141 329
142 143
142 144
142 145
142 147
142 148
142 149
142 150
142 151
142 152
142 153
142 154
142 155
142 157
142 158
142 160
142 161
142 162
142 164
142 165
142 166
142 169
142 171
142 172
142 173
142 174
142 175
142 176
142 177
142 291
142 233
142 196
142 253
142 307
142 264
142 226
142 235
142 347
142 237
142 239
142 190
142 314
143 144
143 145
143 146
143 148
143 150
143 151
143 152
143 153
143 155
143 158
143 159
143 160
143 161
143 166
143 168
143 169
143 170
143 171
143 172
143 173
143 175
143 177
143 178
143 234
143 263
143 293
143 260
143 285
143 343
143 183
143 305
143 274
143 298
144 145
144 146
144 147
144 150
144 153
144 154
144 155
144 156
144 157
144 158
144 160
144 161
144 163
144 164
144 165
144 166
144 167
144 168
144 169
144 170
144 171
144 173
144 174
144 175
144 176
144 179
144 234
144 321
144 342
144 238
144 217
144 206
144 325
144 194
144 193
144 172
145 146
145 147
145 151
145 152
145 153
145 154
145 155
145 158
145 159
145 160
145 161
145 162
145 163
145 164
145 165
145 166
145 167
145 169
145 170
145 171
145 172
145 173
145 174
145 175
145 176
145 177
145 178
145 179
145 180
145 222
145 210
145 327
145 257
145 238
145 339
145 247
145 323
146 148
146 149
146 150
146 151
146 152
146 153
146 155
146 156
146 158
146 159
146 160
146 161
146 162
146 165
146 167
146 169
146 171
146 172
146 173
146 174
146 176
146 177
146 178
146 179
146 181
146 242
146 324
146 334
146 233
146 222
146 247
146 217
146 251
146 193
147 148
147 149
147 150
147 151
147 152
147 153
147 154
147 156
147 157
147 158
147 159
147 162
147 163
147 164
147 167
147 170
147 173
147 174
147 177
147 178
147 181
147 182
147 220
147 224
147 184
147 186
147 217
147 183
147 222
147 247
147 155
147 308
147 200
148 152
148 154
148 156
148 157
148 158
148 161
148 162
148 163
148 164
148 166
148 167
148 169
148 170
148 171
148 172
148 173
148 174
148 175
148 177
148 178
148 179
148 180
148 181
148 183
148 208
148 196
148 250
148 298
148 233
148 265
148 258
148 226
148 290
148 340
148 271
148 260
149 150
149 151
149 152
149 153
149 157
149 160
149 161
149 162
149 163
149 164
149 165
149 166
149 168
149 169
149 170
149 171
149 172
149 173
149 174
149 175
149 176
149 177
149 178
149 179
149 180
149 181
149 182
149 184
149 298
149 337
149 306
149 154
149 225
149 329
149 294
149 232
149 183
150 151
150 152
150 153
150 154
150 155
150 157
150 158
150 159
150 160
150 161
150 162
150 163
150 165
150 170
150 173
150 174
150 175
150 176
150 177
150 179
150 180
150 181
150 182
150 183
150 184
150 185
150 216
150 245
150 251
150 299
150 257
150 186
150 282
150 313
150 243
151 152
151 153
151 155
151 157
151 158
151 159
151 160
151 161
151 165
151 166
151 167
151 168
151 169
151 171
151 172
151 175
151 176
151 177
151 178
151 179
151 181
151 182
151 184
151 185
151 186
151 334
151 244
151 198
151 256
151 245
151 257
151 348
151 218
151 205
151 253
151 293
151 283
152 153
152 154
152 155
152 157
152 159
152 160
152 161
152 163
152 164
152 165
152 167
152 169
152 170
152 171
152 172
152 173
152 174
152 176
152 178
152 179
152 180
152 183
152 184
152 185
152 186
152 187
152 331
152 306
152 235
152 336
152 213
152 259
152 324
153 155
153 159
153 162
153 163
153 164
153 165
153 166
153 167
153 168
153 169
153 170
153 171
153 172
153 173
153 176
153 177
153 179
153 180
153 181
153 185
153 187
153 188
153 334
153 312
153 283
153 341
153 302
153 211
153 229
153 273
153 252
153 154
153 291
153 255
153 209
153 236
153 253
153 231
153 156
153 313
154 155
154 156
154 158
154 160
154 161
154 163
154 165
154 167
154 168
154 169
154 170
154 171
154 173
154 175
154 176
154 177
154 182
154 183
154 184
154 185
154 186
154 187
154 188
154 189
154 157
154 306
154 250
154 260
154 300
154 203
154 236
154 315
155 158
155 159
155 161
155 162
155 163
155 164
155 165
155 167
155 170
155 172
155 174
155 176
155 177
155 178
155 179
155 180
155 183
155 184
155 185
155 186
155 187
155 189
155 206
155 267
155 257
155 204
155 232
155 315
155 346
155 265
155 342
155 243
155 225
155 240
155 310
155 244
156 157
156 158
156 161
156 162
156 163
156 165
156 168
156 169
156 170
156 171
156 173
156 174
156 176
156 177
156 178
156 179
156 181
156 182
156 184
156 186
156 187
156 188
156 189
156 190
156 223
156 242
156 280
156 209
156 255
156 348
156 246
156 206
156 295
156 234
156 263
156 288
156 310
157 158
157 160
157 161
157 162
157 163
157 164
157 165
157 166
157 167
157 169
157 170
157 172
157 173
157 174
157 175
157 177
157 179
157 180
157 182
157 183
157 184
157 187
157 188
157 189
157 192
157 339
157 316
157 207
157 203
157 235
157 278
157 243
157 285
157 310
157 263
158 160
158 161
158 162
158 163
158 164
158 165
158 166
158 167
158 169
158 170
158 173
158 175
158 177
158 178
158 179
158 180
158 183
158 185
158 186
158 188
158 189
158 190
158 192
158 244
158 301
158 287
158 333
158 246
158 320
158 300
158 239
158 323
158 327
158 319
158 310
158 311
159 161
159 162
159 163
159 164
159 165
159 166
159 168
159 169
159 170
159 172
159 173
159 175
159 176
159 178
159 180
159 181
159 182
159 183
159 184
159 185
159 186
159 187
159 189
159 190
159 191
159 194
159 229
159 255
159 313
159 340
159 346
159 347
159 250
159 251
159 307
159 239
159 270
159 268
160 162
160 163
160 164
160 165
160 166
160 168
160 170
160 171
160 172
160 174
160 175
160 176
160 177
160 179
160 180
160 181
160 182
160 184
160 190
160 191
160 192
160 193
160 194
160 195
160 207
160 288
160 317
160 209
160 287
160 266
160 269
160 346
160 289
160 248
160 324
160 336
160 167
160 228
161 162
161 163
161 164
161 165
161 166
161 167
161 169
161 170
161 171
161 173
161 174
161 175
161 176
161 177
161 178
161 180
161 181
161 184
161 185
161 186
161 187
161 188
161 189
161 190
161 191
161 192
161 193
161 194
161 195
161 196
161 248
161 277
161 330
161 335
161 318
161 254
162 164
162 165
162 166
162 167
162 168
162 169
162 171
162 172
162 174
162 175
162 179
162 180
162 181
162 182
162 184
162 185
162 186
162 187
162 188
162 189
162 190
162 194
162 196
162 197
162 245
162 328
162 292
162 222
162 274
162 170
162 253
162 294
162 287
162 290
162 319
162 242
163 164
163 165
163 166
163 167
163 169
163 170
163 171
163 172
163 173
163 174
163 175
163 176
163 177
163 178
163 179
163 180
163 183
163 184
163 185
163 186
163 187
163 188
163 189
163 190
163 191
163 192
163 194
163 195
163 196
163 197
163 198
163 261
163 334
163 265
163 246
163 337
163 293
164 165
164 166
164 168
164 169
164 171
164 173
164 174
164 176
164 177
164 178
164 179
164 180
164 181
164 182
164 184
164 185
164 186
164 187
164 189
164 190
164 193
164 195
164 197
164 198
164 325
164 306
164 309
164 318
164 218
164 301
164 277
164 255
164 252
164 216
164 344
164 348
164 223
164 170
165 166
165 167
165 169
165 170
165 171
165 172
165 173
165 174
165 175
165 176
165 179
165 180
165 181
165 184
165 186
165 189
165 190
165 191
165 193
165 194
165 195
165 196
165 197
165 198
165 200
165 295
165 214
165 256
165 312
165 338
165 236
165 223
165 331
165 326
165 303
165 267
166 168
166 169
166 170
166 171
166 172
166 174
166 175
166 177
166 180
166 182
166 183
166 185
166 186
166 187
166 188
166 191
166 192
166 194
166 196
166 197
166 199
166 200
166 201
166 276
166 336
166 282
166 299
166 241
166 224
166 269
166 210
166 272
166 349
166 317
167 168
167 171
167 172
167 173
167 174
167 175
167 176
167 177
167 178
167 179
167 180
167 181
167 182
167 184
167 185
167 186
167 189
167 190
167 191
167 194
167 196
167 198
167 200
167 202
167 207
167 312
167 278
167 307
167 310
167 293
167 344
167 324
167 337
168 169
168 170
168 173
168 175
168 176
168 177
168 178
168 179
168 180
168 181
168 182
168 183
168 185
168 186
168 187
168 189
168 190
168 191
168 192
168 193
168 194
168 196
168 197
168 198
168 201
168 202
168 203
168 289
168 215
168 308
168 330
168 332
168 205
168 325
169 170
169 171
169 172
169 173
169 174
169 175
169 176
169 178
169 179
169 180
169 182
169 185
169 186
169 187
169 189
169 190
169 191
169 192
169 193
169 195
169 196
169 197
169 198
169 199
169 200
169 201
169 202
169 203
169 204
169 309
169 230
169 349
169 211
169 299
169 266
169 318
169 289
169 314
169 297
170 171
170 172
170 173
170 175
170 176
170 179
170 180
170 181
170 182
170 183
170 184
170 185
170 186
170 187
170 188
170 189
170 190
170 192
170 193
170 195
170 196
170 197
170 200
170 201
170 202
170 204
170 275
170 276
170 174
170 290
170 337
170 349
170 341
170 245
170 212
171 173
171 174
171 176
171 177
171 178
171 179
171 181
171 184
171 185
171 186
171 187
171 188
171 190
171 192
171 193
171 195
171 197
171 198
171 200
171 201
171 203
171 204
171 206
171 248
171 338
171 232
171 183
171 276
171 243
172 173
172 175
172 176
172 177
172 178
172 179
172 180
172 182
172 183
172 184
172 185
172 186
172 187
172 188
172 189
172 190
172 191
172 192
172 193
172 194
172 195
172 196
172 198
172 199
172 200
172 201
172 202
172 204
172 207
172 247
172 256
172 277
172 289
172 311
173 174
173 175
173 176
173 177
173 178
173 179
173 180
173 183
173 185
173 186
173 187
173 188
173 189
173 192
173 193
173 195
173 197
173 198
173 199
173 200
173 201
173 202
173 203
173 205
173 206
173 207
173 208
173 224
173 281
173 211
173 231
174 175
174 176
174 178
174 179
174 182
174 183
174 184
174 185
174 187
174 188
174 189
174 191
174 193
174 194
174 195
174 196
174 197
174 198
174 200
174 201
174 202
174 203
174 204
174 205
174 206
174 209
174 257
174 232
174 328
174 231
174 306
174 282
174 234
174 342
175 177
175 180
175 183
175 184
175 185
175 186
175 188
175 189
175 190
175 191
175 192
175 193
175 195
175 196
175 197
175 198
175 200
175 201
175 204
175 206
175 208
175 209
175 210
175 314
175 348
175 227
175 265
175 332
175 279
175 176
175 328
175 338
175 326
176 177
176 178
176 180
176 181
176 182
176 183
176 184
176 186
176 187
176 188
176 191
176 192
176 193
176 194
176 195
176 196
176 197
176 199
176 201
176 202
176 203
176 205
176 206
176 207
176 208
176 210
176 211
176 337
176 278
176 232
176 238
176 215
176 348
176 332
176 236
176 243
177 178
177 179
177 180
177 182
177 183
177 184
177 185
177 186
177 187
177 188
177 189
177 190
177 191
177 192
177 193
177 194
177 195
177 198
177 200
177 201
177 202
177 203
177 204
177 205
177 207
177 208
177 210
177 211
177 212
177 314
177 232
177 240
177 220
177 332
177 233
177 219
177 319
178 179
178 180
178 181
178 182
178 183
178 185
178 186
178 187
178 188
178 189
178 190
178 191
178 192
178 193
178 195
178 196
178 199
178 200
178 201
178 202
178 203
178 204
178 205
178 206
178 207
178 208
178 210
178 212
178 218
178 306
178 237
178 255
178 256
178 264
178 194
178 288
178 246
178 309
179 180
179 181
179 182
179 183
179 184
179 185
179 186
179 187
179 188
179 189
179 190
179 192
179 194
179 195
179 197
179 198
179 199
179 201
179 202
179 203
179 204
179 205
179 206
179 207
179 208
179 209
179 210
179 211
179 212
179 213
179 287
179 349
179 286
179 292
179 269
179 267
179 260
180 181
180 182
180 184
180 185
180 186
180 187
180 188
180 190
180 191
180 192
180 193
180 194
180 195
180 196
180 197
180 198
180 199
180 200
180 201
180 202
180 203
180 205
180 207
180 208
180 209
180 210
180 211
180 213
180 214
180 215
180 245
180 320
180 334
180 283
180 231
180 243
180 284
180 235
180 255
180 267
180 262
180 268
181 182
181 183
181 184
181 185
181 187
181 189
181 192
181 193
181 194
181 195
181 196
181 198
181 199
181 200
181 202
181 204
181 205
181 208
181 209
181 210
181 213
181 214
181 215
181 216
181 219
181 280
181 345
181 348
181 227
181 249
181 344
181 305
181 229
181 341
181 349
182 183
182 184
182 185
182 187
182 188
182 189
182 191
182 192
182 193
182 195
182 196
182 198
182 201
182 202
182 203
182 204
182 205
182 206
182 207
182 208
182 209
182 211
182 212
182 213
182 214
182 217
182 326
182 346
182 261
182 248
182 285
182 337
182 294
182 338
182 246
183 184
183 187
183 190
183 191
183 192
183 193
183 194
183 195
183 196
183 198
183 202
183 203
183 205
183 206
183 207
183 208
183 209
183 210
183 212
183 213
183 214
183 215
183 216
183 217
183 227
183 274
183 264
183 342
183 302
183 285
184 185
184 186
184 188
184 190
184 191
184 192
184 193
184 194
184 199
184 200
184 202
184 203
184 204
184 205
184 206
184 207
184 208
184 209
184 211
184 212
184 214
184 216
184 218
184 266
184 271
184 281
184 305
184 301
184 282
184 302
184 290
184 221
184 329
184 244
185 187
185 188
185 189
185 190
185 191
185 192
185 193
185 194
185 195
185 197
185 198
185 199
185 202
185 203
185 204
185 205
185 206
185 207
185 208
185 209
185 210
185 211
185 212
185 213
185 214
185 216
185 217
185 218
185 219
185 220
185 287
185 229
185 308
185 230
185 322
185 262
185 291
186 187
186 188
186 191
186 196
186 197
186 198
186 199
186 200
186 201
186 203
186 204
186 205
186 206
186 207
186 209
186 213
186 214
186 216
186 217
186 219
186 220
186 258
186 339
186 287
186 235
186 232
186 290
186 312
186 265
186 283
187 188
187 190
187 192
187 193
187 194
187 195
187 196
187 198
187 199
187 200
187 201
187 202
187 203
187 204
187 205
187 206
187 207
187 209
187 210
187 211
187 212
187 213
187 214
187 215
187 218
187 219
187 220
187 222
187 251
187 311
187 297
187 325
187 287
187 245
187 282
187 283
187 247
187 284
188 189
188 191
188 192
188 193
188 194
188 196
188 199
188 200
188 202
188 203
188 204
188 205
188 208
188 211
188 214
188 216
188 217
188 219
188 220
188 221
188 223
188 195
188 242
188 240
188 227
188 286
188 300
189 190
189 191
189 192
189 193
189 194
189 195
189 196
189 197
189 198
189 199
189 200
189 201
189 202
189 203
189 205
189 207
189 208
189 209
189 210
189 211
189 212
189 214
189 215
189 216
189 218
189 222
189 223
189 298
189 285
189 250
189 340
189 288
189 324
189 313
190 192
190 193
190 195
190 196
190 197
190 199
190 200
190 201
190 203
190 204
190 205
190 206
190 208
190 211
190 212
190 213
190 214
190 215
190 216
190 219
190 220
190 221
190 222
190 223
190 224
190 225
190 299
190 316
190 240
190 280
190 289
190 319
190 334
191 192
191 193
191 194
191 195
191 197
191 198
191 199
191 200
191 201
191 202
191 204
191 205
191 206
191 207
191 208
191 209
191 211
191 212
191 213
191 215
191 216
191 217
191 218
191 220
191 221
191 222
191 224
191 226
191 321
191 210
191 281
191 342
191 266
192 193
192 195
192 196
192 197
192 199
192 200
192 201
192 203
192 204
192 205
192 206
192 207
192 209
192 211
192 212
192 214
192 215
192 216
192 217
192 219
192 220
192 221
192 223
192 225
192 226
192 227
192 273
192 231
192 305
192 319
192 198
192 312
192 314
193 194
193 195
193 196
193 197
193 198
193 199
193 200
193 201
193 202
193 203
193 204
193 205
193 206
193 207
193 209
193 210
193 211
193 212
193 213
193 214
193 215
193 216
193 217
193 218
193 219
193 221
193 222
193 223
193 224
193 225
193 226
193 227
193 289
193 250
193 307
193 265
193 231
194 196
194 197
194 198
194 200
194 201
194 202
194 204
194 205
194 206
194 208
194 209
194 210
194 211
194 212
194 213
194 214
194 216
194 221
194 222
194 223
194 224
194 226
194 227
194 228
194 229
194 260
194 318
194 281
194 236
194 248
194 254
195 199
195 200
195 201
195 203
195 205
195 206
195 207
195 209
195 210
195 211
195 212
195 213
195 214
195 217
195 219
195 220
195 221
195 222
195 223
195 224
195 225
195 227
195 230
195 258
195 241
195 295
195 259
195 319
196 198
196 199
196 200
196 201
196 204
196 205
196 206
196 208
196 211
196 212
196 213
196 214
196 215
196 218
196 219
196 220
196 223
196 224
196 225
196 227
196 229
196 334
196 304
196 331
196 240
196 254
196 299
196 248
196 275
196 338
196 256
196 197
196 298
196 209
197 198
197 200
197 201
197 205
197 206
197 207
197 208
197 210
197 211
197 212
197 213
197 214
197 215
197 216
197 217
197 219
197 220
197 221
197 223
197 224
197 225
197 227
197 230
197 231
197 232
197 322
197 297
197 307
197 316
197 335
197 238
197 283
197 277
197 312
198 200
198 201
198 202
198 203
198 204
198 207
198 208
198 210
198 211
198 213
198 214
198 215
198 216
198 218
198 219
198 220
198 221
198 222
198 223
198 224
198 225
198 226
198 228
198 229
198 231
198 232
198 233
198 238
198 264
198 349
198 292
198 272
198 311
199 200
199 202
199 203
199 204
199 205
199 206
199 207
199 208
199 209
199 210
199 212
199 213
199 214
199 215
199 216
199 217
199 219
199 220
199 221
199 222
199 223
199 224
199 225
199 226
199 229
199 231
199 232
199 233
199 234
199 288
199 348
199 321
199 318
199 251
199 266
199 286
200 201
200 202
200 204
200 205
200 206
200 208
200 209
200 210
200 211
200 213
200 214
200 215
200 217
200 218
200 219
200 221
200 222
200 224
200 225
200 227
200 228
200 230
200 231
200 233
200 234
200 235
200 324
200 299
200 254
200 310
200 312
200 327
200 284
200 343
201 202
201 204
201 205
201 207
201 208
201 209
201 210
201 212
201 213
201 214
201 215
201 216
201 217
201 218
201 219
201 220
201 222
201 223
201 225
201 226
201 227
201 228
201 229
201 230
201 231
201 232
201 233
201 234
201 235
201 236
201 317
201 318
201 293
201 294
201 283
202 205
202 206
202 207
202 208
202 209
202 210
202 211
202 212
202 213
202 214
202 215
202 216
202 217
202 218
202 219
202 220
202 221
202 222
202 223
202 224
202 225
202 227
202 228
202 230
202 231
202 234
202 235
202 236
202 237
202 310
202 273
202 335
202 316
202 328
202 300
202 277
202 288
202 229
203 204
203 205
203 206
203 207
203 209
203 210
203 211
203 212
203 213
203 214
203 216
203 217
203 219
203 220
203 221
203 224
203 225
203 226
203 227
203 228
203 229
203 230
203 231
203 232
203 234
203 235
203 236
203 237
203 238
203 239
203 252
203 262
203 340
204 205
204 206
204 207
204 209
204 210
204 212
204 213
204 217
204 218
204 219
204 220
204 221
204 222
204 223
204 224
204 225
204 226
204 227
204 228
204 230
204 232
204 233
204 236
204 237
204 238
204 239
204 336
204 267
204 291
204 301
204 208
204 258
204 320
204 241
205 206
205 207
205 208
205 210
205 211
205 212
205 213
205 215
205 216
205 217
205 218
205 219
205 220
205 221
205 222
205 223
205 224
205 226
205 227
205 228
205 229
205 230
205 231
205 233
205 234
205 236
205 238
205 240
205 349
205 288
205 269
206 207
206 208
206 209
206 210
206 211
206 212
206 213
206 214
206 216
206 218
206 219
206 220
206 221
206 222
206 223
206 224
206 225
206 229
206 230
206 231
206 232
206 233
206 234
206 235
206 237
206 238
206 239
206 241
206 292
206 297
207 209
207 210
207 211
207 215
207 216
207 219
207 222
207 224
207 226
207 227
207 228
207 230
207 231
207 232
207 233
207 234
207 236
207 238
207 239
207 240
207 242
207 287
207 336
207 214
207 306
207 249
207 273
208 210
208 211
208 212
208 213
208 214
208 216
208 218
208 220
208 221
208 223
208 225
208 226
208 227
208 228
208 229
208 230
208 231
208 232
208 234
208 235
208 236
208 238
208 239
208 240
208 241
208 242
208 243
208 299
208 248
208 315
208 278
208 334
208 277
208 244
208 266
209 210
209 211
209 212
209 213
209 214
209 216
209 217
209 218
209 219
209 222
209 223
209 224
209 226
209 227
209 228
209 231
209 232
209 234
209 235
209 236
209 237
209 239
209 240
209 242
209 244
209 314
209 280
209 320
209 253
209 292
209 340
209 298
209 335
209 348
210 211
210 212
210 213
210 214
210 215
210 216
210 217
210 218
210 219
210 220
210 221
210 222
210 223
210 224
210 225
210 227
210 229
210 230
210 231
210 232
210 233
210 234
210 236
210 237
210 239
210 241
210 242
210 244
210 245
210 335
210 304
210 301
210 265
210 259
210 235
211 212
211 213
211 215
211 216
211 217
211 219
211 221
211 222
211 223
211 224
211 227
211 229
211 230
211 231
211 232
211 233
211 234
211 235
211 236
211 237
211 239
211 240
211 241
211 242
211 243
211 244
211 245
211 246
211 299
211 343
211 315
211 334
211 341
211 283
211 331
212 213
212 216
212 217
212 218
212 219
212 221
212 222
212 223
212 224
212 228
212 229
212 230
212 232
212 234
212 235
212 236
212 238
212 239
212 240
212 241
212 242
212 243
212 245
212 246
212 290
212 292
212 298
212 271
212 310
212 342
213 215
213 216
213 217
213 218
213 220
213 221
213 223
213 224
213 226
213 227
213 230
213 231
213 232
213 233
213 234
213 236
213 237
213 238
213 240
213 241
213 242
213 243
213 244
213 246
213 248
213 318
213 281
213 321
213 320
213 262
213 330
213 272
213 284
213 292
213 337
213 302
213 344
213 308
214 215
214 217
214 218
214 219
214 222
214 224
214 225
214 227
214 228
214 229
214 230
214 231
214 232
214 233
214 236
214 237
214 238
214 239
214 240
214 243
214 244
214 245
214 246
214 247
214 248
214 249
214 334
214 316
214 269
214 279
214 278
215 216
215 217
215 219
215 220
215 221
215 222
215 223
215 224
215 226
215 227
215 228
215 229
215 231
215 232
215 233
215 234
215 235
215 236
215 239
215 240
215 241
215 242
215 244
215 245
215 246
215 247
215 250
215 330
215 266
215 277
216 219
216 221
216 222
216 223
216 224
216 225
216 226
216 227
216 229
216 230
216 231
216 232
216 233
216 234
216 235
216 236
216 237
216 238
216 239
216 240
216 241
216 242
216 243
216 244
216 246
216 247
216 248
216 250
216 251
216 296
216 302
216 298
216 309
217 218
217 220
217 221
217 222
217 223
217 224
217 225
217 226
217 227
217 228
217 229
217 230
217 231
217 232
217 233
217 234
217 236
217 237
217 238
217 239
217 240
217 241
217 242
217 243
217 245
217 247
217 249
217 250
217 251
217 252
217 276
217 315
217 310
217 281
217 277
217 269
217 344
218 221
218 222
218 223
218 224
218 226
218 227
218 228
218 230
218 231
218 232
218 234
218 235
218 236
218 237
218 238
218 239
218 242
218 243
218 244
218 247
218 248
218 249
218 250
218 251
218 252
218 253
218 304
218 299
218 295
218 290
218 276
218 311
219 220
219 221
219 223
219 224
219 226
219 227
219 228
219 229
219 230
219 231
219 232
219 233
219 236
219 237
219 239
219 240
219 241
219 242
219 243
219 245
219 246
219 248
219 249
219 250
219 251
219 253
219 348
219 331
219 340
219 310
219 335
219 290
219 288
220 221
220 223
220 225
220 226
220 228
220 229
220 230
220 231
220 232
220 233
220 235
220 237
220 239
220 240
220 241
220 242
220 243
220 244
220 245
220 246
220 247
220 248
220 249
220 251
220 252
220 253
220 254
220 255
220 308
220 268
220 280
220 349
220 300
220 262
220 309
220 299
221 222
221 223
221 224
221 225
221 226
221 227
221 229
221 230
221 231
221 232
221 235
221 238
221 239
221 240
221 241
221 242
221 243
221 244
221 245
221 246
221 247
221 248
221 249
221 250
221 251
221 252
221 253
221 254
221 255
221 256
221 322
221 295
221 228
221 312
221 347
221 320
222 224
222 225
222 226
222 228
222 233
222 235
222 236
222 237
222 238
222 239
222 240
222 241
222 243
222 244
222 245
222 246
222 247
222 248
222 249
222 250
222 251
222 252
222 253
222 254
222 255
222 257
222 278
222 299
222 275
222 322
222 336
222 265
222 267
222 325
222 310
223 224
223 225
223 226
223 227
223 228
223 229
223 230
223 231
223 232
223 233
223 234
223 235
223 236
223 239
223 241
223 242
223 243
223 244
223 245
223 246
223 249
223 250
223 252
223 253
223 254
223 255
223 256
223 257
223 258
223 286
223 266
223 287
224 225
224 226
224 228
224 230
224 233
224 234
224 235
224 236
224 237
224 240
224 242
224 243
224 244
224 245
224 246
224 247
224 248
224 249
224 250
224 251
224 252
224 253
224 255
224 256
224 257
224 259
224 300
224 345
224 316
224 274
224 279
225 226
225 227
225 228
225 229
225 230
225 231
225 232
225 233
225 234
225 235
225 236
225 237
225 238
225 239
225 241
225 242
225 243
225 244
225 245
225 246
225 248
225 249
225 250
225 251
225 253
225 254
225 255
225 256
225 257
225 258
225 259
225 260
225 347
225 336
225 334
226 227
226 228
226 229
226 230
226 231
226 232
226 233
226 234
226 235
226 236
226 237
226 238
226 240
226 241
226 242
226 243
226 244
226 245
226 247
226 250
226 251
226 254
226 255
226 257
226 258
226 260
226 261
226 290
226 267
226 311
226 263
226 256
226 310
227 229
227 230
227 231
227 232
227 233
227 235
227 237
227 238
227 240
227 241
227 242
227 243
227 244
227 245
227 246
227 247
227 248
227 249
227 250
227 251
227 252
227 256
227 257
227 258
227 259
227 261
227 283
227 278
227 296
227 306
227 333
227 343
227 270
227 297
227 348
227 271
228 229
228 230
228 233
228 234
228 236
228 237
228 238
228 239
228 240
228 241
228 242
228 243
228 244
228 245
228 246
228 247
228 249
228 250
228 251
228 252
228 253
228 254
228 255
228 257
228 258
228 259
228 261
228 262
228 336
228 326
228 330
228 329
228 327
228 349
228 322
229 230
229 231
229 232
229 234
229 235
229 236
229 237
229 242
229 243
229 244
229 245
229 246
229 248
229 249
229 250
229 251
229 252
229 253
229 254
229 255
229 258
229 260
229 261
229 262
229 264
229 315
229 289
229 286
230 231
230 232
230 233
230 234
230 235
230 236
230 238
230 239
230 240
230 241
230 242
230 243
230 244
230 245
230 246
230 247
230 248
230 250
230 252
230 253
230 254
230 255
230 256
230 257
230 258
230 259
230 260
230 262
230 263
230 264
230 265
230 347
230 286
230 308
230 273
230 325
231 233
231 234
231 236
231 237
231 239
231 240
231 241
231 243
231 244
231 245
231 246
231 250
231 252
231 253
231 254
231 256
231 257
231 258
231 259
231 261
231 262
231 263
231 264
231 265
231 266
231 337
231 311
232 233
232 234
232 235
232 236
232 238
232 240
232 241
232 243
232 244
232 246
232 247
232 248
232 249
232 250
232 251
232 252
232 253
232 254
232 256
232 257
232 258
232 260
232 262
232 263
232 264
232 265
232 266
232 293
232 349
232 281
233 234
233 235
233 239
233 240
233 242
233 243
233 245
233 246
233 247
233 248
233 249
233 251
233 252
233 253
233 254
233 255
233 257
233 258
233 259
233 260
233 261
233 262
233 263
233 264
233 265
233 266
233 268
233 348
233 303
233 250
234 236
234 237
234 238
234 239
234 241
234 242
234 243
234 245
234 246
234 247
234 248
234 249
234 250
234 251
234 252
234 253
234 254
234 255
234 256
234 258
234 259
234 260
234 261
234 263
234 264
234 266
234 267
234 268
234 329
234 309
234 272
234 320
235 236
235 238
235 239
235 240
235 241
235 242
235 243
235 244
235 245
235 249
235 250
235 251
235 255
235 259
235 260
235 263
235 264
235 265
235 266
235 267
235 268
235 270
235 284
235 295
235 345
235 271
235 285
235 337
235 296
235 301
236 237
236 238
236 239
236 240
236 243
236 244
236 245
236 246
236 247
236 249
236 250
236 251
236 252
236 253
236 254
236 256
236 259
236 260
236 265
236 266
236 267
236 268
236 269
236 270
236 271
236 332
236 338
236 323
237 239
237 240
237 241
237 242
237 244
237 245
237 246
237 249
237 250
237 251
237 253
237 254
237 256
237 257
237 258
237 259
237 262
237 263
237 264
237 265
237 266
237 267
237 269
237 270
237 272
237 324
237 336
237 345
237 289
237 291
237 293
237 298
238 239
238 240
238 241
238 243
238 244
238 245
238 246
238 247
238 248
238 250
238 251
238 252
238 254
238 255
238 256
238 258
238 260
238 262
238 263
238 264
238 265
238 267
238 268
238 270
238 271
238 273
238 320
238 341
238 286
238 294
239 240
239 241
239 242
239 244
239 245
239 246
239 247
239 248
239 249
239 250
239 252
239 253
239 254
239 256
239 257
239 258
239 259
239 260
239 262
239 263
239 265
239 266
239 267
239 268
239 269
239 270
239 272
239 273
239 274
239 344
239 278
239 309
240 241
240 242
240 243
240 244
240 247
240 248
240 250
240 251
240 252
240 253
240 255
240 256
240 258
240 259
240 260
240 261
240 262
240 263
240 264
240 265
240 266
240 268
240 270
240 271
240 272
240 273
240 274
240 275
240 314
240 303
240 329
240 318
240 298
241 242
241 243
241 245
241 247
241 248
241 249
241 250
241 251
241 252
241 254
241 255
241 256
241 257
241 258
241 259
241 260
241 261
241 262
241 264
241 265
241 266
241 267
241 270
241 271
241 272
241 273
241 274
241 275
241 276
241 336
241 304
241 312
241 322
241 325
242 244
242 245
242 246
242 248
242 250
242 251
242 252
242 253
242 254
242 256
242 257
242 260
242 261
242 263
242 265
242 267
242 268
242 269
242 270
242 271
242 272
242 273
242 274
242 275
242 276
242 277
242 324
242 328
242 336
242 306
242 314
242 326
242 325
242 301
242 281
242 321
243 244
243 245
243 246
243 247
243 248
243 249
243 250
243 251
243 252
243 253
243 254
243 256
243 258
243 259
243 260
243 261
243 262
243 263
243 264
243 265
243 266
243 267
243 269
243 270
243 271
243 272
243 274
243 275
243 276
243 277
243 278
243 309
243 324
243 342
244 245
244 246
244 248
244 249
244 250
244 252
244 253
244 254
244 255
244 256
244 257
244 258
244 259
244 260
244 261
244 262
244 264
244 265
244 266
244 267
244 268
244 272
244 273
244 274
244 275
244 276
244 277
244 278
244 291
244 303
245 247
245 248
245 251
245 252
245 254
245 255
245 256
245 257
245 258
245 259
245 260
245 262
245 263
245 264
245 265
245 267
245 269
245 272
245 274
245 276
245 277
245 280
245 301
245 334
245 329
245 349
246 247
246 248
246 249
246 250
246 251
246 253
246 254
246 255
246 256
246 257
246 258
246 259
246 260
246 261
246 262
246 266
246 267
246 269
246 270
246 271
246 272
246 273
246 274
246 275
246 276
246 277
246 280
246 332
246 286
246 323
246 309
246 334
246 345
246 301
246 343
247 248
247 249
247 251
247 253
247 254
247 255
247 256
247 257
247 258
247 259
247 260
247 262
247 263
247 264
247 265
247 266
247 268
247 269
247 270
247 272
247 275
247 276
247 277
247 278
247 280
247 281
247 282
247 349
247 326
247 336
248 249
248 250
248 251
248 252
248 253
248 256
248 257
248 258
248 260
248 261
248 263
248 264
248 265
248 266
248 269
248 270
248 271
248 272
248 273
248 274
248 275
248 276
248 277
248 278
248 279
248 280
248 281
248 282
248 341
248 290
248 307
248 306
249 250
249 251
249 252
249 253
249 254
249 255
249 257
249 258
249 259
249 260
249 261
249 262
249 263
249 265
249 267
249 268
249 269
249 270
249 271
249 274
249 275
249 276
249 277
249 278
249 279
249 280
249 281
249 282
249 284
249 293
249 312
249 288
249 286
249 295
249 334
250 251
250 252
250 254
250 256
250 257
250 259
250 261
250 262
250 263
250 264
250 265
250 266
250 267
250 268
250 271
250 274
250 275
250 276
250 277
250 278
250 279
250 280
250 281
250 283
250 284
250 324
250 305
250 335
250 347
250 260
250 286
250 292
250 330
251 254
251 255
251 257
251 258
251 260
251 261
251 262
251 263
251 264
251 265
251 267
251 268
251 269
251 270
251 272
251 273
251 274
251 275
251 277
251 279
251 281
251 282
251 283
251 284
251 285
251 286
251 294
251 299
251 252
251 349
251 319
252 253
252 254
252 256
252 257
252 258
252 260
252 261
252 262
252 263
252 265
252 267
252 268
252 271
252 272
252 274
252 275
252 276
252 277
252 278
252 279
252 280
252 282
252 283
252 284
252 285
252 287
252 315
252 288
252 314
252 348
253 254
253 255
253 256
253 258
253 259
253 260
253 261
253 262
253 263
253 264
253 265
253 266
253 268
253 269
253 270
253 271
253 273
253 274
253 275
253 276
253 277
253 278
253 280
253 282
253 283
253 284
253 285
253 286
253 341
254 256
254 257
254 258
254 259
254 261
254 262
254 263
254 265
254 266
254 268
254 269
254 270
254 272
254 273
254 274
254 275
254 276
254 278
254 279
254 280
254 281
254 283
254 284
254 285
254 286
254 288
254 289
254 332
254 344
254 307
254 323
254 290
255 256
255 257
255 259
255 260
255 261
255 262
255 263
255 264
255 265
255 266
255 267
255 268
255 269
255 270
255 271
255 272
255 273
255 274
255 275
255 276
255 277
255 278
255 279
255 281
255 283
255 285
255 286
255 287
255 288
255 289
255 290
256 257
256 258
256 259
256 261
256 262
256 263
256 265
256 266
256 267
256 268
256 270
256 271
256 272
256 274
256 276
256 277
256 278
256 279
256 280
256 281
256 282
256 283
256 284
256 285
256 286
256 287
256 288
256 322
256 325
256 269
257 259
257 260
257 261
257 263
257 264
257 265
257 266
257 267
257 268
257 269
257 270
257 272
257 273
257 274
257 275
257 277
257 278
257 279
257 282
257 283
257 284
257 286
257 287
257 288
257 289
257 290
257 292
257 344
257 338
257 347
257 313
258 260
258 261
258 262
258 263
258 264
258 265
258 266
258 268
258 269
258 271
258 272
258 273
258 275
258 276
258 278
258 279
258 281
258 283
258 284
258 285
258 286
258 287
258 288
258 289
258 290
258 291
258 292
258 293
258 347
258 333
258 338
258 310
258 305
258 316
258 295
259 260
259 264
259 265
259 266
259 267
259 269
259 270
259 271
259 272
259 273
259 274
259 275
259 276
259 278
259 279
259 282
259 283
259 284
259 285
259 286
259 289
259 290
259 293
259 294
259 263
259 334
259 261
259 327
260 261
260 262
260 264
260 265
260 266
260 267
260 270
260 271
260 276
260 277
260 278
260 279
260 280
260 282
260 286
260 290
260 293
260 294
260 316
260 349
260 324
260 335
260 283
261 262
261 263
261 265
261 266
261 267
261 271
261 272
261 273
261 274
261 275
261 276
261 277
261 279
261 280
261 281
261 282
261 283
261 284
261 286
261 287
261 288
261 289
261 290
261 291
261 292
261 294
261 295
261 296
261 346
261 345
262 263
262 264
262 265
262 266
262 267
262 269
262 271
262 272
262 273
262 274
262 277
262 281
262 282
262 283
262 285
262 286
262 287
262 288
262 289
262 290
262 292
262 293
262 294
262 295
262 296
262 305
262 333
263 266
263 267
263 268
263 269
263 271
263 273
263 275
263 276
263 277
263 278
263 279
263 280
263 282
263 283
263 285
263 287
263 288
263 289
263 291
263 292
263 293
263 294
263 295
263 297
263 298
263 299
263 320
263 322
263 311
264 265
264 266
264 267
264 268
264 273
264 274
264 275
264 277
264 278
264 279
264 280
264 281
264 282
264 284
264 289
264 290
264 291
264 293
264 294
264 298
264 299
264 347
264 315
264 321
264 329
264 336
265 266
265 267
265 268
265 269
265 270
265 271
265 272
265 274
265 275
265 276
265 277
265 278
265 280
265 281
265 282
265 283
265 284
265 285
265 286
265 287
265 288
265 290
265 291
265 292
265 293
265 294
265 295
265 296
265 297
265 298
265 300
265 306
266 267
266 268
266 269
266 270
266 271
266 272
266 273
266 274
266 275
266 277
266 278
266 279
266 281
266 282
266 283
266 284
266 285
266 286
266 287
266 290
266 291
266 292
266 293
266 294
266 296
266 297
266 298
266 299
266 301
267 268
267 269
267 270
267 272
267 274
267 275
267 277
267 278
267 279
267 280
267 281
267 282
267 283
267 285
267 286
267 287
267 288
267 289
267 292
267 293
267 296
267 298
267 299
267 300
267 302
267 290
267 328
268 269
268 270
268 272
268 273
268 274
268 276
268 277
268 278
268 279
268 280
268 282
268 283
268 284
268 285
268 286
268 287
268 288
268 290
268 291
268 292
268 293
268 294
268 295
268 297
268 301
268 302
268 303
268 336
268 313
268 337
268 317
268 309
268 314
269 270
269 271
269 274
269 275
269 277
269 278
269 279
269 280
269 281
269 283
269 284
269 285
269 286
269 287
269 289
269 290
269 292
269 295
269 298
269 299
269 300
269 302
269 303
269 304
269 347
269 328
269 273
269 336
270 271
270 273
270 275
270 276
270 277
270 279
270 280
270 283
270 284
270 285
270 286
270 288
270 289
270 290
270 291
270 292
270 293
270 295
270 296
270 297
270 300
270 301
270 303
270 305
270 287
270 307
270 344
271 273
271 274
271 276
271 277
271 278
271 279
271 281
271 282
271 283
271 285
271 286
271 287
271 288
271 289
271 292
271 293
271 294
271 296
271 297
271 298
271 300
271 301
271 302
271 303
271 304
271 306
271 319
271 326
271 308
271 338
272 273
272 274
272 275
272 276
272 277
272 278
272 280
272 281
272 282
272 283
272 284
272 286
272 287
272 291
272 292
272 293
272 294
272 295
272 297
272 298
272 299
272 301
272 302
272 303
272 304
272 305
272 306
272 307
273 274
273 275
273 277
273 279
273 280
273 281
273 283
273 284
273 287
273 290
273 292
273 293
273 295
273 296
273 297
273 299
273 300
273 301
273 302
273 303
273 304
273 305
273 306
273 307
273 308
273 309
273 331
273 312
273 327
274 275
274 276
274 277
274 278
274 280
274 281
274 282
274 285
274 286
274 288
274 289
274 290
274 291
274 292
274 293
274 294
274 297
274 298
274 300
274 301
274 303
274 304
274 305
274 306
274 307
274 308
274 309
274 336
274 324
275 277
275 279
275 280
275 281
275 282
275 283
275 284
275 286
275 287
275 288
275 289
275 290
275 292
275 294
275 295
275 297
275 298
275 299
275 300
275 301
275 303
275 304
275 305
275 306
275 307
275 308
275 310
275 326
275 333
275 344
275 346
276 277
276 278
276 279
276 280
276 281
276 283
276 285
276 286
276 287
276 289
276 290
276 291
276 294
276 295
276 296
276 297
276 298
276 299
276 302
276 304
276 305
276 306
276 307
276 308
276 309
276 310
276 311
276 314
276 349
276 284
277 278
277 279
277 282
277 284
277 285
277 287
277 289
277 290
277 291
277 292
277 294
277 296
277 297
277 299
277 301
277 302
277 305
277 306
277 308
277 309
277 310
277 311
277 312
277 334
277 335
278 279
278 280
278 281
278 282
278 283
278 284
278 287
278 288
278 289
278 290
278 293
278 294
278 296
278 297
278 298
278 299
278 300
278 303
278 304
278 305
278 306
278 307
278 308
278 310
278 311
278 312
278 313
278 326
279 280
279 281
279 282
279 283
279 284
279 285
279 286
279 287
279 288
279 289
279 290
279 291
279 292
279 294
279 295
279 296
279 297
279 298
279 299
279 300
279 302
279 303
279 305
279 306
279 308
279 311
279 313
279 314
279 335
279 328
280 282
280 284
280 285
280 286
280 287
280 289
280 291
280 293
280 294
280 295
280 296
280 297
280 298
280 299
280 300
280 301
280 302
280 303
280 304
280 305
280 306
280 307
280 308
280 309
280 310
280 313
280 314
280 315
280 330
280 338
281 282
281 283
281 286
281 287
281 288
281 290
281 291
281 292
281 294
281 295
281 296
281 297
281 298
281 300
281 301
281 303
281 305
281 306
281 307
281 310
281 311
281 312
281 313
281 314
281 315
281 316
282 284
282 285
282 286
282 287
282 288
282 289
282 290
282 291
282 292
282 293
282 294
282 295
282 296
282 297
282 298
282 299
282 300
282 304
282 306
282 307
282 308
282 309
282 311
282 312
282 315
282 316
282 317
282 348
282 313
283 284
283 285
283 289
283 291
283 293
283 294
283 295
283 296
283 297
283 298
283 299
283 301
283 302
283 303
283 305
283 307
283 308
283 309
283 310
283 311
283 316
283 317
283 342
283 321
283 335
283 337
284 286
284 287
284 288
284 289
284 290
284 291
284 292
284 293
284 294
284 295
284 296
284 297
284 300
284 301
284 302
284 303
284 308
284 309
284 310
284 311
284 312
284 313
284 315
284 316
284 317
284 318
284 343
284 338
285 286
285 287
285 289
285 290
285 291
285 292
285 293
285 294
285 295
285 298
285 299
285 300
285 301
285 302
285 303
285 305
285 307
285 309
285 310
285 311
285 312
285 314
285 315
285 317
285 318
285 319
285 320
286 287
286 288
286 289
286 290
286 292
286 293
286 294
286 295
286 297
286 298
286 299
286 302
286 303
286 304
286 305
286 306
286 307
286 311
286 313
286 317
286 318
286 319
286 321
286 324
287 288
287 290
287 292
287 295
287 296
287 297
287 299
287 300
287 301
287 302
287 303
287 304
287 306
287 307
287 309
287 310
287 312
287 313
287 314
287 315
287 316
287 319
287 321
287 322
287 305
287 335
288 290
288 292
288 294
288 296
288 297
288 298
288 299
288 300
288 301
288 302
288 303
288 304
288 305
288 306
288 308
288 309
288 310
288 311
288 312
288 313
288 315
288 318
288 319
288 320
288 322
288 337
288 343
288 289
289 291
289 292
289 295
289 297
289 299
289 301
289 302
289 304
289 305
289 308
289 310
289 311
289 312
289 314
289 315
289 316
289 317
289 320
289 321
289 323
289 331
289 347
290 291
290 292
290 293
290 295
290 296
290 297
290 298
290 299
290 300
290 301
290 302
290 304
290 305
290 306
290 307
290 308
290 309
290 311
290 314
290 316
290 323
290 324
290 325
290 340
290 338
291 294
291 295
291 296
291 297
291 299
291 300
291 301
291 303
291 304
291 305
291 306
291 308
291 309
291 311
291 312
291 314
291 315
291 316
291 317
291 318
291 321
291 322
291 325
291 326
291 331
292 293
292 294
292 295
292 297
292 298
292 301
292 302
292 303
292 304
292 306
292 307
292 309
292 310
292 311
292 312
292 313
292 315
292 316
292 317
292 318
292 319
292 322
292 323
292 324
292 325
292 327
292 340
293 294
293 295
293 297
293 299
293 300
293 302
293 305
293 306
293 308
293 309
293 311
293 312
293 313
293 314
293 316
293 317
293 318
293 319
293 320
293 321
293 323
293 324
293 326
293 328
293 343
293 329
294 295
294 296
294 297
294 298
294 299
294 300
294 301
294 302
294 303
294 304
294 305
294 306
294 309
294 311
294 312
294 313
294 315
294 316
294 318
294 319
294 321
294 322
294 324
294 325
294 326
294 328
294 329
294 345
295 296
295 297
295 299
295 300
295 301
295 304
295 305
295 306
295 307
295 309
295 310
295 312
295 313
295 314
295 317
295 318
295 320
295 321
295 322
295 323
295 324
295 326
295 328
295 329
295 330
295 332
295 298
296 297
296 299
296 300
296 301
296 302
296 304
296 305
296 308
296 309
296 310
296 311
296 313
296 314
296 315
296 316
296 317
296 318
296 319
296 321
296 322
296 323
296 325
296 326
296 327
296 328
296 329
296 330
296 331
297 299
297 300
297 301
297 302
297 303
297 304
297 307
297 308
297 309
297 310
297 313
297 314
297 316
297 317
297 319
297 320
297 321
297 323
297 325
297 326
297 327
297 328
297 329
297 330
297 331
297 333
297 341
298 300
298 303
298 305
298 306
298 307
298 308
298 309
298 310
298 311
298 312
298 313
298 314
298 315
298 317
298 318
298 320
298 321
298 322
298 323
298 326
298 327
298 328
298 329
298 333
299 303
299 305
299 306
299 307
299 309
299 310
299 315
299 316
299 317
299 318
299 319
299 320
299 321
299 322
299 324
299 325
299 326
299 327
299 328
299 329
299 330
299 332
299 333
299 301
299 335
300 301
300 303
300 305
300 306
300 307
300 308
300 309
300 310
300 311
300 312
300 314
300 317
300 318
300 319
300 320
300 321
300 322
300 323
300 324
300 325
300 327
300 328
300 329
300 330
300 331
300 333
300 335
301 302
301 303
301 305
301 307
301 308
301 309
301 310
301 311
301 313
301 315
301 316
301 317
301 318
301 319
301 321
301 322
301 323
301 325
301 328
301 329
301 330
301 331
301 332
301 333
301 334
301 335
301 336
301 345
302 303
302 305
302 306
302 307
302 308
302 309
302 310
302 311
302 313
302 314
302 315
302 316
302 317
302 319
302 320
302 322
302 323
302 324
302 325
302 326
302 328
302 329
302 330
302 331
302 332
302 333
302 334
302 335
302 336
302 337
302 338
303 304
303 305
303 308
303 309
303 310
303 311
303 312
303 313
303 314
303 315
303 316
303 317
303 318
303 322
303 324
303 325
303 327
303 331
303 332
303 334
303 336
303 337
303 338
303 347
303 345
303 321
304 306
304 309
304 311
304 312
304 313
304 314
304 315
304 316
304 318
304 319
304 320
304 321
304 322
304 323
304 324
304 325
304 327
304 328
304 330
304 332
304 333
304 334
304 335
304 336
304 337
304 338
304 339
305 306
305 307
305 308
305 309
305 310
305 311
305 312
305 314
305 315
305 316
305 319
305 321
305 322
305 324
305 325
305 326
305 328
305 329
305 330
305 331
305 332
305 333
305 335
305 336
305 337
305 339
305 340
306 307
306 308
306 310
306 312
306 314
306 315
306 317
306 318
306 319
306 321
306 322
306 325
306 326
306 327
306 328
306 330
306 332
306 333
306 335
306 337
306 339
306 341
307 309
307 310
307 311
307 312
307 313
307 314
307 316
307 317
307 319
307 321
307 323
307 324
307 330
307 332
307 333
307 334
307 335
307 336
307 337
307 338
307 340
307 341
307 342
307 343
307 328
308 310
308 311
308 312
308 313
308 315
308 316
308 317
308 319
308 320
308 322
308 323
308 325
308 326
308 327
308 328
308 329
308 332
308 333
308 334
308 335
308 336
308 338
308 339
309 312
309 313
309 314
309 316
309 317
309 318
309 319
309 320
309 321
309 322
309 323
309 325
309 326
309 328
309 330
309 331
309 333
309 336
309 337
309 338
309 339
309 340
309 341
309 344
309 346
310 311
310 312
310 314
310 315
310 316
310 317
310 318
310 320
310 321
310 322
310 323
310 325
310 330
310 332
310 333
310 334
310 335
310 337
310 341
310 342
310 343
310 344
311 312
311 313
311 315
311 316
311 317
311 318
311 319
311 321
311 322
311 323
311 324
311 325
311 326
311 328
311 329
311 330
311 332
311 333
311 335
311 337
311 339
311 341
311 342
311 343
311 345
312 314
312 317
312 318
312 319
312 321
312 323
312 324
312 325
312 326
312 329
312 331
312 332
312 334
312 335
312 336
312 337
312 339
312 342
312 343
312 344
312 346
312 347
313 314
313 315
313 316
313 317
313 318
313 319
313 320
313 321
313 322
313 323
313 325
313 326
313 327
313 328
313 329
313 330
313 331
313 332
313 333
313 335
313 336
313 339
313 340
313 341
313 343
313 345
313 346
313 348
314 315
314 316
314 317
314 318
314 320
314 321
314 322
314 323
314 324
314 326
314 327
314 328
314 329
314 330
314 331
314 332
314 333
314 334
314 335
314 336
314 337
314 338
314 339
314 340
314 341
314 342
314 343
314 344
314 345
314 346
315 316
315 317
315 319
315 320
315 321
315 322
315 323
315 326
315 328
315 331
315 332
315 334
315 336
315 337
315 339
315 340
315 343
315 345
315 347
315 348
315 349
316 317
316 318
316 319
316 320
316 321
316 322
316 323
316 324
316 325
316 327
316 329
316 330
316 331
316 332
316 333
316 337
316 338
316 339
316 340
316 341
316 342
316 343
316 345
316 346
316 347
316 348
316 349
317 318
317 319
317 320
317 323
317 324
317 325
317 326
317 327
317 328
317 329
317 330
317 331
317 332
317 333
317 334
317 335
317 336
317 337
317 338
317 339
317 340
317 341
317 342
317 344
317 345
317 346
317 347
317 348
317 349
318 320
318 321
318 322
318 323
318 324
318 325
318 327
318 328
318 330
318 331
318 332
318 333
318 334
318 338
318 339
318 340
318 343
318 344
318 345
318 346
318 347
318 348
319 320
319 321
319 322
319 323
319 324
319 325
319 326
319 327
319 328
319 329
319 330
319 331
319 332
319 334
319 335
319 336
319 338
319 339
319 341
319 342
319 343
319 344
319 345
319 346
319 347
319 348
319 349
320 321
320 322
320 323
320 327
320 328
320 329
320 330
320 331
320 332
320 333
320 335
320 336
320 337
320 338
320 339
320 340
320 341
320 342
320 343
320 345
320 347
320 348
320 349
321 322
321 323
321 324
321 327
321 328
321 329
321 330
321 331
321 332
321 334
321 335
321 336
321 337
321 338
321 339
321 340
321 341
321 344
321 345
321 346
321 347
322 323
322 324
322 325
322 326
322 327
322 328
322 329
322 330
322 332
322 334
322 335
322 336
322 338
322 340
322 341
322 342
322 344
322 345
322 346
322 347
322 348
322 349
322 339
323 324
323 325
323 326
323 327
323 329
323 330
323 331
323 332
323 333
323 334
323 335
323 338
323 339
323 340
323 343
323 344
323 345
323 346
323 347
323 348
323 349
323 328
324 326
324 327
324 328
324 329
324 330
324 332
324 333
324 334
324 335
324 336
324 338
324 339
324 340
324 342
324 343
324 344
324 345
324 346
324 347
324 325
325 327
325 328
325 329
325 330
325 331
325 332
325 333
325 335
325 337
325 338
325 339
325 340
325 341
325 343
325 344
325 347
325 348
325 349
326 327
326 329
326 330
326 331
326 332
326 333
326 334
326 335
326 336
326 337
326 339
326 341
326 342
326 343
326 344
326 345
326 348
326 349
327 328
327 329
327 330
327 331
327 332
327 333
327 334
327 335
327 336
327 337
327 338
327 339
327 340
327 341
327 342
327 343
327 344
327 345
327 346
327 349
328 330
328 331
328 332
328 333
328 334
328 336
328 337
328 339
328 341
328 342
328 343
328 344
328 345
328 347
329 330
329 331
329 332
329 333
329 334
329 336
329 337
329 338
329 339
329 340
329 341
329 342
329 343
329 344
329 345
329 346
329 347
329 349
330 331
330 332
330 333
330 334
330 335
330 336
330 337
330 339
330 341
330 342
330 343
330 344
330 347
330 348
330 349
331 332
331 333
331 334
331 335
331 336
331 337
331 339
331 340
331 341
331 342
331 343
331 345
331 346
331 347
331 348
331 349
332 333
332 334
332 336
332 337
332 338
332 342
332 343
332 344
332 345
332 346
332 347
332 349
332 340
333 334
333 335
333 336
333 337
333 338
333 339
333 341
333 343
333 344
333 346
333 347
333 348
333 349
334 335
334 338
334 340
334 343
334 344
334 345
334 346
334 347
334 348
334 349
335 336
335 341
335 343
335 344
335 345
335 347
335 348
336 339
336 340
336 341
336 342
336 343
336 344
336 346
336 347
336 348
336 349
336 338
337 338
337 339
337 340
337 341
337 342
337 343
337 344
337 345
337 346
337 347
338 340
338 341
338 342
338 343
338 344
338 345
338 348
339 341
339 342
339 343
339 344
339 345
339 346
339 347
339 348
339 349
340 341
340 342
340 343
340 344
340 346
340 349
341 342
341 343
341 344
341 345
341 346
341 349
342 343
342 344
342 345
342 346
342 347
342 348
342 349
343 344
343 345
343 346
343 348
343 349
344 345
344 347
344 348
344 349
345 346
345 347
345 348
345 349
346 347
346 348
346 349
347 348
348 349
