0 1
0 39
0 2
0 38
0 37
0 4
0 36
0 7
1 3
1 39
1 4
1 38
1 37
1 17
1 31
1 22
2 3
2 4
2 5
2 39
2 6
2 38
3 4
3 5
3 6
3 7
3 39
3 26
4 5
4 6
4 7
4 8
5 6
5 7
5 8
5 9
6 7
6 8
6 9
6 10
7 8
7 9
7 10
7 11
8 10
8 11
8 12
8 13
9 10
9 11
9 12
9 13
10 11
10 12
10 13
10 14
11 12
11 14
11 15
11 34
12 13
12 14
12 15
12 16
13 14
13 15
13 16
13 17
14 15
14 16
14 17
14 18
14 38
15 16
15 17
15 18
15 19
15 30
16 17
16 18
16 19
16 20
17 18
17 19
17 20
17 21
17 22
18 19
18 20
18 21
18 22
18 32
19 20
19 21
19 23
19 32
20 21
20 22
20 23
20 24
21 22
21 23
21 24
21 25
22 23
22 25
23 24
23 26
23 27
23 36
24 25
24 26
24 27
24 28
25 26
25 27
25 28
25 29
26 27
26 28
26 29
27 28
27 29
27 30
27 31
28 29
28 30
28 31
28 32
29 31
29 32
29 33
29 34
30 31
30 32
30 33
31 32
31 33
31 34
31 35
32 34
32 35
32 36
33 34
33 35
33 36
33 37
34 35
34 36
34 37
34 38
35 36
35 37
35 38
35 39
36 37
36 38
36 39
37 38
37 39
