0 1
0 69
0 2
0 68
0 3
0 67
1 3
1 69
1 4
1 68
1 35
2 3
2 4
2 5
2 69
3 4
3 5
3 6
4 5
4 6
4 62
4 29
4 7
5 6
5 7
5 8
6 7
6 8
6 29
7 8
7 9
8 10
8 11
8 27
8 64
9 10
9 11
9 30
10 11
10 12
10 13
10 62
11 12
11 13
11 14
12 13
12 14
12 15
12 23
12 33
13 14
13 15
13 16
14 15
14 16
14 17
15 16
15 17
15 18
16 17
16 18
16 19
17 18
17 19
17 20
18 19
18 20
18 21
19 20
19 21
19 55
20 21
20 22
20 23
21 22
21 23
21 24
21 52
22 23
22 24
22 25
23 24
23 25
24 25
24 26
24 43
25 26
25 27
25 28
26 27
26 28
26 29
27 28
27 29
27 30
28 29
28 30
28 31
29 31
29 32
29 58
29 39
30 31
30 32
30 33
31 32
31 34
31 64
32 33
32 34
32 35
33 34
33 35
34 35
34 36
34 69
35 36
35 37
35 38
36 37
36 38
36 39
37 38
37 39
37 40
38 39
38 40
38 41
39 41
39 42
40 41
40 42
40 43
40 65
41 42
41 43
41 44
42 43
42 44
42 45
43 44
43 45
43 48
44 45
44 46
44 49
45 46
45 47
45 48
46 47
46 48
46 49
47 48
47 49
47 50
48 49
48 50
48 51
49 50
49 51
49 52
50 51
50 52
50 53
51 52
51 53
51 54
52 54
52 55
53 54
53 56
53 62
54 55
54 56
54 57
55 56
55 57
55 58
56 57
56 58
56 59
57 58
57 59
57 60
58 59
58 60
58 61
59 60
59 61
59 64
60 61
60 62
60 63
61 62
61 63
61 64
62 64
63 64
63 65
63 66
64 65
64 66
65 67
65 68
66 67
66 68
66 69
67 68
67 69
68 69
