0 1
0 2
0 3
0 247
0 246
0 5
0 6
0 244
0 95
0 180
0 84
1 3
1 249
1 4
1 248
1 5
1 247
1 6
1 7
1 245
1 70
2 5
2 249
2 6
2 248
2 247
2 246
2 35
2 197
2 237
2 131
3 4
3 6
3 7
3 249
3 8
3 248
3 9
3 247
3 67
3 72
3 171
4 5
4 7
4 8
4 9
4 10
4 113
5 6
5 7
5 8
5 9
5 11
5 249
5 213
5 69
5 59
6 8
6 9
6 10
6 11
6 108
6 226
6 90
6 132
7 10
7 11
7 12
7 23
7 19
7 106
8 10
8 11
8 13
8 129
8 58
8 17
8 171
9 10
9 11
9 12
9 175
9 222
9 249
10 11
10 13
10 14
10 16
10 213
10 168
11 12
11 13
11 14
11 15
11 16
11 17
11 111
11 66
11 120
11 179
12 13
12 14
12 15
12 16
12 18
12 78
12 162
13 14
13 15
13 16
13 17
13 18
13 19
13 76
13 21
14 15
14 20
14 191
14 93
14 225
14 162
14 135
15 16
15 17
15 18
15 19
15 226
15 107
15 121
15 223
15 194
16 17
16 18
16 19
16 21
16 22
16 136
16 79
16 42
16 178
16 34
17 18
17 19
17 20
17 21
17 23
17 201
17 79
18 20
18 21
18 22
18 23
18 24
18 108
19 20
19 22
19 24
19 25
19 63
19 104
19 203
20 22
20 23
20 25
20 245
20 207
20 91
20 194
20 146
20 201
21 22
21 23
21 24
21 25
21 222
21 61
22 24
22 25
22 28
22 97
22 135
22 193
23 25
23 26
23 27
23 28
23 29
23 216
24 25
24 26
24 27
24 28
24 29
24 30
24 153
24 223
24 139
24 208
24 248
25 26
25 27
25 28
25 30
25 31
25 44
26 28
26 29
26 31
26 32
26 117
26 222
27 28
27 30
27 31
27 32
27 41
27 139
27 232
28 29
28 30
28 31
28 32
28 33
28 34
29 30
29 31
29 32
29 33
29 34
29 35
29 238
29 101
30 31
30 32
30 34
30 35
30 36
30 203
30 61
31 32
31 34
31 37
31 188
31 163
31 148
31 110
31 245
31 156
32 33
32 34
32 35
32 36
32 38
32 196
32 173
33 34
33 35
33 36
33 37
33 38
33 39
34 35
34 36
34 37
34 39
34 131
34 205
35 36
35 37
35 38
35 39
35 40
35 41
35 170
36 38
36 39
36 40
36 42
36 58
36 101
37 38
37 40
37 41
37 42
37 201
37 81
37 51
38 39
38 40
38 56
38 241
38 52
38 51
39 40
39 41
39 42
39 43
39 44
39 45
39 83
40 41
40 44
40 46
40 80
40 120
40 169
40 195
40 217
41 42
41 44
41 45
41 46
41 47
41 209
41 157
42 43
42 44
42 45
42 46
42 47
42 48
42 123
43 44
43 45
43 46
43 47
43 49
43 191
43 170
44 46
44 47
44 48
44 49
44 50
44 90
44 114
45 47
45 48
45 68
45 98
45 136
45 165
46 47
46 49
46 50
46 51
46 165
46 168
46 181
46 91
47 48
47 50
47 52
47 53
47 200
47 84
47 97
47 102
48 50
48 51
48 52
48 53
48 162
48 200
48 167
49 52
49 53
49 54
49 55
49 186
49 163
49 197
49 50
49 61
50 52
50 54
50 118
50 110
50 220
50 94
51 52
51 53
51 54
51 55
51 56
51 57
51 130
52 53
52 54
52 55
52 56
52 57
52 58
53 54
53 55
53 56
53 57
53 58
53 59
54 55
54 56
54 57
54 58
54 60
54 158
54 101
54 151
54 80
54 167
55 56
55 57
55 59
55 60
55 61
55 189
55 160
55 239
56 57
56 59
56 60
56 61
56 139
56 248
56 177
57 58
57 59
57 60
57 61
57 62
57 63
57 226
58 60
58 61
58 63
58 64
58 139
58 155
59 60
59 61
59 62
59 63
59 65
59 156
59 109
60 61
60 63
60 64
60 65
60 66
60 144
60 152
60 87
61 63
61 65
61 67
61 233
61 103
61 242
61 192
61 205
62 63
62 64
62 65
62 66
62 67
62 154
63 64
63 65
63 66
63 68
63 69
63 129
63 205
63 127
64 65
64 66
64 67
64 68
64 69
64 207
64 75
65 66
65 67
65 68
65 69
65 71
65 216
66 67
66 68
66 70
66 195
66 111
66 169
67 68
67 69
67 70
67 71
67 72
67 73
67 223
67 175
68 69
68 70
68 71
68 72
68 73
68 74
68 178
69 70
69 71
69 72
69 73
69 74
69 75
70 74
70 75
70 143
70 236
70 222
70 147
70 113
71 72
71 73
71 74
71 75
71 76
71 77
71 244
72 73
72 74
72 76
72 77
72 241
72 222
73 74
73 75
73 76
73 77
73 79
73 93
73 152
73 108
73 235
73 130
73 231
73 244
74 75
74 76
74 77
74 78
74 79
74 80
75 76
75 78
75 79
75 80
75 81
75 190
75 110
75 171
76 77
76 80
76 82
76 170
76 198
77 79
77 80
77 81
77 82
77 83
77 126
77 168
78 80
78 81
78 83
78 191
78 171
79 80
79 81
79 83
79 84
79 85
79 225
79 138
80 83
80 85
80 86
80 230
80 201
81 82
81 83
81 85
81 87
81 161
81 145
82 83
82 84
82 85
82 86
82 87
82 88
82 109
83 85
83 87
83 89
83 97
83 197
83 207
84 85
84 86
84 87
84 88
84 89
84 143
84 155
85 86
85 87
85 88
85 89
85 90
85 91
85 153
86 87
86 89
86 90
86 92
86 107
86 197
87 88
87 89
87 91
87 92
87 195
88 89
88 90
88 91
88 92
88 93
88 94
89 90
89 91
89 92
89 93
89 94
89 95
89 224
89 154
89 148
90 93
90 94
90 95
90 96
90 226
90 145
90 170
90 230
91 92
91 93
91 94
91 95
91 96
91 97
92 93
92 94
92 95
92 97
92 98
92 111
92 248
92 174
92 246
93 94
93 96
93 98
93 99
93 193
93 186
94 97
94 98
94 99
94 100
94 111
94 201
94 103
94 203
95 97
95 98
95 99
95 100
95 101
96 97
96 98
96 99
96 100
96 101
96 102
97 98
97 99
97 100
97 101
97 102
97 103
98 99
98 100
98 102
98 103
98 104
98 245
98 224
99 100
99 102
99 103
99 104
99 105
99 121
100 102
100 103
100 104
100 105
100 106
100 233
101 103
101 105
101 106
101 160
102 103
102 104
102 105
102 107
102 137
103 104
103 105
103 108
103 109
103 160
104 105
104 106
104 108
104 110
104 159
104 188
104 118
105 107
105 109
105 110
105 111
105 195
105 115
106 108
106 109
106 110
106 112
106 244
106 212
106 195
107 108
107 110
107 111
107 112
107 113
107 243
107 246
108 109
108 110
108 112
108 113
108 114
109 111
109 112
109 114
109 115
109 193
110 111
110 113
110 114
110 116
110 152
111 114
111 115
111 116
111 117
111 151
111 217
112 113
112 115
112 116
112 117
112 118
112 121
112 151
112 185
113 114
113 115
113 116
113 117
113 118
113 140
113 188
113 218
114 115
114 116
114 117
114 118
114 119
114 164
115 117
115 118
115 119
115 120
115 121
115 224
115 210
115 219
116 117
116 118
116 119
116 120
116 121
116 122
117 119
117 120
117 121
117 122
117 187
117 219
117 174
118 119
118 120
118 121
118 122
118 123
118 124
118 194
119 121
119 122
119 123
119 124
119 125
119 194
120 121
120 122
120 123
120 125
120 126
120 245
121 124
121 125
121 127
121 168
121 151
121 176
121 215
122 123
122 125
122 126
122 127
122 128
122 192
122 189
123 124
123 125
123 127
123 128
123 129
123 208
124 125
124 126
124 127
124 129
124 130
124 176
124 227
125 126
125 127
125 128
125 129
125 130
125 181
126 127
126 129
126 130
126 132
126 205
126 165
126 227
127 129
127 130
127 131
127 133
127 138
128 129
128 130
128 131
128 132
128 133
128 134
128 235
128 182
128 154
129 130
129 132
129 133
129 134
129 135
130 131
130 132
130 133
130 134
130 135
130 199
131 132
131 134
131 135
131 136
131 137
132 133
132 134
132 135
132 136
132 137
132 148
132 211
133 134
133 135
133 136
133 137
133 138
133 139
134 135
134 136
134 137
134 138
134 139
134 140
135 136
135 137
135 138
135 139
135 140
135 141
136 138
136 139
136 140
136 141
136 142
136 241
137 138
137 139
137 140
137 141
137 222
137 216
137 161
137 226
138 139
138 140
138 141
138 142
138 143
138 171
139 141
139 143
139 145
140 142
140 143
140 145
140 146
140 181
141 142
141 143
141 144
141 145
141 146
141 147
141 199
141 240
142 144
142 145
142 146
142 147
142 148
142 231
143 145
143 146
143 148
143 149
143 175
144 146
144 147
144 148
144 149
144 150
145 146
145 147
145 148
145 149
145 150
146 147
146 148
146 149
146 150
146 152
146 183
147 148
147 152
147 153
147 163
147 193
148 149
148 150
148 154
149 150
149 151
149 152
149 153
149 154
149 155
149 195
149 225
150 151
150 152
150 153
150 154
150 155
150 156
151 156
151 157
151 232
152 153
152 155
152 156
152 158
152 181
153 156
153 157
153 158
153 247
154 155
154 156
154 159
154 201
155 156
155 157
155 158
155 159
155 160
155 161
155 197
156 157
156 159
156 160
156 161
157 158
157 159
157 161
157 162
157 163
157 183
158 161
158 163
158 164
158 167
158 212
159 160
159 162
159 163
159 164
159 239
159 173
160 162
160 163
160 165
160 166
161 162
161 163
161 164
161 165
161 166
161 167
162 163
162 165
162 167
162 168
162 244
162 249
162 213
162 198
163 165
163 166
163 168
163 169
163 230
164 166
164 167
164 168
164 169
164 170
165 167
165 168
165 169
165 170
165 171
165 215
166 167
166 168
166 169
166 170
166 171
166 172
167 169
167 170
167 171
167 173
167 236
167 206
168 170
168 171
168 172
168 173
168 206
168 239
169 170
169 171
169 172
169 173
169 174
169 175
170 171
170 173
170 221
171 173
171 174
171 177
172 173
172 174
172 175
172 176
172 177
172 178
173 174
173 175
173 176
173 177
173 197
174 175
174 176
174 178
174 179
174 180
175 176
175 177
175 178
175 180
175 181
176 178
176 179
176 181
176 182
176 189
177 178
177 179
177 180
177 181
177 182
177 183
178 179
178 180
178 183
178 184
179 180
179 181
179 182
179 183
179 184
179 218
179 205
180 182
180 183
180 184
180 185
180 186
181 182
181 183
181 184
181 185
181 187
182 183
182 184
182 185
182 187
182 188
182 192
182 228
183 184
183 185
183 188
183 212
183 249
184 185
184 186
184 187
184 189
184 190
184 200
185 186
185 187
185 188
185 189
185 191
186 187
186 188
186 189
186 190
186 192
187 188
187 189
187 190
187 191
187 192
187 193
188 189
188 190
188 192
188 194
189 190
189 191
189 194
189 195
189 215
190 192
190 193
190 194
190 195
190 196
191 193
191 194
191 195
191 196
191 197
192 193
192 194
192 198
192 213
193 194
193 197
193 198
193 199
193 238
194 195
194 197
194 199
195 198
195 199
195 200
196 197
196 198
196 199
196 201
196 202
197 198
197 200
197 201
197 202
197 235
198 199
198 200
198 201
198 202
198 203
198 225
198 220
199 201
199 203
199 204
199 205
200 202
200 204
200 205
200 206
201 203
201 204
201 205
201 206
201 207
202 203
202 204
202 205
202 206
202 207
202 208
203 205
203 206
203 207
203 208
204 205
204 206
204 207
204 208
204 209
204 210
205 206
205 207
205 208
205 210
206 207
206 209
206 211
206 212
206 243
207 209
207 210
207 211
207 213
208 209
208 210
208 211
208 212
209 210
209 211
209 212
209 213
209 214
209 242
210 211
210 212
210 213
210 215
210 216
211 212
211 213
211 214
211 215
211 217
212 214
212 215
212 216
212 217
212 221
213 214
213 216
213 217
213 218
213 219
213 228
214 215
214 216
214 217
214 218
214 219
214 220
214 249
215 218
215 219
215 220
215 221
216 217
216 218
216 220
216 221
216 222
216 238
217 218
217 219
217 220
217 221
218 219
218 221
218 222
218 224
218 233
219 221
219 222
219 223
219 225
220 221
220 222
220 223
220 224
220 225
220 226
221 222
221 223
221 224
221 225
221 226
221 227
222 224
222 225
222 227
222 241
223 225
223 226
223 228
223 229
224 226
224 228
224 229
224 230
224 237
225 226
225 229
225 230
226 227
226 229
226 232
227 228
227 229
227 230
227 231
227 238
228 230
228 231
228 232
228 234
229 230
229 231
229 232
229 233
229 234
229 235
230 231
230 232
230 233
230 235
230 236
231 232
231 233
231 234
231 235
231 237
232 233
232 235
232 236
232 237
233 234
233 235
233 236
233 237
233 238
233 239
234 235
234 236
234 238
234 239
234 240
234 246
235 236
235 240
235 241
236 237
236 238
236 239
236 240
236 241
236 242
237 239
237 240
237 241
237 242
237 243
238 240
238 242
238 243
238 244
239 240
239 241
239 242
239 245
240 241
240 242
240 243
240 244
240 245
241 244
241 245
241 246
241 247
242 243
242 244
242 245
242 246
242 247
242 248
243 244
243 245
243 246
243 247
243 248
243 249
244 246
244 247
245 246
245 247
245 249
246 247
246 248
246 249
247 248
247 249
248 249
