0 1
0 299
0 2
0 298
0 297
0 4
0 296
0 5
0 295
0 6
0 7
0 117
1 299
1 4
1 298
1 5
1 297
1 6
1 7
1 295
1 8
1 140
1 92
1 173
1 97
2 4
2 5
2 6
2 298
2 7
2 8
2 296
2 9
2 295
2 71
2 51
2 28
3 4
3 5
3 6
3 7
3 8
3 297
3 10
3 296
3 281
3 60
4 5
4 7
4 9
4 10
4 298
4 297
4 275
4 231
4 177
5 6
5 7
5 8
5 9
5 10
5 299
5 298
5 243
5 223
6 8
6 9
6 10
6 12
6 216
6 237
6 69
6 38
7 9
7 10
7 11
7 14
7 47
7 234
7 147
8 12
8 14
8 15
8 258
8 220
8 89
8 103
9 10
9 12
9 13
9 15
9 16
9 169
9 102
10 11
10 12
10 13
10 14
10 15
10 16
10 17
10 139
10 95
11 12
11 13
11 14
11 15
11 16
11 18
11 293
12 13
12 16
12 17
12 153
12 299
12 89
12 139
13 14
13 15
13 16
13 17
13 18
13 19
13 20
13 149
13 266
13 65
14 15
14 16
14 17
14 18
14 19
14 20
14 21
15 16
15 17
15 18
15 19
15 20
15 21
15 53
15 283
15 206
16 17
16 18
16 19
16 23
16 57
16 137
16 43
16 97
16 203
16 268
16 208
16 226
17 18
17 19
17 20
17 22
17 23
17 24
17 49
17 140
17 237
18 21
18 22
18 23
18 25
18 216
18 251
18 194
18 148
19 20
19 21
19 23
19 25
19 26
19 279
19 82
19 169
19 211
20 22
20 23
20 25
20 172
20 30
20 290
20 187
20 151
21 23
21 24
21 25
21 26
21 27
21 28
21 194
21 87
21 285
22 24
22 25
22 26
22 27
22 28
22 29
22 176
22 278
22 144
23 24
23 25
23 26
23 27
23 28
23 29
23 41
23 232
23 219
23 135
23 78
24 25
24 27
24 29
24 30
24 31
24 76
24 146
24 181
24 239
25 26
25 28
25 29
25 30
25 31
25 32
25 296
25 62
25 181
26 27
26 28
26 29
26 30
26 31
26 32
26 241
26 61
26 236
26 199
27 28
27 29
27 30
27 31
27 33
27 34
27 246
27 254
28 29
28 30
28 31
28 32
28 33
28 123
28 74
28 258
29 30
29 31
29 32
29 34
29 35
29 36
29 184
29 147
30 31
30 32
30 33
30 34
30 35
30 37
30 136
30 150
30 57
31 32
31 33
31 34
31 35
31 37
31 38
31 148
31 217
32 33
32 34
32 35
32 36
32 38
32 132
32 92
32 44
32 159
33 34
33 35
33 36
33 38
33 39
33 244
33 246
33 229
34 35
34 36
34 37
34 39
34 40
34 41
34 194
34 55
34 292
34 52
34 139
35 37
35 38
35 39
35 42
35 116
35 134
35 114
35 151
35 172
35 101
36 37
36 38
36 40
36 41
36 42
36 185
36 45
37 38
37 39
37 40
37 42
37 43
37 44
37 142
37 77
38 39
38 41
38 42
38 43
38 44
38 160
38 248
38 120
38 265
38 283
38 166
39 40
39 41
39 42
39 43
39 44
39 46
39 207
40 41
40 44
40 45
40 46
40 101
40 136
40 211
41 42
41 44
41 45
41 47
41 48
41 200
41 288
41 171
41 180
42 43
42 45
42 46
42 47
42 243
42 94
42 286
43 45
43 46
43 47
43 48
43 49
43 50
43 181
43 281
44 46
44 47
44 48
44 49
44 50
44 51
44 136
44 97
45 46
45 47
45 50
45 51
45 52
45 122
45 136
46 47
46 48
46 49
46 139
46 207
46 196
46 194
47 49
47 50
47 51
47 52
47 87
47 136
47 137
48 49
48 50
48 52
48 53
48 54
48 55
48 208
48 164
49 51
49 53
49 54
49 55
49 56
49 236
49 148
49 58
49 164
49 203
49 257
50 51
50 52
50 53
50 55
50 56
50 153
50 260
50 73
50 251
50 222
50 116
51 52
51 55
51 58
51 78
51 119
51 224
51 184
52 53
52 54
52 55
52 56
52 58
52 59
52 114
52 223
53 54
53 55
53 56
53 60
53 187
53 238
53 128
54 55
54 56
54 57
54 59
54 60
54 61
54 97
54 271
54 100
55 56
55 57
55 58
55 60
55 61
55 62
55 214
55 187
56 57
56 59
56 60
56 62
56 63
56 265
56 78
56 240
57 59
57 60
57 62
57 63
57 64
57 159
58 59
58 60
58 62
58 63
58 64
58 65
58 146
58 282
58 299
58 164
58 215
59 60
59 61
59 63
59 64
59 65
59 66
59 229
59 97
59 181
60 63
60 64
60 65
60 290
60 68
60 151
61 62
61 63
61 64
61 66
61 67
61 68
61 196
61 156
62 63
62 64
62 65
62 67
62 69
62 246
62 269
62 244
63 64
63 65
63 66
63 67
63 68
63 70
63 115
63 191
64 65
64 66
64 67
64 68
64 69
64 70
64 71
64 253
64 290
65 66
65 67
65 68
65 69
65 71
65 72
65 254
66 67
66 68
66 69
66 70
66 71
66 72
66 73
66 112
67 68
67 69
67 70
67 71
67 72
67 73
67 74
67 206
67 88
67 254
67 294
68 70
68 71
68 72
68 73
68 74
68 75
68 287
68 179
69 70
69 71
69 72
69 73
69 74
69 76
69 126
69 105
70 71
70 72
70 73
70 75
70 76
70 220
70 195
70 249
70 164
71 72
71 73
71 74
71 76
71 77
71 78
71 249
72 73
72 74
72 75
72 76
72 77
72 78
72 79
72 131
72 182
73 74
73 75
73 76
73 77
73 78
73 79
73 80
73 98
73 153
74 75
74 76
74 77
74 79
74 80
74 215
74 203
75 77
75 80
75 81
75 82
75 252
75 275
75 258
75 154
76 79
76 80
76 81
76 82
76 83
76 141
77 78
77 79
77 80
77 81
77 84
77 280
77 243
78 80
78 81
78 82
78 83
78 84
78 85
78 216
78 116
78 94
79 80
79 81
79 82
79 83
79 84
79 86
79 274
80 81
80 82
80 83
80 85
80 254
80 167
80 192
80 291
81 82
81 84
81 85
81 87
81 88
81 277
81 146
81 163
81 173
82 83
82 85
82 87
82 88
82 89
82 102
82 171
82 194
83 84
83 85
83 87
83 88
83 89
83 90
83 268
83 196
83 294
84 85
84 86
84 89
84 90
84 91
84 284
84 210
84 286
85 86
85 89
85 90
85 91
85 118
85 242
85 279
85 191
86 87
86 88
86 89
86 90
86 91
86 92
86 128
86 281
87 90
87 93
87 274
87 109
87 89
87 236
88 89
88 91
88 92
88 93
88 95
88 208
88 153
89 90
89 91
89 92
89 93
89 94
89 95
89 129
89 149
90 91
90 92
90 93
90 96
90 97
90 160
90 102
91 92
91 94
91 95
91 96
91 215
91 236
91 209
92 94
92 95
92 96
92 98
92 99
92 205
92 252
93 94
93 95
93 97
93 99
93 158
93 257
93 283
93 155
94 95
94 96
94 97
94 98
94 99
94 130
95 96
95 98
95 100
95 101
95 102
95 193
95 294
96 97
96 98
96 100
96 101
96 102
96 103
96 225
97 103
97 180
97 233
97 166
97 235
97 186
97 194
97 245
98 99
98 100
98 102
98 105
98 156
98 285
98 216
98 203
98 176
99 100
99 101
99 102
99 103
99 104
99 105
99 106
100 101
100 102
100 103
100 105
100 106
100 107
101 102
101 103
101 106
101 108
101 240
101 205
101 115
102 104
102 105
102 106
102 107
102 108
102 109
103 104
103 105
103 106
103 107
103 108
103 109
103 184
104 105
104 106
104 107
104 108
104 110
104 111
104 162
104 243
105 106
105 107
105 108
105 109
105 110
105 112
106 108
106 110
106 111
106 112
106 113
106 165
106 168
106 190
106 289
107 108
107 109
107 110
107 112
107 113
107 114
107 261
108 110
108 111
108 112
108 113
108 114
108 185
108 262
108 249
108 127
109 110
109 111
109 112
109 113
109 114
109 115
109 116
109 192
109 158
110 111
110 112
110 113
110 115
110 116
110 117
110 256
110 178
110 263
111 112
111 113
111 114
111 115
111 116
111 117
111 118
111 146
112 114
112 115
112 116
112 118
112 290
112 135
112 204
113 114
113 115
113 116
113 117
113 118
113 119
113 120
113 205
113 242
114 116
114 119
114 120
114 121
114 248
114 250
114 122
115 116
115 117
115 121
115 122
115 147
115 193
115 118
115 265
116 117
116 118
116 119
116 121
116 122
117 118
117 119
117 120
117 121
117 122
117 123
117 124
118 120
118 121
118 122
118 124
118 125
118 243
119 120
119 121
119 124
119 125
119 126
119 208
119 252
119 298
120 123
120 124
120 125
120 127
120 270
120 219
120 275
121 122
121 124
121 125
121 126
121 127
121 128
121 139
121 236
122 123
122 125
122 126
122 127
122 129
122 133
122 264
122 216
122 296
123 125
123 127
123 128
123 129
123 130
123 276
123 197
123 161
124 125
124 127
124 128
124 129
124 130
124 131
124 167
124 155
124 239
124 181
124 144
125 126
125 127
125 128
125 129
125 130
125 131
125 132
126 127
126 128
126 130
126 132
126 133
126 271
126 155
127 128
127 129
127 130
127 131
127 132
127 133
127 134
127 260
127 249
128 129
128 130
128 131
128 132
128 134
128 231
129 130
129 131
129 133
129 134
129 135
129 136
130 131
130 132
130 134
130 135
130 137
130 195
130 235
131 132
131 133
131 134
131 135
131 137
131 144
131 172
132 134
132 136
132 137
132 138
132 139
132 298
133 134
133 137
133 138
133 139
133 140
133 294
133 179
133 236
134 135
134 137
134 138
134 139
134 140
134 141
135 137
135 138
135 139
135 142
135 215
135 235
135 295
135 270
135 214
136 138
136 139
136 141
136 142
136 143
136 236
137 139
137 140
137 141
137 142
137 143
137 231
138 139
138 140
138 141
138 143
138 144
138 145
138 146
139 142
139 146
139 259
139 292
140 141
140 142
140 143
140 144
140 145
140 147
141 142
141 145
141 146
141 147
141 242
141 176
141 175
142 143
142 144
142 145
142 146
142 147
142 148
142 149
142 288
142 266
143 144
143 145
143 146
143 147
143 148
143 149
143 150
144 145
144 147
144 149
144 232
144 270
144 292
145 146
145 147
145 148
145 149
145 150
145 151
145 152
146 149
146 150
146 151
146 153
146 242
146 255
147 148
147 149
147 150
147 151
147 152
147 153
147 154
147 268
148 151
148 153
148 154
148 155
148 159
148 149
149 150
149 152
149 153
149 154
149 156
149 244
150 151
150 152
150 154
150 157
150 195
150 294
151 152
151 153
151 154
151 155
151 157
151 158
151 183
151 179
151 196
151 212
152 153
152 154
152 155
152 156
152 157
152 158
152 221
153 155
153 156
153 159
153 160
153 217
153 157
154 156
154 157
154 159
154 160
154 161
154 173
154 224
155 156
155 158
155 159
155 160
155 161
155 162
156 159
156 160
156 161
156 163
156 266
157 159
157 160
157 161
157 162
157 164
157 229
158 160
158 161
158 162
158 163
158 164
158 173
159 160
159 162
159 163
159 165
159 272
159 189
160 162
160 163
160 164
160 165
160 166
160 167
160 205
160 212
161 162
161 163
161 165
161 167
161 168
161 254
161 288
161 193
162 163
162 164
162 165
162 166
162 167
162 169
162 218
163 164
163 165
163 166
163 168
163 169
163 170
163 171
163 216
164 166
164 167
164 276
164 176
164 201
164 255
165 166
165 167
165 169
165 171
165 172
165 180
165 269
165 196
166 167
166 170
166 171
166 172
166 173
166 185
167 168
167 169
167 170
167 171
167 172
167 173
167 174
168 169
168 170
168 171
168 172
168 173
168 174
168 175
168 220
169 171
169 172
169 173
169 174
169 175
169 176
169 248
169 224
170 171
170 172
170 173
170 174
170 175
170 177
170 241
170 272
170 252
170 212
170 192
171 172
171 173
171 174
171 176
171 178
171 275
172 173
172 174
172 175
172 176
172 177
172 178
172 179
172 201
173 175
173 176
173 179
173 180
174 175
174 176
174 177
174 178
174 179
174 180
174 181
175 176
175 177
175 178
175 179
175 180
175 181
175 182
176 177
176 178
176 179
176 180
176 181
176 182
176 183
177 178
177 179
177 180
177 181
177 182
177 183
177 184
178 179
178 180
178 181
178 182
178 184
178 185
178 216
178 201
179 180
179 181
179 183
179 184
179 185
179 233
180 181
180 182
180 183
180 184
180 185
180 186
180 187
180 279
180 231
181 182
181 183
181 184
181 185
182 183
182 186
182 187
182 188
182 230
182 276
183 186
183 187
183 188
183 189
183 190
183 237
183 267
184 186
184 187
184 188
184 189
184 191
184 230
184 299
185 186
185 187
185 188
185 189
185 190
185 191
185 196
186 187
186 188
186 189
186 190
186 191
186 193
186 255
186 210
187 188
187 189
187 191
187 194
187 246
188 190
188 191
188 192
188 193
188 194
188 195
188 299
188 202
188 241
189 190
189 191
189 192
189 193
189 194
189 196
189 286
190 191
190 192
190 193
190 194
190 195
190 197
191 192
191 193
191 194
191 195
191 196
191 197
192 194
192 195
192 197
192 198
192 199
192 260
193 195
193 197
193 198
193 199
194 196
194 197
194 198
194 199
194 201
194 238
194 269
195 196
195 197
195 198
195 201
195 202
195 283
196 198
196 199
196 201
196 203
196 245
197 198
197 200
197 201
197 202
197 203
197 204
198 199
198 200
198 201
198 203
198 204
198 205
198 276
198 289
199 200
199 201
199 202
199 203
199 204
199 205
199 287
200 202
200 203
200 204
200 205
200 206
200 207
201 202
201 203
201 206
201 208
201 274
202 203
202 204
202 206
202 207
202 208
202 209
203 204
203 205
203 206
203 207
203 209
203 210
204 205
204 206
204 207
204 208
204 209
204 210
204 211
205 208
205 210
205 211
205 212
206 208
206 209
206 210
206 211
206 212
207 208
207 210
207 211
207 212
207 213
207 214
207 297
207 263
208 209
208 210
208 212
208 213
208 214
209 210
209 211
209 212
209 216
209 266
209 224
209 260
209 240
210 211
210 212
210 213
210 215
210 216
210 217
210 250
211 213
211 214
211 215
211 217
211 234
211 299
211 289
212 213
212 214
212 215
212 219
212 227
213 214
213 215
213 216
213 217
213 218
213 219
213 220
213 250
213 280
214 216
214 217
214 218
214 219
214 220
214 221
214 275
214 270
215 217
215 218
215 219
215 271
215 263
216 219
216 223
216 239
216 283
217 218
217 219
217 220
217 221
217 223
217 224
218 219
218 220
218 221
218 222
218 223
218 224
218 225
219 220
219 221
219 223
219 224
219 225
219 226
219 293
220 222
220 223
220 224
220 225
220 227
220 278
221 222
221 224
221 225
221 226
221 228
221 247
221 291
222 223
222 224
222 225
222 226
222 227
222 228
222 229
222 296
222 274
223 224
223 225
223 227
223 228
223 229
223 275
223 241
224 225
224 226
224 228
224 230
224 231
224 232
225 227
225 228
225 229
225 230
225 231
225 232
225 283
225 241
226 227
226 228
226 229
226 230
226 231
226 232
227 228
227 229
227 230
227 231
227 232
227 233
227 234
227 238
227 287
228 229
228 230
228 231
228 232
228 233
228 234
228 235
229 231
229 232
229 233
229 234
229 235
229 236
230 231
230 232
230 233
230 234
230 235
230 236
230 237
231 232
231 233
231 234
231 238
231 242
232 235
232 237
232 239
232 246
232 279
233 234
233 235
233 236
233 237
233 238
233 239
234 235
234 236
234 237
234 238
234 239
234 240
234 241
234 274
235 237
235 238
235 240
235 241
235 242
235 281
235 264
235 290
236 237
236 239
236 240
236 242
236 243
236 251
237 238
237 240
237 241
237 242
237 244
238 239
238 240
238 242
238 244
238 245
239 241
239 242
239 243
239 246
240 241
240 242
240 243
240 244
240 246
240 247
240 288
241 247
241 248
242 243
242 244
242 245
242 247
242 248
242 249
243 244
243 245
243 246
243 247
243 250
244 245
244 247
244 248
244 249
244 258
245 246
245 247
245 248
245 249
245 250
245 251
245 252
245 284
246 247
246 250
246 251
246 253
246 249
247 248
247 250
247 251
247 252
247 254
247 288
247 272
248 250
248 251
248 252
248 253
248 254
248 255
248 286
249 250
249 253
249 256
249 271
250 251
250 253
250 255
250 256
251 253
251 254
251 256
251 257
251 258
252 253
252 254
252 256
252 257
252 258
252 259
253 254
253 257
253 258
253 259
253 260
253 267
254 256
254 257
254 258
254 259
254 260
255 257
255 260
255 261
255 283
255 273
256 257
256 258
256 260
256 261
256 262
256 263
257 258
257 259
257 260
257 261
257 262
257 264
257 277
258 259
258 260
258 262
258 263
258 264
258 265
259 260
259 261
259 262
259 263
259 264
259 266
259 269
260 263
260 264
260 265
260 266
260 267
261 262
261 263
261 264
261 265
261 266
261 267
261 268
262 263
262 265
262 266
262 267
262 268
262 269
263 264
263 265
263 266
263 268
263 270
263 275
264 265
264 267
264 268
264 269
264 270
264 271
265 266
265 268
265 269
265 270
265 272
266 267
266 270
266 271
266 272
267 268
267 269
267 271
267 272
267 273
267 274
268 270
268 271
268 273
268 275
269 270
269 271
269 274
269 276
270 271
270 275
270 276
270 277
271 272
271 273
271 275
271 276
271 277
271 278
271 297
272 274
272 275
272 276
272 277
272 278
272 279
273 274
273 275
273 276
273 278
273 279
273 280
274 275
274 276
274 277
274 278
274 279
275 276
275 277
275 278
275 280
275 281
275 282
275 292
276 277
276 278
276 279
276 280
276 281
276 282
276 283
277 279
277 281
277 282
277 283
277 284
278 279
278 280
278 282
278 283
278 284
278 285
279 281
279 282
279 284
279 285
279 286
279 299
280 281
280 282
280 283
280 285
280 286
280 287
281 283
281 284
281 286
281 288
281 290
282 283
282 284
282 285
282 286
282 287
282 288
282 289
283 284
283 285
283 286
283 287
283 288
283 290
284 285
284 288
284 289
284 290
284 291
285 287
285 288
285 289
285 291
285 292
286 287
286 288
286 289
286 290
286 291
286 292
287 288
287 289
287 291
287 292
287 293
287 294
288 290
288 293
288 295
289 290
289 291
289 292
289 294
289 296
290 291
290 292
290 294
290 295
290 296
291 292
291 293
291 294
291 295
291 296
291 297
292 293
292 294
292 295
292 298
292 299
293 294
293 295
293 296
293 297
293 298
293 299
294 296
294 297
294 298
294 299
295 297
295 298
295 299
296 298
296 299
297 298
297 299
298 299
