0 1
0 129
0 2
0 128
0 3
0 127
1 3
1 4
1 128
1 70
2 3
2 4
2 5
2 129
3 4
3 5
3 6
3 46
4 5
4 6
4 7
5 6
5 7
5 8
5 14
6 7
6 8
6 19
7 8
7 9
7 10
8 10
8 11
8 23
8 62
8 19
9 10
9 11
9 12
10 11
10 12
10 94
11 13
11 14
11 50
12 13
12 14
12 15
13 14
13 15
13 16
14 15
14 17
15 16
15 17
15 18
16 17
16 18
16 19
17 18
17 19
17 20
17 124
17 76
18 19
18 21
18 58
19 20
19 22
20 21
20 22
20 23
21 22
21 24
21 60
22 23
22 24
22 25
23 24
23 25
23 26
24 25
24 26
24 27
25 26
25 27
25 28
25 35
25 45
26 27
26 28
26 29
27 28
27 29
27 30
28 29
28 30
28 31
29 31
29 32
29 117
30 31
30 32
30 33
31 32
31 34
31 110
32 33
32 34
32 85
33 34
33 35
33 36
34 35
34 36
34 37
35 36
35 38
36 37
36 39
36 86
37 38
37 39
37 40
38 39
38 40
38 41
39 41
39 42
39 58
40 41
40 42
40 43
41 42
41 43
41 120
42 43
42 44
42 45
43 44
43 45
43 46
43 52
44 45
44 46
44 47
45 46
45 48
46 47
46 49
47 48
47 49
47 50
47 75
48 49
48 50
48 102
49 50
49 51
49 52
50 51
50 52
50 53
50 73
51 52
51 53
51 54
52 54
52 55
53 54
53 55
53 56
54 55
54 57
54 97
54 99
55 56
55 58
55 99
56 57
56 58
56 59
57 58
57 59
57 60
58 59
58 60
58 61
59 60
59 61
59 62
60 61
60 62
60 63
60 108
61 62
61 63
61 64
62 64
62 65
62 103
62 112
63 64
63 65
63 66
64 65
64 66
64 67
65 67
65 68
65 80
66 67
66 68
66 69
67 68
67 69
67 70
67 101
68 69
68 70
68 71
69 70
69 71
69 72
70 71
70 73
70 122
71 72
71 73
71 74
72 73
72 74
72 75
73 74
73 75
74 75
74 76
74 77
75 76
75 84
76 77
76 79
76 111
77 78
77 79
77 80
78 79
78 80
78 81
79 80
79 81
79 82
80 81
80 82
80 83
81 82
81 83
81 84
82 83
82 84
82 85
83 84
83 85
83 86
84 85
84 86
84 87
85 86
85 87
85 88
85 129
86 87
86 88
86 89
87 88
87 89
87 90
88 89
88 90
88 91
89 90
89 91
89 92
90 91
90 92
90 93
91 92
91 93
91 94
92 93
92 94
92 95
93 94
93 95
93 96
94 95
94 96
94 97
95 96
95 97
95 98
96 97
96 99
96 117
97 98
97 99
97 100
98 99
98 100
98 101
99 100
99 102
100 101
100 102
100 103
101 103
101 104
102 103
102 104
102 105
103 104
103 106
104 105
104 106
104 107
105 106
105 107
105 108
106 107
106 108
106 109
107 108
107 109
107 110
108 109
108 110
108 127
109 110
109 111
109 112
110 111
110 112
110 113
111 112
111 114
112 113
112 114
113 114
113 115
113 116
114 115
114 116
114 117
115 116
115 117
115 118
116 117
116 118
116 119
117 118
117 119
117 120
118 119
118 120
118 121
119 120
119 121
119 122
120 121
120 122
120 123
121 122
121 123
121 124
122 123
122 124
122 125
123 124
123 125
123 126
124 126
124 127
125 126
125 127
125 128
126 127
126 128
126 129
127 128
128 129
