0 1
0 99
0 2
0 98
0 97
0 4
0 96
0 5
0 95
0 6
0 94
0 7
0 93
0 8
0 92
0 9
0 91
0 10
0 11
0 89
0 12
0 88
0 31
0 69
0 40
1 99
1 98
1 5
1 97
1 6
1 96
1 7
1 95
1 8
1 94
1 9
1 93
1 10
1 91
1 89
1 35
1 41
1 62
1 50
1 14
1 2
1 17
2 4
2 6
2 98
2 7
2 97
2 8
2 96
2 9
2 10
2 94
2 11
2 93
2 12
2 92
2 13
2 91
2 90
2 17
2 82
2 34
2 37
3 4
3 6
3 99
3 8
3 98
3 9
3 97
3 10
3 96
3 11
3 95
3 12
3 94
3 13
3 92
3 15
3 91
3 46
3 55
3 68
3 79
4 5
4 6
4 7
4 9
4 10
4 98
4 11
4 97
4 12
4 96
4 13
4 95
4 14
4 15
4 93
4 54
4 45
4 71
4 85
4 69
5 6
5 7
5 8
5 9
5 10
5 11
5 99
5 98
5 13
5 96
5 15
5 95
5 16
5 17
5 49
5 35
5 29
5 68
5 23
5 79
6 8
6 10
6 11
6 12
6 13
6 99
6 98
6 97
6 96
6 17
6 18
6 94
6 54
6 58
6 45
6 60
6 47
6 57
6 66
6 35
7 10
7 11
7 12
7 14
7 15
7 99
7 16
7 98
7 17
7 97
7 18
7 96
7 95
7 27
7 72
7 80
7 28
7 21
7 60
7 43
8 10
8 11
8 13
8 14
8 15
8 16
8 17
8 99
8 18
8 98
8 20
8 77
8 28
8 33
8 89
8 38
8 29
8 48
8 74
8 55
9 13
9 14
9 16
9 17
9 18
9 19
9 99
9 20
9 21
9 25
9 62
9 58
9 68
9 42
9 84
9 71
9 46
10 11
10 12
10 14
10 15
10 16
10 17
10 18
10 19
10 20
10 21
10 99
10 22
10 98
10 95
10 33
10 90
10 84
10 85
11 12
11 13
11 15
11 16
11 17
11 18
11 20
11 21
11 22
11 99
11 71
11 44
11 30
11 51
11 42
11 88
11 45
12 13
12 14
12 15
12 16
12 17
12 18
12 19
12 20
12 22
12 23
12 24
12 37
12 44
12 29
12 77
12 55
13 14
13 16
13 17
13 18
13 19
13 21
13 22
13 23
13 24
13 25
13 84
13 46
13 96
14 15
14 16
14 17
14 19
14 20
14 22
14 23
14 24
14 25
14 85
14 66
14 52
14 56
15 16
15 17
15 19
15 21
15 22
15 23
15 24
15 25
15 91
15 69
15 54
15 49
15 65
15 46
15 73
16 17
16 18
16 19
16 20
16 22
16 23
16 24
16 25
16 26
16 27
16 28
16 38
16 48
16 59
16 95
16 56
16 92
17 19
17 20
17 21
17 23
17 25
17 26
17 27
17 28
17 54
17 55
17 33
17 74
17 83
17 56
18 19
18 20
18 21
18 22
18 23
18 24
18 25
18 26
18 27
18 30
18 36
18 61
18 64
18 55
18 54
18 99
19 22
19 23
19 26
19 28
19 30
19 31
19 97
19 69
19 41
19 24
19 54
19 80
19 94
20 21
20 22
20 24
20 25
20 26
20 27
20 28
20 29
20 30
20 31
20 32
20 74
20 97
20 70
20 38
20 59
20 69
20 49
21 23
21 24
21 26
21 27
21 28
21 29
21 30
21 32
21 45
21 36
21 89
21 39
22 23
22 24
22 25
22 27
22 28
22 29
22 31
22 32
22 33
22 34
22 74
22 55
22 35
23 24
23 25
23 26
23 27
23 28
23 29
23 30
23 31
23 33
23 35
23 56
23 88
23 32
24 25
24 26
24 28
24 29
24 32
24 33
24 34
24 36
24 54
24 95
24 77
24 94
24 30
24 42
24 70
24 97
25 26
25 27
25 28
25 29
25 30
25 31
25 32
25 33
25 34
25 36
25 45
25 86
26 27
26 28
26 29
26 30
26 31
26 32
26 33
26 35
26 36
26 38
26 41
26 88
26 81
26 98
27 28
27 29
27 30
27 31
27 32
27 33
27 34
27 35
27 37
27 38
27 39
27 66
27 82
27 68
27 49
27 52
27 98
27 67
28 29
28 31
28 32
28 34
28 35
28 37
28 38
28 39
28 40
28 44
28 41
28 97
28 54
29 30
29 31
29 33
29 35
29 36
29 37
29 38
29 39
29 40
29 41
29 81
29 80
29 78
30 31
30 32
30 33
30 34
30 35
30 38
30 39
30 41
30 42
30 99
30 70
30 69
30 36
31 32
31 34
31 35
31 36
31 37
31 38
31 39
31 40
31 41
31 42
31 43
31 51
31 53
31 54
31 66
32 33
32 35
32 36
32 37
32 38
32 39
32 41
32 42
32 43
32 44
32 80
32 67
33 34
33 36
33 37
33 38
33 39
33 40
33 41
33 42
33 43
33 44
33 45
33 65
33 89
33 87
33 88
33 71
34 35
34 36
34 38
34 40
34 41
34 42
34 45
34 46
34 47
34 81
34 53
34 84
35 37
35 38
35 40
35 42
35 44
35 45
35 46
35 98
35 36
35 96
35 71
35 48
35 39
36 37
36 39
36 42
36 43
36 45
36 46
36 47
36 48
36 76
36 60
36 79
36 59
36 72
37 39
37 42
37 43
37 44
37 45
37 46
37 47
37 48
37 49
37 79
37 98
37 60
37 83
38 39
38 42
38 43
38 44
38 45
38 46
38 47
38 48
38 49
38 50
39 40
39 41
39 42
39 43
39 46
39 47
39 48
39 50
39 89
39 96
39 90
39 97
39 66
40 41
40 42
40 43
40 44
40 45
40 46
40 49
40 50
40 51
40 52
40 79
40 81
41 43
41 44
41 45
41 46
41 47
41 48
41 49
41 51
41 52
41 53
41 56
42 43
42 46
42 47
42 48
42 49
42 50
42 51
42 52
42 53
42 54
42 60
42 77
42 55
42 76
43 44
43 45
43 46
43 47
43 48
43 49
43 50
43 52
43 53
43 54
43 55
43 59
44 45
44 47
44 48
44 49
44 50
44 52
44 54
44 56
44 70
44 46
44 87
44 59
44 86
44 96
45 47
45 49
45 50
45 53
45 54
45 55
45 56
45 81
45 92
45 89
45 69
45 83
46 48
46 49
46 52
46 53
46 55
46 56
46 58
46 93
46 88
46 68
47 49
47 50
47 52
47 53
47 55
47 56
47 58
47 96
47 80
47 84
47 57
48 49
48 50
48 52
48 53
48 55
48 56
48 58
48 59
48 60
48 77
48 88
49 50
49 53
49 54
49 55
49 57
49 59
49 61
49 83
49 85
49 76
49 93
50 51
50 52
50 53
50 54
50 55
50 57
50 58
50 59
50 61
50 62
50 80
50 89
51 52
51 56
51 57
51 59
51 60
51 61
51 62
51 63
51 93
51 89
52 53
52 54
52 55
52 56
52 57
52 60
52 62
52 63
52 64
52 83
52 72
53 54
53 55
53 56
53 59
53 60
53 61
53 62
53 63
53 64
53 65
53 86
53 75
53 74
53 84
54 57
54 58
54 59
54 62
54 63
54 65
54 95
55 56
55 57
55 58
55 60
55 62
55 65
55 66
55 97
55 73
55 76
56 57
56 59
56 60
56 62
56 63
56 64
56 66
56 67
56 68
56 98
57 59
57 60
57 61
57 62
57 63
57 64
57 65
57 66
57 68
57 69
57 72
57 84
57 81
58 59
58 61
58 62
58 63
58 64
58 65
58 66
58 68
58 69
58 70
58 73
58 97
58 60
58 94
59 60
59 61
59 63
59 64
59 65
59 66
59 68
59 70
59 85
59 84
59 67
60 61
60 62
60 63
60 64
60 65
60 66
60 67
60 68
60 69
60 72
60 92
61 62
61 63
61 64
61 65
61 66
61 67
61 70
61 71
61 72
61 73
61 84
61 78
61 87
61 91
61 85
62 63
62 65
62 66
62 68
62 69
62 70
62 72
62 73
62 74
62 84
62 99
62 77
63 64
63 65
63 67
63 68
63 69
63 70
63 71
63 73
63 74
63 75
63 94
63 76
63 86
63 77
64 65
64 66
64 67
64 68
64 69
64 70
64 71
64 72
64 74
64 75
64 76
64 78
65 67
65 68
65 69
65 70
65 71
65 72
65 73
65 74
65 75
65 77
65 87
65 82
65 79
66 67
66 69
66 70
66 71
66 73
66 74
66 75
66 78
66 94
67 68
67 69
67 70
67 71
67 72
67 74
67 75
67 76
67 78
67 97
67 96
67 94
68 69
68 70
68 71
68 72
68 75
68 76
68 78
68 79
68 80
68 84
68 99
69 70
69 73
69 74
69 75
69 76
69 79
69 80
69 81
69 86
70 71
70 72
70 73
70 74
70 75
70 77
70 79
70 80
70 81
70 82
71 73
71 76
71 78
71 79
71 81
71 82
71 83
71 90
72 73
72 74
72 75
72 76
72 77
72 79
72 80
72 82
72 83
72 88
72 94
73 74
73 75
73 77
73 78
73 79
73 80
73 81
73 82
73 83
73 84
73 90
74 76
74 77
74 78
74 79
74 80
74 81
74 82
74 84
74 85
75 76
75 77
75 78
75 79
75 80
75 82
75 83
75 84
75 85
75 86
75 87
75 90
76 77
76 78
76 79
76 81
76 82
76 83
76 84
76 85
76 88
76 89
76 80
77 79
77 82
77 83
77 84
77 85
77 86
78 79
78 80
78 81
78 82
78 83
78 86
78 88
78 89
78 90
79 80
79 82
79 83
79 84
79 85
79 86
79 87
79 89
79 90
80 81
80 85
80 86
80 87
80 88
80 89
80 91
80 92
80 93
80 98
81 82
81 83
81 84
81 85
81 86
81 87
81 88
81 89
81 90
81 92
81 93
82 83
82 84
82 85
82 87
82 88
82 89
82 90
82 91
82 92
82 93
82 94
83 84
83 85
83 86
83 88
83 89
83 90
83 92
83 94
84 87
84 88
84 90
84 92
84 93
84 94
84 89
84 97
85 86
85 87
85 88
85 89
85 91
85 93
85 95
85 96
86 87
86 88
86 89
86 91
86 92
86 95
86 98
86 99
87 88
87 91
87 92
87 93
87 94
87 95
87 96
87 97
87 98
87 99
88 89
88 92
88 93
88 94
88 95
88 96
88 99
88 91
89 93
89 94
89 96
89 97
89 98
89 99
90 91
90 92
90 93
90 95
90 96
90 97
90 98
91 92
91 94
91 95
91 96
91 97
91 98
92 93
92 94
92 95
92 97
92 98
92 99
93 95
93 96
93 97
93 98
93 99
93 94
94 95
94 96
94 97
94 98
94 99
95 96
95 98
95 99
96 97
96 98
96 99
97 99
98 99
