0 1
0 89
0 2
0 88
0 3
0 87
1 3
1 89
1 4
1 88
1 35
2 3
2 4
2 57
2 70
3 4
3 5
3 83
4 5
4 6
4 7
5 6
5 7
5 8
6 7
6 8
6 9
6 83
7 8
7 9
7 10
8 10
8 11
8 27
8 62
8 35
9 10
9 11
9 12
10 11
10 12
10 13
11 12
11 13
11 14
12 13
12 14
12 15
13 14
13 33
13 48
14 15
14 16
14 49
15 16
15 17
15 18
16 17
16 18
16 19
16 89
17 18
17 19
17 20
18 19
18 20
18 21
19 20
19 21
19 22
20 21
20 22
20 23
21 22
21 23
21 24
22 23
22 24
22 25
23 24
23 25
23 26
23 34
24 25
24 26
24 27
25 26
25 27
25 28
26 27
26 28
26 29
27 28
27 29
27 30
27 58
28 29
28 30
28 31
29 31
29 58
29 39
29 74
30 31
30 32
30 33
30 65
31 32
31 33
31 34
31 62
32 33
32 34
32 35
33 34
33 35
33 65
34 35
34 36
35 36
35 37
36 37
36 39
36 62
37 38
37 39
37 40
38 39
38 40
38 41
38 70
39 41
39 42
40 41
40 42
40 43
40 64
41 42
41 43
41 44
42 43
42 44
42 45
43 44
43 45
43 46
44 45
44 46
44 47
45 46
45 47
45 48
46 47
46 48
46 49
47 48
47 49
47 50
48 49
48 50
48 51
49 50
49 51
49 52
50 51
50 52
50 53
51 52
51 53
51 54
51 82
52 54
52 55
52 81
53 54
53 55
53 56
54 55
54 56
54 57
55 56
55 57
55 79
56 57
56 58
56 59
57 58
57 60
58 59
58 60
59 60
59 61
59 62
60 61
60 62
60 63
61 62
61 64
61 80
62 63
63 64
63 65
63 66
64 66
64 67
65 66
65 68
66 68
66 69
66 72
67 68
67 69
67 70
68 69
68 70
68 71
69 70
69 71
69 72
70 71
70 72
71 72
71 73
71 74
72 73
72 74
72 75
73 74
73 75
73 76
74 75
74 76
74 77
75 76
75 78
75 84
76 77
76 78
76 79
77 78
77 79
77 80
78 79
78 80
78 81
79 80
79 81
79 82
80 81
80 82
80 83
81 82
81 83
81 84
81 86
82 83
82 85
83 85
83 86
84 85
84 86
84 87
85 86
85 87
85 88
86 87
86 88
87 88
87 89
88 89
