0 1
0 199
0 2
0 198
0 3
0 4
0 196
0 39
1 3
1 199
1 4
1 198
1 5
1 197
1 70
2 3
2 4
2 5
2 6
2 198
3 4
3 5
3 6
3 7
3 199
4 5
4 6
4 7
4 8
5 6
5 7
5 8
5 9
5 148
6 7
6 8
6 9
6 10
7 8
7 9
7 10
7 11
8 11
8 12
8 23
8 149
9 10
9 11
9 12
9 13
10 11
10 12
10 13
10 122
11 13
11 14
11 15
11 50
12 13
12 15
12 83
12 130
12 125
13 14
13 16
13 47
13 199
13 161
14 15
14 17
14 18
14 172
15 16
15 17
15 18
15 19
16 17
16 18
16 19
16 20
17 18
17 19
17 20
17 21
17 153
18 19
18 20
18 21
18 63
19 20
19 21
19 22
19 23
19 74
20 21
20 23
20 24
20 107
21 22
21 23
21 24
21 25
22 23
22 24
22 25
22 26
22 101
23 24
23 25
23 26
23 27
24 25
24 26
24 27
24 28
25 26
25 27
25 28
25 29
26 27
26 28
26 29
26 30
27 28
27 29
27 30
27 31
28 29
28 30
28 31
28 32
29 31
29 32
29 33
29 117
29 128
30 31
30 32
30 33
30 34
31 32
31 33
31 34
31 35
32 33
32 34
32 35
32 36
33 34
33 36
33 37
33 159
34 35
34 36
34 37
34 38
35 36
35 37
35 39
35 59
36 37
36 39
36 40
36 54
36 183
37 38
37 39
37 40
37 41
38 39
38 40
38 41
38 42
39 41
39 42
39 58
39 93
40 41
40 43
40 44
40 62
41 42
41 43
41 44
41 45
42 43
42 44
42 46
42 107
42 58
43 44
43 45
43 46
43 73
44 45
44 46
44 47
44 48
45 46
45 47
45 48
45 49
46 47
46 48
46 50
46 195
47 48
47 49
47 50
47 51
48 49
48 51
48 52
48 141
48 160
49 50
49 51
49 52
49 53
49 117
50 51
50 52
50 53
50 54
51 52
51 53
51 54
51 55
52 54
52 55
52 56
52 162
53 54
53 55
53 56
53 57
54 55
54 56
54 57
54 58
55 56
55 57
55 58
55 59
56 57
56 58
56 59
56 60
57 58
57 59
57 60
57 61
57 86
58 59
58 60
58 61
58 74
59 60
59 61
59 62
59 63
60 61
60 62
60 63
60 64
60 156
61 62
61 63
61 64
61 65
62 63
62 64
62 65
62 66
63 64
63 65
63 66
63 67
64 66
64 67
64 68
64 80
65 66
65 68
65 69
65 108
66 68
66 69
66 70
66 145
67 68
67 70
67 71
67 85
68 69
68 70
68 71
68 72
69 70
69 71
69 72
69 73
70 71
70 72
70 73
70 74
71 72
71 73
71 74
71 75
72 73
72 74
72 76
72 109
73 74
73 75
73 76
73 77
74 75
74 77
75 76
75 77
75 79
75 97
75 168
76 77
76 78
76 79
76 80
77 78
77 79
77 80
77 81
78 79
78 81
78 82
78 94
79 80
79 81
79 82
79 83
80 81
80 82
80 83
80 84
81 82
81 83
81 84
81 85
82 83
82 84
82 85
82 118
82 193
83 85
83 86
83 87
83 152
84 85
84 86
84 87
84 88
85 86
85 87
85 88
85 89
86 87
86 88
86 90
87 88
87 89
87 90
87 91
88 89
88 90
88 91
88 92
89 90
89 91
89 92
89 93
90 91
90 92
90 93
90 94
91 92
91 93
91 94
91 95
92 93
92 94
92 95
92 96
93 94
93 95
93 97
94 95
94 96
94 97
94 98
95 96
95 97
95 98
95 99
96 97
96 98
96 99
96 100
97 98
97 99
97 100
97 101
97 192
98 99
98 100
98 101
98 102
99 100
99 101
99 102
99 103
99 193
100 101
100 103
100 104
100 188
101 102
101 103
101 104
102 103
102 104
102 105
102 106
103 105
103 106
103 107
103 184
103 171
104 105
104 106
104 107
104 108
105 106
105 107
105 108
105 109
106 107
106 108
106 109
106 110
107 108
107 109
107 110
107 111
108 109
108 110
108 111
108 112
109 110
109 111
109 112
109 113
110 111
110 113
110 114
110 166
110 120
111 112
111 113
111 114
111 115
112 113
112 114
112 115
112 116
113 114
113 115
113 116
113 117
114 115
114 116
114 117
114 118
115 116
115 117
115 118
115 119
115 147
116 117
116 118
116 119
116 120
116 182
117 118
117 120
117 121
118 120
118 121
118 122
119 120
119 121
119 122
119 123
120 121
120 123
120 124
120 197
121 122
121 123
121 124
121 125
121 187
122 123
122 124
122 125
122 126
123 124
123 125
123 127
123 136
124 125
124 126
124 127
124 128
125 126
125 127
125 128
125 129
126 127
126 128
126 129
126 130
127 129
127 130
127 131
127 187
128 129
128 130
128 131
129 131
129 132
129 133
129 194
130 131
130 132
130 133
130 134
131 132
131 133
131 134
131 135
132 133
132 134
132 135
132 136
133 134
133 135
133 136
133 137
134 135
134 136
134 137
134 138
135 136
135 137
135 138
135 139
136 137
136 138
136 139
136 140
136 197
137 138
137 139
137 140
137 141
137 142
138 139
138 140
138 141
138 142
139 140
139 141
139 142
139 143
140 141
140 142
140 143
140 144
140 181
141 142
141 143
141 144
141 145
142 143
142 145
142 146
143 144
143 145
143 146
143 147
144 145
144 146
144 147
144 148
145 146
145 147
145 148
145 149
146 147
146 148
146 149
146 150
147 148
147 149
147 151
148 150
148 151
148 152
149 150
149 151
149 152
149 153
150 151
150 152
150 153
150 154
151 152
151 153
151 154
151 155
152 154
152 156
152 161
153 155
153 156
153 157
154 155
154 156
154 157
154 158
155 156
155 157
155 158
155 159
156 158
156 159
156 160
157 158
157 159
157 160
157 161
158 159
158 160
158 161
158 162
159 160
159 161
159 162
159 163
160 161
160 162
160 164
161 162
161 163
161 165
161 184
162 163
162 164
162 165
162 166
163 164
163 165
163 166
163 167
164 165
164 166
164 167
164 168
165 166
165 167
165 168
165 169
165 170
166 168
166 169
166 170
166 182
167 168
167 169
167 170
167 171
168 169
168 170
168 190
169 170
169 171
169 172
169 173
170 172
170 173
170 174
171 173
171 174
171 175
172 173
172 174
172 175
172 176
173 174
173 175
173 176
173 177
174 175
174 176
174 177
174 178
175 176
175 177
175 178
175 179
176 177
176 178
176 179
176 180
177 178
177 179
177 180
177 181
178 179
178 180
178 181
178 182
179 180
179 181
179 182
179 183
180 181
180 182
180 183
180 184
181 183
181 184
181 185
182 185
182 192
183 184
183 185
183 186
184 185
184 186
184 187
184 188
185 186
185 187
185 188
185 189
186 187
186 188
186 189
186 190
187 188
187 190
187 191
188 189
188 190
188 191
188 192
189 190
189 191
189 192
189 193
190 191
190 192
190 193
190 194
191 192
191 193
191 194
191 195
192 194
192 195
192 196
193 195
193 196
193 197
194 195
194 196
194 197
194 198
195 196
195 197
195 198
195 199
196 197
196 198
196 199
197 198
197 199
198 199
