0 1
0 59
0 2
0 58
0 3
0 57
0 4
1 3
1 59
1 4
1 58
1 5
1 57
1 17
1 28
2 3
2 4
2 5
2 59
2 58
2 51
3 4
3 6
3 7
3 20
3 23
4 5
4 6
4 7
4 8
4 33
5 6
5 8
5 58
5 34
6 7
6 8
6 9
6 10
7 8
7 9
7 11
7 46
8 10
8 11
8 12
8 13
9 10
9 11
9 13
9 48
10 11
10 12
10 13
10 14
11 12
11 13
11 14
11 15
12 13
12 14
12 15
12 16
13 14
13 15
13 16
13 17
14 15
14 16
14 17
14 38
14 24
15 16
15 17
15 18
15 36
15 24
16 17
16 18
16 19
16 20
17 18
17 19
17 20
17 21
18 19
18 20
18 21
18 22
18 32
19 20
19 21
19 22
19 23
20 21
20 22
20 23
20 24
21 22
21 23
21 24
21 25
22 23
22 24
22 25
22 26
23 24
23 26
23 27
24 25
24 26
24 27
24 28
25 26
25 27
25 28
25 29
25 52
26 27
26 28
26 29
26 30
27 28
27 29
27 30
27 31
27 46
28 29
28 30
28 32
29 31
29 32
29 33
29 34
29 56
30 31
30 32
30 33
30 37
31 32
31 33
31 34
31 35
32 34
32 36
32 40
33 34
33 35
33 37
34 35
34 36
34 37
34 54
34 59
35 36
35 37
35 38
35 39
36 37
36 38
36 40
37 38
37 39
37 40
37 41
38 40
38 41
38 42
39 40
39 41
39 42
39 43
40 41
40 42
40 43
40 44
40 51
41 42
41 43
41 44
41 45
41 50
42 43
42 44
42 45
42 46
43 44
43 46
43 47
43 56
44 45
44 46
44 47
44 48
45 46
45 47
45 48
45 49
46 47
46 48
46 50
47 48
47 49
47 50
47 51
48 49
48 50
48 51
48 52
49 50
49 51
49 52
49 53
50 51
50 52
50 54
51 53
51 54
51 55
52 53
52 54
52 56
53 54
53 55
53 56
53 57
54 55
54 56
54 57
54 58
55 56
55 57
55 58
55 59
56 57
56 58
56 59
57 58
57 59
58 59
