0 1
0 49
0 2
0 48
0 3
0 47
1 49
1 4
1 48
1 17
1 40
1 45
2 3
2 4
2 46
3 4
3 5
3 6
3 32
4 5
4 6
4 7
5 6
5 7
5 8
6 7
6 8
6 9
7 8
7 9
7 10
8 10
8 11
8 13
9 10
9 11
9 12
10 11
10 12
10 13
11 12
11 13
11 14
12 13
12 14
12 15
13 14
13 16
13 20
14 15
14 16
14 17
14 38
15 16
15 18
15 36
16 17
16 18
16 19
17 18
17 19
17 31
18 19
18 20
18 32
18 23
19 20
19 21
19 22
20 21
20 22
20 23
21 22
21 23
21 24
22 23
22 24
22 36
23 24
23 25
23 26
24 25
24 26
24 31
25 26
25 27
25 28
26 27
26 28
26 29
27 28
27 29
27 30
28 29
28 30
28 31
29 31
29 32
29 34
30 31
30 32
30 33
31 32
31 33
31 34
32 35
33 34
33 35
33 36
34 35
34 36
34 37
35 36
35 37
35 38
36 37
36 38
36 39
37 38
37 39
37 40
38 40
38 41
39 40
39 41
39 42
40 41
40 42
40 43
40 49
41 42
41 43
41 44
42 43
42 44
42 45
43 44
43 45
43 46
44 45
44 46
44 47
45 46
45 47
46 47
46 48
46 49
47 48
47 49
48 49
