0 1
0 149
0 148
0 147
0 4
0 146
0 5
0 145
0 6
0 144
0 143
0 9
0 10
0 140
0 11
0 139
0 12
0 138
0 13
0 137
0 14
0 15
0 134
0 17
0 133
0 18
0 132
0 90
0 49
0 82
0 36
0 112
0 41
0 60
0 46
0 106
1 4
1 148
1 5
1 147
1 6
1 146
1 7
1 8
1 144
1 143
1 10
1 142
1 11
1 141
1 139
1 14
1 138
1 137
1 16
1 136
1 17
1 135
1 18
1 134
1 19
1 70
1 114
1 24
1 22
1 93
1 38
1 2
1 110
1 33
1 40
2 5
2 149
2 148
2 7
2 8
2 9
2 145
2 10
2 144
2 11
2 143
2 12
2 142
2 140
2 139
2 137
2 18
2 136
2 19
2 135
2 20
2 35
2 46
2 115
2 133
2 116
2 122
2 82
2 42
2 81
2 75
3 4
3 5
3 149
3 9
3 147
3 12
3 13
3 143
3 14
3 142
3 15
3 141
3 16
3 140
3 17
3 139
3 18
3 138
3 19
3 137
3 20
3 136
3 21
3 121
3 118
3 56
3 92
3 7
3 113
3 90
3 101
3 93
4 5
4 7
4 8
4 9
4 149
4 10
4 148
4 147
4 12
4 146
4 145
4 144
4 15
4 143
4 16
4 142
4 17
4 18
4 140
4 19
4 139
4 20
4 138
4 22
4 136
4 113
4 101
4 71
4 135
4 29
4 84
4 123
4 99
4 57
5 6
5 7
5 8
5 9
5 10
5 11
5 149
5 148
5 13
5 147
5 146
5 15
5 145
5 16
5 144
5 17
5 143
5 18
5 142
5 19
5 141
5 139
5 22
5 23
5 137
5 109
5 53
5 107
5 42
5 47
5 29
5 90
5 58
6 8
6 9
6 10
6 11
6 13
6 149
6 14
6 148
6 15
6 16
6 146
6 17
6 18
6 144
6 19
6 143
6 20
6 141
6 22
6 140
6 23
6 139
6 24
6 138
6 108
6 111
6 118
6 137
6 68
6 89
6 130
7 10
7 11
7 149
7 16
7 148
7 17
7 147
7 18
7 146
7 19
7 145
7 20
7 144
7 21
7 143
7 142
7 23
7 141
7 24
7 140
7 25
7 139
7 55
7 138
7 68
7 94
7 79
7 61
7 41
7 62
7 66
8 10
8 11
8 12
8 13
8 14
8 15
8 16
8 17
8 149
8 18
8 148
8 19
8 147
8 20
8 146
8 145
8 22
8 144
8 143
8 24
8 25
8 141
8 26
8 140
8 50
8 54
8 131
8 58
8 29
8 92
8 123
8 93
8 81
9 10
9 11
9 12
9 13
9 14
9 15
9 16
9 17
9 18
9 19
9 148
9 147
9 22
9 146
9 23
9 145
9 24
9 26
9 142
9 141
9 85
9 106
9 140
9 90
9 33
9 105
9 126
9 49
10 11
10 12
10 13
10 14
10 15
10 16
10 17
10 18
10 19
10 20
10 21
10 149
10 148
10 23
10 24
10 145
10 26
10 143
10 28
10 142
10 89
10 128
10 34
10 64
10 100
10 135
10 141
10 81
10 133
11 12
11 13
11 15
11 16
11 17
11 19
11 20
11 22
11 23
11 24
11 148
11 25
11 147
11 26
11 146
11 145
11 28
11 144
11 29
11 143
11 60
11 14
11 51
11 80
11 39
11 71
11 121
11 62
11 59
11 123
11 46
11 115
12 13
12 15
12 16
12 18
12 20
12 21
12 22
12 24
12 25
12 149
12 26
12 148
12 27
12 147
12 28
12 146
12 145
12 30
12 144
12 73
12 124
12 61
12 114
12 69
12 118
12 103
12 38
13 14
13 15
13 17
13 18
13 20
13 21
13 22
13 23
13 24
13 25
13 28
13 148
13 146
13 31
13 145
13 50
13 60
13 65
13 59
13 72
13 16
13 74
13 63
13 131
13 19
13 122
13 149
14 15
14 16
14 18
14 19
14 20
14 21
14 22
14 23
14 24
14 25
14 26
14 27
14 28
14 149
14 31
14 86
14 64
14 132
14 63
14 51
14 58
14 38
15 16
15 17
15 19
15 21
15 22
15 23
15 24
15 25
15 27
15 28
15 29
15 30
15 31
15 32
15 148
15 130
15 121
15 104
15 96
15 86
15 82
15 65
15 110
15 133
15 51
16 19
16 20
16 22
16 23
16 24
16 27
16 28
16 29
16 30
16 31
16 32
16 33
16 149
16 34
16 148
16 108
16 126
16 99
16 63
16 118
16 18
16 35
16 59
17 18
17 19
17 20
17 22
17 23
17 25
17 26
17 27
17 28
17 29
17 31
17 32
17 34
17 35
17 149
17 110
17 61
17 78
17 131
17 81
17 141
17 57
17 102
17 108
17 82
17 65
18 20
18 21
18 22
18 23
18 24
18 26
18 27
18 29
18 31
18 32
18 36
18 86
18 110
18 97
18 134
18 77
18 66
18 107
18 95
18 37
18 73
19 21
19 22
19 23
19 25
19 27
19 28
19 32
19 33
19 35
19 36
19 37
19 97
19 82
19 85
19 74
19 147
19 124
19 84
19 62
19 88
19 145
19 49
19 44
19 64
19 149
19 57
20 22
20 23
20 24
20 25
20 26
20 27
20 28
20 31
20 32
20 33
20 34
20 36
20 37
20 88
20 39
20 90
20 116
20 81
20 48
20 132
20 46
21 22
21 23
21 24
21 25
21 26
21 27
21 28
21 29
21 30
21 32
21 33
21 35
21 36
21 37
21 38
21 39
21 117
21 122
21 70
21 80
21 66
21 88
21 120
21 95
21 128
22 23
22 24
22 25
22 26
22 27
22 28
22 31
22 32
22 34
22 37
22 38
22 39
22 40
22 64
22 120
22 84
22 88
22 132
22 117
22 67
22 130
22 59
22 97
23 24
23 25
23 26
23 27
23 28
23 29
23 32
23 33
23 35
23 36
23 37
23 39
23 40
23 41
23 54
23 123
23 104
23 97
23 119
23 72
23 101
24 25
24 26
24 28
24 31
24 32
24 33
24 37
24 38
24 39
24 40
24 41
24 142
24 141
24 77
24 118
24 109
24 100
24 132
24 128
24 34
24 103
24 58
24 59
24 138
24 115
25 26
25 28
25 31
25 32
25 33
25 34
25 35
25 36
25 37
25 39
25 40
25 41
25 42
25 43
25 147
25 75
25 56
25 80
25 48
25 82
25 95
25 103
26 27
26 29
26 30
26 31
26 33
26 36
26 37
26 39
26 40
26 41
26 42
26 44
26 148
26 60
26 61
26 132
26 92
26 57
26 120
26 91
26 103
26 81
27 28
27 29
27 30
27 32
27 33
27 35
27 36
27 37
27 38
27 39
27 40
27 41
27 43
27 95
27 148
27 108
27 127
27 47
27 81
27 116
27 73
27 102
27 125
27 68
28 29
28 31
28 32
28 33
28 35
28 36
28 38
28 39
28 40
28 41
28 42
28 46
28 80
28 116
28 51
28 101
28 74
28 77
28 84
29 30
29 33
29 34
29 35
29 37
29 38
29 40
29 42
29 43
29 44
29 45
29 46
29 47
29 149
29 67
29 132
29 111
29 115
29 101
29 97
29 53
29 64
29 81
29 112
29 70
30 31
30 32
30 33
30 34
30 35
30 36
30 37
30 38
30 40
30 41
30 43
30 44
30 45
30 46
30 68
30 126
30 124
30 97
30 121
30 111
31 32
31 33
31 34
31 35
31 36
31 37
31 39
31 41
31 42
31 43
31 45
31 46
31 47
31 48
31 49
31 50
31 143
31 58
31 141
31 75
31 102
32 33
32 34
32 35
32 36
32 37
32 38
32 39
32 41
32 42
32 43
32 44
32 45
32 46
32 47
32 48
32 49
32 50
32 88
32 55
32 92
32 111
32 142
33 37
33 38
33 39
33 40
33 42
33 43
33 44
33 45
33 46
33 47
33 48
33 49
33 51
33 58
33 130
33 76
33 34
33 56
33 64
33 77
34 35
34 37
34 38
34 39
34 40
34 42
34 43
34 44
34 45
34 46
34 49
34 50
34 51
34 52
34 60
34 93
34 95
34 131
34 36
34 79
34 124
34 71
35 36
35 37
35 38
35 39
35 40
35 41
35 42
35 43
35 45
35 46
35 48
35 49
35 50
35 51
35 52
35 139
35 144
35 77
35 113
35 111
35 82
35 136
35 95
35 116
36 37
36 38
36 39
36 41
36 42
36 43
36 44
36 45
36 46
36 47
36 48
36 49
36 50
36 52
36 53
36 54
36 80
36 64
36 89
36 82
36 139
37 38
37 39
37 40
37 42
37 43
37 45
37 46
37 47
37 48
37 49
37 50
37 51
37 52
37 53
37 54
37 55
37 137
37 60
37 80
37 126
37 82
37 142
37 149
38 39
38 40
38 41
38 42
38 43
38 44
38 45
38 46
38 47
38 48
38 49
38 50
38 51
38 54
38 55
38 56
38 117
38 104
39 40
39 42
39 43
39 44
39 45
39 46
39 47
39 48
39 49
39 51
39 52
39 55
39 57
39 62
39 145
39 137
39 78
39 149
39 112
39 123
39 138
39 76
40 41
40 42
40 43
40 45
40 46
40 47
40 48
40 49
40 50
40 51
40 52
40 54
40 55
40 56
40 57
40 75
40 123
40 102
40 106
40 115
40 133
41 43
41 44
41 45
41 47
41 48
41 50
41 51
41 53
41 54
41 55
41 56
41 57
41 58
41 59
41 90
41 100
41 99
41 136
41 137
41 85
42 44
42 45
42 46
42 47
42 50
42 52
42 53
42 55
42 56
42 57
42 58
42 59
42 68
42 101
42 113
42 81
42 145
42 100
42 90
42 75
42 74
42 144
42 88
43 44
43 45
43 46
43 47
43 48
43 49
43 50
43 52
43 53
43 54
43 55
43 56
43 57
43 58
43 59
43 60
43 61
43 85
43 64
43 97
44 45
44 47
44 48
44 49
44 50
44 52
44 53
44 54
44 55
44 58
44 60
44 61
44 80
44 125
44 92
44 117
44 101
44 85
44 73
44 87
44 96
44 83
44 128
44 109
45 48
45 49
45 50
45 52
45 54
45 55
45 56
45 57
45 58
45 59
45 60
45 61
45 62
45 63
45 136
45 101
45 94
45 73
46 47
46 49
46 50
46 51
46 52
46 53
46 54
46 55
46 56
46 57
46 58
46 59
46 60
46 61
46 76
46 146
46 121
46 135
46 104
47 49
47 50
47 51
47 52
47 53
47 55
47 56
47 57
47 58
47 59
47 61
47 63
47 64
47 65
47 97
47 83
47 141
47 132
47 85
47 135
48 49
48 50
48 51
48 52
48 53
48 54
48 56
48 57
48 58
48 60
48 62
48 63
48 64
48 65
48 66
48 121
48 102
48 105
48 117
48 107
48 84
49 50
49 51
49 53
49 55
49 56
49 57
49 58
49 59
49 60
49 62
49 64
49 65
49 66
49 67
49 70
49 98
49 80
49 92
50 51
50 53
50 54
50 57
50 58
50 60
50 61
50 63
50 64
50 65
50 66
50 67
50 68
50 144
50 132
50 105
50 110
50 101
50 99
51 53
51 54
51 57
51 58
51 59
51 60
51 61
51 62
51 63
51 65
51 66
51 67
51 68
51 69
51 83
51 121
51 97
51 98
51 103
51 72
51 120
52 53
52 55
52 56
52 57
52 58
52 59
52 60
52 61
52 62
52 63
52 64
52 65
52 66
52 70
52 129
52 71
52 81
52 95
52 111
52 79
53 54
53 55
53 56
53 57
53 58
53 60
53 62
53 63
53 65
53 69
53 70
53 71
53 140
53 107
53 103
53 110
53 101
53 59
53 77
53 64
54 56
54 58
54 59
54 62
54 63
54 64
54 65
54 66
54 67
54 68
54 69
54 70
54 71
54 72
54 73
54 82
54 85
54 130
54 136
54 75
55 56
55 57
55 60
55 62
55 63
55 64
55 65
55 66
55 67
55 68
55 69
55 70
55 72
55 73
55 85
55 125
55 58
55 109
55 144
56 57
56 58
56 59
56 61
56 62
56 63
56 64
56 66
56 67
56 68
56 69
56 70
56 71
56 73
56 74
56 129
56 88
56 104
56 94
56 144
56 127
57 59
57 60
57 61
57 62
57 65
57 66
57 67
57 69
57 70
57 71
57 72
57 74
57 145
57 103
57 148
57 141
57 133
57 89
57 147
58 59
58 62
58 63
58 65
58 67
58 68
58 70
58 71
58 73
58 139
58 98
58 117
58 79
58 106
58 81
59 60
59 61
59 62
59 63
59 65
59 66
59 68
59 69
59 70
59 71
59 77
59 90
59 128
59 107
59 122
59 116
60 61
60 62
60 63
60 65
60 67
60 68
60 70
60 71
60 72
60 73
60 75
60 76
60 133
60 141
60 116
60 132
60 92
60 93
61 62
61 63
61 65
61 66
61 67
61 69
61 70
61 71
61 72
61 73
61 74
61 75
61 76
61 77
61 78
61 79
61 107
61 104
61 84
61 93
61 111
61 97
61 129
61 140
62 63
62 64
62 65
62 66
62 68
62 71
62 72
62 75
62 77
62 78
62 79
62 80
62 124
62 112
62 127
62 94
62 109
62 131
62 88
62 87
62 114
63 64
63 66
63 69
63 70
63 71
63 72
63 73
63 74
63 76
63 77
63 78
63 79
63 80
63 81
63 141
63 91
63 103
63 116
63 111
63 83
64 65
64 66
64 68
64 70
64 71
64 78
64 81
64 82
64 107
64 131
64 104
64 85
65 67
65 68
65 70
65 71
65 73
65 74
65 75
65 77
65 78
65 79
65 82
65 83
65 143
65 113
65 96
65 126
65 147
65 66
66 67
66 68
66 69
66 71
66 72
66 73
66 74
66 75
66 76
66 77
66 78
66 79
66 81
66 82
66 84
66 121
66 95
66 144
66 86
67 68
67 70
67 71
67 73
67 74
67 75
67 77
67 78
67 79
67 80
67 82
67 83
67 85
67 122
67 120
67 86
67 125
68 69
68 70
68 73
68 75
68 77
68 78
68 79
68 80
68 81
68 82
68 83
68 84
68 85
68 147
68 145
68 90
68 126
69 70
69 71
69 72
69 73
69 74
69 76
69 78
69 79
69 80
69 81
69 82
69 84
69 87
69 91
69 146
69 106
69 94
69 112
69 121
70 71
70 74
70 75
70 76
70 77
70 79
70 80
70 81
70 83
70 84
70 85
70 86
70 87
70 129
70 90
70 113
70 72
70 115
71 72
71 73
71 74
71 75
71 76
71 78
71 79
71 83
71 84
71 86
71 87
71 88
71 89
71 115
71 97
71 137
71 128
71 143
71 133
71 134
72 74
72 75
72 76
72 79
72 80
72 81
72 82
72 84
72 85
72 86
72 88
72 90
72 126
72 136
72 104
72 113
73 75
73 76
73 77
73 78
73 80
73 81
73 82
73 85
73 86
73 87
73 89
73 90
73 91
73 149
73 107
73 129
73 127
73 135
74 75
74 77
74 78
74 79
74 80
74 81
74 82
74 83
74 85
74 86
74 87
74 90
74 91
74 92
74 108
74 141
74 144
74 112
75 77
75 78
75 79
75 80
75 81
75 82
75 83
75 86
75 87
75 88
75 90
75 91
75 134
75 140
75 124
75 146
75 84
76 77
76 79
76 80
76 81
76 82
76 83
76 84
76 85
76 86
76 87
76 88
76 89
76 90
76 91
76 93
76 94
76 137
76 103
76 147
76 122
77 78
77 79
77 80
77 81
77 82
77 83
77 84
77 86
77 88
77 90
77 91
77 93
77 94
77 95
77 125
77 120
77 98
78 80
78 81
78 82
78 84
78 85
78 87
78 89
78 91
78 92
78 93
78 94
78 95
78 96
78 97
78 106
78 99
78 140
79 80
79 81
79 82
79 83
79 86
79 87
79 88
79 89
79 90
79 91
79 94
79 95
79 96
79 97
79 117
79 128
79 126
79 105
80 81
80 82
80 83
80 85
80 87
80 88
80 89
80 91
80 92
80 93
80 94
80 95
80 97
80 98
80 121
80 115
80 146
81 82
81 83
81 84
81 85
81 86
81 87
81 88
81 90
81 91
81 92
81 95
81 121
81 132
82 83
82 85
82 88
82 90
82 91
82 93
82 98
82 99
82 100
82 104
82 118
82 113
82 92
82 120
83 84
83 85
83 86
83 87
83 88
83 89
83 90
83 91
83 92
83 93
83 95
83 96
83 97
83 99
83 101
84 85
84 86
84 87
84 89
84 90
84 92
84 93
84 95
84 97
84 98
84 99
84 100
84 101
84 102
84 134
84 108
84 146
84 130
85 88
85 90
85 91
85 92
85 93
85 94
85 96
85 99
85 100
85 103
85 137
85 108
85 141
85 114
85 146
86 87
86 88
86 89
86 93
86 94
86 96
86 97
86 98
86 99
86 100
86 102
86 103
86 104
86 148
86 115
86 122
86 142
86 106
86 147
87 88
87 89
87 90
87 91
87 92
87 93
87 95
87 97
87 98
87 99
87 100
87 101
87 102
87 103
87 104
87 105
87 129
87 106
88 89
88 91
88 92
88 93
88 94
88 95
88 97
88 98
88 99
88 101
88 104
88 105
88 106
88 123
88 139
88 138
88 115
89 90
89 92
89 96
89 97
89 100
89 101
89 102
89 104
89 106
89 107
89 108
89 116
89 135
89 113
89 118
89 126
89 130
89 123
90 92
90 93
90 95
90 97
90 98
90 99
90 101
90 104
90 105
90 106
90 107
90 108
90 120
90 130
90 112
90 140
91 92
91 94
91 95
91 96
91 97
91 98
91 99
91 100
91 102
91 103
91 104
91 105
91 107
91 108
91 109
91 145
91 118
92 93
92 94
92 95
92 96
92 100
92 101
92 102
92 103
92 104
92 106
92 107
92 108
92 109
92 110
92 136
92 146
92 115
93 94
93 95
93 97
93 99
93 100
93 101
93 102
93 103
93 104
93 106
93 107
93 109
93 110
93 137
93 142
93 143
93 140
94 95
94 96
94 97
94 98
94 99
94 100
94 101
94 102
94 103
94 104
94 106
94 107
94 108
94 110
94 112
94 116
94 133
95 97
95 99
95 100
95 101
95 102
95 105
95 106
95 107
95 108
95 109
95 112
95 131
95 123
96 97
96 98
96 99
96 100
96 102
96 105
96 106
96 107
96 108
96 109
96 110
96 111
96 112
96 113
96 114
96 117
96 130
97 98
97 99
97 101
97 102
97 103
97 104
97 106
97 107
97 112
97 113
97 143
97 129
97 130
97 135
98 99
98 100
98 101
98 102
98 103
98 104
98 105
98 107
98 108
98 109
98 111
98 112
98 113
98 114
98 115
98 116
98 119
99 100
99 102
99 103
99 104
99 105
99 106
99 107
99 108
99 110
99 111
99 112
99 115
99 116
99 117
99 129
99 127
100 102
100 103
100 104
100 105
100 106
100 107
100 108
100 110
100 113
100 114
100 115
100 116
100 117
100 118
101 102
101 103
101 106
101 109
101 112
101 113
101 114
101 116
101 117
101 118
101 107
101 124
101 115
102 103
102 104
102 105
102 106
102 107
102 108
102 110
102 112
102 114
102 115
102 116
102 118
102 119
102 120
102 134
102 143
102 125
103 104
103 107
103 109
103 110
103 111
103 112
103 113
103 115
103 117
103 120
103 135
103 144
103 146
104 106
104 107
104 108
104 109
104 110
104 112
104 113
104 114
104 115
104 120
104 121
104 122
104 145
104 146
105 106
105 107
105 108
105 109
105 110
105 111
105 112
105 114
105 115
105 116
105 117
105 118
105 119
105 120
105 121
105 122
105 123
105 147
106 109
106 110
106 111
106 113
106 114
106 117
106 118
106 119
106 120
106 121
106 123
106 124
107 109
107 110
107 111
107 112
107 113
107 114
107 115
107 116
107 117
107 119
107 120
107 122
107 123
107 124
107 125
108 109
108 111
108 112
108 114
108 117
108 118
108 119
108 120
108 123
108 124
108 125
108 126
108 144
108 147
109 110
109 111
109 113
109 115
109 117
109 118
109 119
109 121
109 122
109 124
109 125
109 126
109 146
110 112
110 113
110 114
110 115
110 116
110 117
110 118
110 119
110 121
110 123
110 125
110 126
110 127
110 128
110 131
111 112
111 115
111 116
111 117
111 118
111 119
111 121
111 122
111 123
111 124
111 125
111 126
111 128
111 129
111 148
112 113
112 114
112 115
112 116
112 117
112 118
112 119
112 120
112 122
112 123
112 124
112 126
112 127
112 129
112 130
112 140
112 134
113 115
113 117
113 119
113 120
113 121
113 125
113 126
113 127
113 128
113 129
113 131
113 140
113 132
114 116
114 117
114 118
114 120
114 121
114 122
114 123
114 124
114 125
114 126
114 127
114 128
114 130
114 131
114 132
114 135
114 143
115 116
115 119
115 120
115 121
115 122
115 123
115 124
115 125
115 126
115 127
115 128
115 129
115 130
115 132
116 117
116 118
116 119
116 120
116 121
116 122
116 125
116 127
116 128
116 129
116 130
116 131
116 132
116 133
117 119
117 122
117 124
117 125
117 126
117 127
117 128
117 129
117 130
117 131
117 132
117 133
117 134
117 135
117 138
118 119
118 120
118 122
118 123
118 126
118 127
118 128
118 129
118 130
118 131
118 132
118 133
118 134
118 135
119 120
119 121
119 122
119 123
119 124
119 125
119 126
119 127
119 128
119 129
119 130
119 131
119 132
119 133
119 135
119 136
119 137
120 121
120 122
120 123
120 124
120 126
120 127
120 128
120 129
120 130
120 131
120 136
120 137
120 138
120 135
121 122
121 124
121 125
121 128
121 130
121 131
121 133
121 134
121 135
121 136
121 137
121 138
121 139
121 140
121 143
122 123
122 125
122 126
122 127
122 128
122 130
122 131
122 132
122 133
122 134
122 135
122 136
122 137
122 138
122 139
122 140
123 124
123 126
123 127
123 128
123 129
123 130
123 131
123 132
123 133
123 134
123 135
123 140
123 141
124 125
124 126
124 128
124 129
124 130
124 131
124 133
124 135
124 137
124 138
124 139
124 140
124 141
124 142
125 126
125 127
125 130
125 131
125 132
125 133
125 134
125 135
125 136
125 137
125 138
125 139
125 140
125 141
125 142
126 128
126 129
126 130
126 131
126 132
126 133
126 134
126 135
126 138
126 139
126 140
126 141
126 143
126 144
127 128
127 129
127 130
127 131
127 132
127 133
127 134
127 135
127 137
127 139
127 140
127 141
127 142
127 143
127 145
127 149
127 146
128 129
128 130
128 132
128 133
128 134
128 135
128 136
128 138
128 139
128 140
128 141
128 142
128 143
128 145
128 146
129 131
129 132
129 134
129 136
129 137
129 138
129 139
129 140
129 141
129 142
129 144
129 145
129 146
129 147
129 149
130 132
130 133
130 134
130 135
130 136
130 137
130 139
130 140
130 145
130 146
130 147
130 148
130 138
131 133
131 134
131 135
131 136
131 137
131 138
131 139
131 140
131 143
131 144
131 145
131 146
131 147
131 148
131 149
132 133
132 135
132 136
132 137
132 138
132 139
132 140
132 142
132 143
132 144
132 145
132 148
132 149
133 135
133 136
133 137
133 138
133 140
133 141
133 142
133 143
133 144
133 145
133 146
133 147
133 148
134 135
134 137
134 138
134 140
134 141
134 142
134 143
134 144
134 145
134 146
134 147
134 148
135 136
135 137
135 138
135 139
135 140
135 141
135 142
135 144
135 145
135 146
135 148
135 149
136 137
136 138
136 141
136 142
136 144
136 145
136 146
136 147
136 148
136 149
137 138
137 140
137 141
137 144
137 145
137 146
137 147
137 148
137 149
137 142
138 139
138 140
138 141
138 142
138 143
138 144
138 145
138 146
138 148
138 149
139 140
139 141
139 142
139 143
139 144
139 145
139 147
139 148
139 149
140 142
140 143
140 144
140 145
140 146
140 149
141 142
141 143
141 144
141 145
141 146
141 147
141 148
142 144
142 145
142 146
142 147
142 148
143 144
143 146
143 147
143 148
143 149
144 145
144 146
144 147
144 148
144 149
145 146
145 147
145 148
145 149
146 147
146 148
146 149
147 149
