0 1
0 169
0 2
0 168
0 3
0 167
1 169
1 168
1 70
1 103
1 137
2 3
2 4
2 5
2 169
3 4
3 5
3 6
4 5
4 6
4 7
5 6
5 7
5 8
5 146
6 7
6 8
6 9
7 8
7 9
7 10
7 147
8 10
8 11
8 23
9 10
9 11
9 12
10 11
10 12
10 13
11 14
11 50
11 140
12 13
12 15
12 83
12 166
13 14
13 15
13 16
14 15
14 16
14 17
15 16
15 17
15 18
16 17
16 18
16 19
17 18
17 19
17 20
17 126
17 151
17 44
18 19
18 20
18 21
19 20
19 21
19 22
19 106
20 21
20 22
20 23
21 22
21 23
21 24
22 23
22 25
22 97
23 24
23 26
23 99
24 25
24 26
24 27
25 26
25 27
25 28
26 27
26 28
26 29
27 28
27 29
27 30
28 29
28 30
28 31
29 31
29 32
29 117
30 31
30 32
30 33
31 32
31 33
31 34
32 33
32 34
32 35
33 34
33 35
33 36
34 35
34 36
34 37
35 36
35 37
35 38
36 37
36 38
36 39
37 38
37 39
37 40
38 39
38 41
38 149
38 94
39 41
39 42
39 58
39 150
40 41
40 42
40 43
41 42
41 43
41 60
42 43
42 45
42 130
43 44
43 46
43 47
44 45
44 47
45 46
45 47
45 62
46 47
46 48
46 49
47 48
47 49
47 50
48 49
48 50
48 51
49 50
49 51
49 52
49 148
50 51
50 52
50 53
51 52
51 53
51 54
52 54
52 55
52 162
53 54
53 55
53 56
54 55
54 56
54 57
55 56
55 57
55 58
56 57
56 58
56 59
57 58
57 59
57 60
58 59
58 60
58 61
59 60
59 61
59 62
60 61
60 62
60 63
60 154
61 62
61 63
61 64
62 63
62 64
62 65
63 64
63 65
63 66
64 67
64 80
64 117
65 66
65 67
65 68
66 68
66 69
66 145
66 157
67 68
67 70
67 103
67 137
68 69
68 70
68 71
69 70
69 71
69 72
70 71
70 72
70 73
71 72
71 73
71 74
71 151
72 73
72 74
72 75
73 74
73 75
73 76
74 75
74 76
74 77
75 76
75 77
75 78
76 77
76 78
76 79
77 78
77 79
77 80
78 79
78 80
78 81
79 80
79 81
79 82
80 81
80 83
80 141
81 82
81 83
81 84
82 83
82 84
82 85
83 85
83 86
84 85
84 86
84 87
85 86
85 87
85 88
85 99
85 132
86 87
86 88
86 89
87 88
87 89
87 90
88 89
88 90
88 91
89 90
89 91
89 92
89 144
90 91
90 92
90 93
90 107
91 92
91 93
91 94
92 93
92 94
92 95
93 94
93 95
93 96
94 95
94 96
94 110
95 96
95 97
95 98
96 97
96 98
96 99
97 98
97 100
97 108
97 133
98 99
98 100
98 104
99 100
99 102
100 101
100 102
100 103
101 102
101 103
101 107
102 103
102 104
102 105
103 105
103 106
104 105
104 106
104 107
105 106
105 107
105 147
106 107
106 109
107 108
107 109
108 109
108 110
108 111
109 110
109 111
109 112
109 130
110 111
110 113
111 112
111 113
111 114
112 113
112 114
112 115
113 114
113 115
113 116
114 115
114 116
114 117
115 116
115 117
115 118
116 117
116 118
116 119
117 118
117 119
117 120
118 119
118 120
118 121
119 120
119 121
119 122
120 121
120 122
120 123
120 141
121 122
121 123
121 124
122 123
122 124
122 125
123 124
123 125
123 126
124 125
124 126
124 127
125 126
125 127
125 128
126 128
126 129
127 128
127 129
127 130
128 129
128 130
128 131
129 130
129 131
129 132
130 131
130 132
131 132
131 133
131 134
132 133
132 135
133 134
133 135
134 135
134 136
134 137
135 136
135 137
135 138
136 137
136 138
136 139
137 138
137 139
137 140
138 139
138 140
138 141
139 140
139 141
139 142
140 141
140 142
140 143
141 142
141 144
142 143
142 144
142 145
143 144
143 145
143 146
144 145
144 146
145 146
145 147
145 148
146 148
146 166
147 148
147 149
148 149
148 151
149 150
149 151
149 152
150 152
150 161
151 154
152 153
152 154
152 155
153 154
153 155
153 156
154 156
154 157
155 156
155 157
155 158
156 157
156 158
156 159
157 158
157 160
158 159
158 160
158 161
159 160
159 161
159 162
160 161
160 162
160 163
161 162
161 163
161 164
162 163
162 164
162 165
163 164
163 165
163 166
164 166
164 167
164 168
165 166
165 167
165 168
166 167
166 168
166 169
167 168
167 169
168 169
