0 1
0 2
0 3
0 4
0 5
0 6
0 7
0 8
0 9
0 10
0 11
0 12
0 13
0 14
0 15
0 16
0 17
0 18
0 19
0 20
0 21
0 22
0 23
0 24
0 25
0 26
0 27
0 28
0 29
0 30
0 31
0 32
0 33
0 34
0 35
0 36
0 37
0 38
0 39
0 40
0 41
0 42
0 43
0 44
1 2
1 3
1 4
1 5
1 6
1 7
1 8
1 9
1 10
1 11
1 12
1 13
1 14
1 15
1 16
1 17
1 18
1 19
1 20
1 21
1 22
1 23
1 24
1 25
1 26
1 27
1 28
1 29
1 30
1 31
1 32
1 33
1 34
1 35
1 36
1 37
1 38
1 39
1 40
1 41
1 42
1 43
1 44
2 3
2 4
2 5
2 6
2 7
2 8
2 9
2 10
2 11
2 12
2 13
2 14
2 15
2 16
2 17
2 18
2 19
2 20
2 21
2 22
2 23
2 24
2 25
2 26
2 27
2 28
2 29
2 30
2 31
2 32
2 33
2 34
2 35
2 36
2 37
2 38
2 39
2 40
2 41
2 42
2 43
2 44
3 4
3 5
3 6
3 7
3 8
3 9
3 10
3 11
3 12
3 13
3 14
3 15
3 16
3 17
3 18
3 19
3 20
3 21
3 22
3 23
3 24
3 25
3 26
3 27
3 28
3 29
3 30
3 31
3 32
3 33
3 34
3 35
3 36
3 37
3 38
3 39
3 40
3 41
3 42
3 43
3 44
4 5
4 6
4 7
4 8
4 9
4 10
4 11
4 12
4 13
4 14
4 15
4 16
4 17
4 18
4 19
4 20
4 21
4 22
4 23
4 24
4 25
4 26
4 27
4 28
4 29
4 30
4 31
4 32
4 33
4 34
4 35
4 36
4 37
4 38
4 39
4 40
4 41
4 42
4 43
4 44
5 6
5 7
5 8
5 9
5 10
5 11
5 12
5 13
5 14
5 15
5 16
5 17
5 18
5 19
5 20
5 21
5 22
5 23
5 24
5 25
5 26
5 27
5 28
5 29
5 30
5 31
5 32
5 33
5 34
5 35
5 36
5 37
5 38
5 39
5 40
5 41
5 42
5 43
5 44
6 7
6 8
6 9
6 10
6 11
6 12
6 13
6 14
6 15
6 16
6 17
6 18
6 19
6 20
6 21
6 22
6 23
6 24
6 25
6 26
6 27
6 28
6 29
6 30
6 31
6 32
6 33
6 34
6 35
6 36
6 37
6 38
6 39
6 40
6 41
6 42
6 43
6 44
7 8
7 9
7 10
7 11
7 12
7 13
7 14
7 15
7 16
7 17
7 18
7 19
7 20
7 21
7 22
7 23
7 24
7 25
7 26
7 27
7 28
7 29
7 30
7 31
7 32
7 33
7 34
7 35
7 36
7 37
7 38
7 39
7 40
7 41
7 42
7 43
7 44
8 9
8 10
8 11
8 12
8 13
8 14
8 15
8 16
8 17
8 18
8 19
8 20
8 21
8 22
8 23
8 24
8 25
8 26
8 27
8 28
8 29
8 30
8 31
8 32
8 33
8 34
8 35
8 36
8 37
8 38
8 39
8 40
8 41
8 42
8 43
8 44
9 10
9 11
9 12
9 13
9 14
9 15
9 16
9 17
9 18
9 19
9 20
9 21
9 22
9 23
9 24
9 25
9 26
9 27
9 28
9 29
9 30
9 31
9 32
9 33
9 34
9 35
9 36
9 37
9 38
9 39
9 40
9 41
9 42
9 43
9 44
10 11
10 12
10 13
10 14
10 15
10 16
10 17
10 18
10 19
10 20
10 21
10 22
10 23
10 24
10 25
10 26
10 27
10 28
10 29
10 30
10 31
10 32
10 33
10 34
10 35
10 36
10 37
10 38
10 39
10 40
10 41
10 42
10 43
10 44
11 12
11 13
11 14
11 15
11 16
11 17
11 18
11 19
11 20
11 21
11 22
11 23
11 24
11 25
11 26
11 27
11 28
11 29
11 30
11 31
11 32
11 33
11 34
11 35
11 36
11 37
11 38
11 39
11 40
11 41
11 42
11 43
11 44
12 13
12 14
12 15
12 16
12 17
12 18
12 19
12 20
12 21
12 22
12 23
12 24
12 25
12 26
12 27
12 28
12 29
12 30
12 31
12 32
12 33
12 34
12 35
12 36
12 37
12 38
12 39
12 40
12 41
12 42
12 43
12 44
13 14
13 15
13 16
13 17
13 18
13 19
13 20
13 21
13 22
13 23
13 24
13 25
13 26
13 27
13 28
13 29
13 30
13 31
13 32
13 33
13 34
13 35
13 36
13 37
13 38
13 39
13 40
13 41
13 42
13 43
13 44
14 15
14 16
14 17
14 18
14 19
14 20
14 21
14 22
14 23
14 24
14 25
14 26
14 27
14 28
14 29
14 30
14 31
14 32
14 33
14 34
14 35
14 36
14 37
14 38
14 39
14 40
14 41
14 42
14 43
14 44
15 16
15 17
15 18
15 19
15 20
15 21
15 22
15 23
15 24
15 25
15 26
15 27
15 28
15 29
15 30
15 31
15 32
15 33
15 34
15 35
15 36
15 37
15 38
15 39
15 40
15 41
15 42
15 43
15 44
16 17
16 18
16 19
16 20
16 21
16 22
16 23
16 24
16 25
16 26
16 27
16 28
16 29
16 30
16 31
16 32
16 33
16 34
16 35
16 36
16 37
16 38
16 39
16 40
16 41
16 42
16 43
16 44
17 18
17 19
17 20
17 21
17 22
17 23
17 24
17 25
17 26
17 27
17 28
17 29
17 30
17 31
17 32
17 33
17 34
17 35
17 36
17 37
17 38
17 39
17 40
17 41
17 42
17 43
17 44
18 19
18 20
18 21
18 22
18 23
18 24
18 25
18 26
18 27
18 28
18 29
18 30
18 31
18 32
18 33
18 34
18 35
18 36
18 37
18 38
18 39
18 40
18 41
18 42
18 43
18 44
19 20
19 21
19 22
19 23
19 24
19 25
19 26
19 27
19 28
19 29
19 30
19 31
19 32
19 33
19 34
19 35
19 36
19 37
19 38
19 39
19 40
19 41
19 42
19 43
19 44
20 21
20 22
20 23
20 24
20 25
20 26
20 27
20 28
20 29
20 30
20 31
20 32
20 33
20 34
20 35
20 36
20 37
20 38
20 39
20 40
20 41
20 42
20 43
20 44
21 22
21 23
21 24
21 25
21 26
21 27
21 28
21 29
21 30
21 31
21 32
21 33
21 34
21 35
21 36
21 37
21 38
21 39
21 40
21 41
21 42
21 43
21 44
22 23
22 24
22 25
22 26
22 27
22 28
22 29
22 30
22 31
22 32
22 33
22 34
22 35
22 36
22 37
22 38
22 39
22 40
22 41
22 42
22 43
22 44
23 24
23 25
23 26
23 27
23 28
23 29
23 30
23 31
23 32
23 33
23 34
23 35
23 36
23 37
23 38
23 39
23 40
23 41
23 42
23 43
23 44
24 25
24 26
24 27
24 28
24 29
24 30
24 31
24 32
24 33
24 34
24 35
24 36
24 37
24 38
24 39
24 40
24 41
24 42
24 43
24 44
25 26
25 27
25 28
25 29
25 30
25 31
25 32
25 33
25 34
25 35
25 36
25 37
25 38
25 39
25 40
25 41
25 42
25 43
25 44
26 27
26 28
26 29
26 30
26 31
26 32
26 33
26 34
26 35
26 36
26 37
26 38
26 39
26 40
26 41
26 42
26 43
26 44
27 28
27 29
27 30
27 31
27 32
27 33
27 34
27 35
27 36
27 37
27 38
27 39
27 40
27 41
27 42
27 43
27 44
28 29
28 30
28 31
28 32
28 33
28 34
28 35
28 36
28 37
28 38
28 39
28 40
28 41
28 42
28 43
28 44
29 30
29 31
29 32
29 33
29 34
29 35
29 36
29 37
29 38
29 39
29 40
29 41
29 42
29 43
29 44
30 31
30 32
30 33
30 34
30 35
30 36
30 37
30 38
30 39
30 40
30 41
30 42
30 43
30 44
31 32
31 33
31 34
31 35
31 36
31 37
31 38
31 39
31 40
31 41
31 42
31 43
31 44
32 33
32 34
32 35
32 36
32 37
32 38
32 39
32 40
32 41
32 42
32 43
32 44
33 34
33 35
33 36
33 37
33 38
33 39
33 40
33 41
33 42
33 43
33 44
34 35
34 36
34 37
34 38
34 39
34 40
34 41
34 42
34 43
34 44
35 36
35 37
35 38
35 39
35 40
35 41
35 42
35 43
35 44
36 37
36 38
36 39
36 40
36 41
36 42
36 43
36 44
37 38
37 39
37 40
37 41
37 42
37 43
37 44
38 39
38 40
38 41
38 42
38 43
38 44
39 40
39 41
39 42
39 43
39 44
40 41
40 42
40 43
40 44
41 42
41 43
41 44
42 43
42 44
43 44
44 45
45 46
46 47
47 48
48 49
49 50
50 51
51 52
52 53
53 54
54 55
55 56
56 57
57 58
58 59
59 60
60 61
61 62
62 63
63 64
64 65
65 66
66 67
67 68
68 69
69 70
70 71
71 72
72 73
73 74
74 75
75 76
76 77
77 78
78 79
79 80
80 81
81 82
82 83
83 84
84 85
85 86
86 87
87 88
88 89
89 90
90 91
91 92
92 93
93 94
94 95
95 96
96 97
97 98
98 99
99 100
100 101
101 102
102 103
103 104
104 105
105 106
106 107
107 108
108 109
109 110
110 111
111 112
112 113
113 114
114 115
115 116
116 117
117 118
118 119
119 120
120 121
121 122
122 123
123 124
124 125
125 126
126 127
127 128
128 129
129 130
130 131
131 132
132 133
133 134
134 135
135 136
135 137
135 138
135 139
135 140
135 141
135 142
135 143
135 144
135 145
135 146
135 147
135 148
135 149
135 150
135 151
135 152
135 153
135 154
135 155
135 156
135 157
135 158
135 159
135 160
135 161
135 162
135 163
135 164
135 165
135 166
135 167
135 168
135 169
135 170
135 171
135 172
135 173
135 174
135 175
135 176
135 177
135 178
135 179
136 137
136 138
136 139
136 140
136 141
136 142
136 143
136 144
136 145
136 146
136 147
136 148
136 149
136 150
136 151
136 152
136 153
136 154
136 155
136 156
136 157
136 158
136 159
136 160
136 161
136 162
136 163
136 164
136 165
136 166
136 167
136 168
136 169
136 170
136 171
136 172
136 173
136 174
136 175
136 176
136 177
136 178
136 179
137 138
137 139
137 140
137 141
137 142
137 143
137 144
137 145
137 146
137 147
137 148
137 149
137 150
137 151
137 152
137 153
137 154
137 155
137 156
137 157
137 158
137 159
137 160
137 161
137 162
137 163
137 164
137 165
137 166
137 167
137 168
137 169
137 170
137 171
137 172
137 173
137 174
137 175
137 176
137 177
137 178
137 179
138 139
138 140
138 141
138 142
138 143
138 144
138 145
138 146
138 147
138 148
138 149
138 150
138 151
138 152
138 153
138 154
138 155
138 156
138 157
138 158
138 159
138 160
138 161
138 162
138 163
138 164
138 165
138 166
138 167
138 168
138 169
138 170
138 171
138 172
138 173
138 174
138 175
138 176
138 177
138 178
138 179
139 140
139 141
139 142
139 143
139 144
139 145
139 146
139 147
139 148
139 149
139 150
139 151
139 152
139 153
139 154
139 155
139 156
139 157
139 158
139 159
139 160
139 161
139 162
139 163
139 164
139 165
139 166
139 167
139 168
139 169
139 170
139 171
139 172
139 173
139 174
139 175
139 176
139 177
139 178
139 179
140 141
140 142
140 143
140 144
140 145
140 146
140 147
140 148
140 149
140 150
140 151
140 152
140 153
140 154
140 155
140 156
140 157
140 158
140 159
140 160
140 161
140 162
140 163
140 164
140 165
140 166
140 167
140 168
140 169
140 170
140 171
140 172
140 173
140 174
140 175
140 176
140 177
140 178
140 179
141 142
141 143
141 144
141 145
141 146
141 147
141 148
141 149
141 150
141 151
141 152
141 153
141 154
141 155
141 156
141 157
141 158
141 159
141 160
141 161
141 162
141 163
141 164
141 165
141 166
141 167
141 168
141 169
141 170
141 171
141 172
141 173
141 174
141 175
141 176
141 177
141 178
141 179
142 143
142 144
142 145
142 146
142 147
142 148
142 149
142 150
142 151
142 152
142 153
142 154
142 155
142 156
142 157
142 158
142 159
142 160
142 161
142 162
142 163
142 164
142 165
142 166
142 167
142 168
142 169
142 170
142 171
142 172
142 173
142 174
142 175
142 176
142 177
142 178
142 179
143 144
143 145
143 146
143 147
143 148
143 149
143 150
143 151
143 152
143 153
143 154
143 155
143 156
143 157
143 158
143 159
143 160
143 161
143 162
143 163
143 164
143 165
143 166
143 167
143 168
143 169
143 170
143 171
143 172
143 173
143 174
143 175
143 176
143 177
143 178
143 179
144 145
144 146
144 147
144 148
144 149
144 150
144 151
144 152
144 153
144 154
144 155
144 156
144 157
144 158
144 159
144 160
144 161
144 162
144 163
144 164
144 165
144 166
144 167
144 168
144 169
144 170
144 171
144 172
144 173
144 174
144 175
144 176
144 177
144 178
144 179
145 146
145 147
145 148
145 149
145 150
145 151
145 152
145 153
145 154
145 155
145 156
145 157
145 158
145 159
145 160
145 161
145 162
145 163
145 164
145 165
145 166
145 167
145 168
145 169
145 170
145 171
145 172
145 173
145 174
145 175
145 176
145 177
145 178
145 179
146 147
146 148
146 149
146 150
146 151
146 152
146 153
146 154
146 155
146 156
146 157
146 158
146 159
146 160
146 161
146 162
146 163
146 164
146 165
146 166
146 167
146 168
146 169
146 170
146 171
146 172
146 173
146 174
146 175
146 176
146 177
146 178
146 179
147 148
147 149
147 150
147 151
147 152
147 153
147 154
147 155
147 156
147 157
147 158
147 159
147 160
147 161
147 162
147 163
147 164
147 165
147 166
147 167
147 168
147 169
147 170
147 171
147 172
147 173
147 174
147 175
147 176
147 177
147 178
147 179
148 149
148 150
148 151
148 152
148 153
148 154
148 155
148 156
148 157
148 158
148 159
148 160
148 161
148 162
148 163
148 164
148 165
148 166
148 167
148 168
148 169
148 170
148 171
148 172
148 173
148 174
148 175
148 176
148 177
148 178
148 179
149 150
149 151
149 152
149 153
149 154
149 155
149 156
149 157
149 158
149 159
149 160
149 161
149 162
149 163
149 164
149 165
149 166
149 167
149 168
149 169
149 170
149 171
149 172
149 173
149 174
149 175
149 176
149 177
149 178
149 179
150 151
150 152
150 153
150 154
150 155
150 156
150 157
150 158
150 159
150 160
150 161
150 162
150 163
150 164
150 165
150 166
150 167
150 168
150 169
150 170
150 171
150 172
150 173
150 174
150 175
150 176
150 177
150 178
150 179
151 152
151 153
151 154
151 155
151 156
151 157
151 158
151 159
151 160
151 161
151 162
151 163
151 164
151 165
151 166
151 167
151 168
151 169
151 170
151 171
151 172
151 173
151 174
151 175
151 176
151 177
151 178
151 179
152 153
152 154
152 155
152 156
152 157
152 158
152 159
152 160
152 161
152 162
152 163
152 164
152 165
152 166
152 167
152 168
152 169
152 170
152 171
152 172
152 173
152 174
152 175
152 176
152 177
152 178
152 179
153 154
153 155
153 156
153 157
153 158
153 159
153 160
153 161
153 162
153 163
153 164
153 165
153 166
153 167
153 168
153 169
153 170
153 171
153 172
153 173
153 174
153 175
153 176
153 177
153 178
153 179
154 155
154 156
154 157
154 158
154 159
154 160
154 161
154 162
154 163
154 164
154 165
154 166
154 167
154 168
154 169
154 170
154 171
154 172
154 173
154 174
154 175
154 176
154 177
154 178
154 179
155 156
155 157
155 158
155 159
155 160
155 161
155 162
155 163
155 164
155 165
155 166
155 167
155 168
155 169
155 170
155 171
155 172
155 173
155 174
155 175
155 176
155 177
155 178
155 179
156 157
156 158
156 159
156 160
156 161
156 162
156 163
156 164
156 165
156 166
156 167
156 168
156 169
156 170
156 171
156 172
156 173
156 174
156 175
156 176
156 177
156 178
156 179
157 158
157 159
157 160
157 161
157 162
157 163
157 164
157 165
157 166
157 167
157 168
157 169
157 170
157 171
157 172
157 173
157 174
157 175
157 176
157 177
157 178
157 179
158 159
158 160
158 161
158 162
158 163
158 164
158 165
158 166
158 167
158 168
158 169
158 170
158 171
158 172
158 173
158 174
158 175
158 176
158 177
158 178
158 179
159 160
159 161
159 162
159 163
159 164
159 165
159 166
159 167
159 168
159 169
159 170
159 171
159 172
159 173
159 174
159 175
159 176
159 177
159 178
159 179
160 161
160 162
160 163
160 164
160 165
160 166
160 167
160 168
160 169
160 170
160 171
160 172
160 173
160 174
160 175
160 176
160 177
160 178
160 179
161 162
161 163
161 164
161 165
161 166
161 167
161 168
161 169
161 170
161 171
161 172
161 173
161 174
161 175
161 176
161 177
161 178
161 179
162 163
162 164
162 165
162 166
162 167
162 168
162 169
162 170
162 171
162 172
162 173
162 174
162 175
162 176
162 177
162 178
162 179
163 164
163 165
163 166
163 167
163 168
163 169
163 170
163 171
163 172
163 173
163 174
163 175
163 176
163 177
163 178
163 179
164 165
164 166
164 167
164 168
164 169
164 170
164 171
164 172
164 173
164 174
164 175
164 176
164 177
164 178
164 179
165 166
165 167
165 168
165 169
165 170
165 171
165 172
165 173
165 174
165 175
165 176
165 177
165 178
165 179
166 167
166 168
166 169
166 170
166 171
166 172
166 173
166 174
166 175
166 176
166 177
166 178
166 179
167 168
167 169
167 170
167 171
167 172
167 173
167 174
167 175
167 176
167 177
167 178
167 179
168 169
168 170
168 171
168 172
168 173
168 174
168 175
168 176
168 177
168 178
168 179
169 170
169 171
169 172
169 173
169 174
169 175
169 176
169 177
169 178
169 179
170 171
170 172
170 173
170 174
170 175
170 176
170 177
170 178
170 179
171 172
171 173
171 174
171 175
171 176
171 177
171 178
171 179
172 173
172 174
172 175
172 176
172 177
172 178
172 179
173 174
173 175
173 176
173 177
173 178
173 179
174 175
174 176
174 177
174 178
174 179
175 176
175 177
175 178
175 179
176 177
176 178
176 179
177 178
177 179
178 179
