0 1
0 200
0 199
1 2
1 201
2 3
2 202
3 4
3 203
4 5
4 204
5 6
5 205
6 7
6 206
7 8
7 207
8 9
8 208
9 10
9 209
10 11
10 210
11 12
11 211
12 13
12 212
13 14
13 213
14 15
14 214
15 16
15 215
16 17
16 216
17 18
17 217
18 19
18 218
19 20
19 219
20 21
20 220
21 22
21 221
22 23
22 222
23 24
23 223
24 25
24 224
25 26
25 225
26 27
26 226
27 28
27 227
28 29
28 228
29 30
29 229
30 31
30 230
31 32
31 231
32 33
32 232
33 34
33 233
34 35
34 234
35 36
35 235
36 37
36 236
37 38
37 237
38 39
38 238
39 40
39 239
40 41
40 240
41 42
41 241
42 43
42 242
43 44
43 243
44 45
44 244
45 46
45 245
46 47
46 246
47 48
47 247
48 49
48 248
49 50
49 249
50 51
50 250
51 52
51 251
52 53
52 252
53 54
53 253
54 55
54 254
55 56
55 255
56 57
56 256
57 58
57 257
58 59
58 258
59 60
59 259
60 61
60 260
61 62
61 261
62 63
62 262
63 64
63 263
64 65
64 264
65 66
65 265
66 67
66 266
67 68
67 267
68 69
68 268
69 70
69 269
70 71
70 270
71 72
71 271
72 73
72 272
73 74
73 273
74 75
74 274
75 76
75 275
76 77
76 276
77 78
77 277
78 79
78 278
79 80
79 279
80 81
80 280
81 82
81 281
82 83
82 282
83 84
83 283
84 85
84 284
85 86
85 285
86 87
86 286
87 88
87 287
88 89
88 288
89 90
89 289
90 91
90 290
91 92
91 291
92 93
92 292
93 94
93 293
94 95
94 294
95 96
95 295
96 97
96 296
97 98
97 297
98 99
98 298
99 100
99 299
100 101
100 300
101 102
101 301
102 103
102 302
103 104
103 303
104 105
104 304
105 106
105 305
106 107
106 306
107 108
107 307
108 109
108 308
109 110
109 309
110 111
110 310
111 112
111 311
112 113
112 312
113 114
113 313
114 115
114 314
115 116
115 315
116 117
116 316
117 118
117 317
118 119
118 318
119 120
119 319
120 121
120 320
121 122
121 321
122 123
122 322
123 124
123 323
124 125
124 324
125 126
125 325
126 127
126 326
127 128
127 327
128 129
128 328
129 130
129 329
130 131
130 330
131 132
131 331
132 133
132 332
133 134
133 333
134 135
134 334
135 136
135 335
136 137
136 336
137 138
137 337
138 139
138 338
139 140
139 339
140 141
140 340
141 142
141 341
142 143
142 342
143 144
143 343
144 145
144 344
145 146
145 345
146 147
146 346
147 148
147 347
148 149
148 348
149 150
149 349
150 151
150 350
151 152
151 351
152 153
152 352
153 154
153 353
154 155
154 354
155 156
155 355
156 157
156 356
157 158
157 357
158 159
158 358
159 160
159 359
160 161
160 360
161 162
161 361
162 163
162 362
163 164
163 363
164 165
164 364
165 166
165 365
166 167
166 366
167 168
167 367
168 169
168 368
169 170
169 369
170 171
170 370
171 172
171 371
172 173
172 372
173 174
173 373
174 175
174 374
175 176
175 375
176 177
176 376
177 178
177 377
178 179
178 378
179 180
179 379
180 181
180 380
181 182
181 381
182 183
182 382
183 184
183 383
184 185
184 384
185 186
185 385
186 187
186 386
187 188
187 387
188 189
188 388
189 190
189 389
190 191
190 390
191 192
191 391
192 193
192 392
193 194
193 393
194 195
194 394
195 196
195 395
196 197
196 396
197 198
197 397
198 199
198 398
199 399
200 201
200 399
201 202
202 203
203 204
204 205
205 206
206 207
207 208
208 209
209 210
210 211
211 212
212 213
213 214
214 215
215 216
216 217
217 218
218 219
219 220
220 221
221 222
222 223
223 224
224 225
225 226
226 227
227 228
228 229
229 230
230 231
231 232
232 233
233 234
234 235
235 236
236 237
237 238
238 239
239 240
240 241
241 242
242 243
243 244
244 245
245 246
246 247
247 248
248 249
249 250
250 251
251 252
252 253
253 254
254 255
255 256
256 257
257 258
258 259
259 260
260 261
261 262
262 263
263 264
264 265
265 266
266 267
267 268
268 269
269 270
270 271
271 272
272 273
273 274
274 275
275 276
276 277
277 278
278 279
279 280
280 281
281 282
282 283
283 284
284 285
285 286
286 287
287 288
288 289
289 290
290 291
291 292
292 293
293 294
294 295
295 296
296 297
297 298
298 299
299 300
300 301
301 302
302 303
303 304
304 305
305 306
306 307
307 308
308 309
309 310
310 311
311 312
312 313
313 314
314 315
315 316
316 317
317 318
318 319
319 320
320 321
321 322
322 323
323 324
324 325
325 326
326 327
327 328
328 329
329 330
330 331
331 332
332 333
333 334
334 335
335 336
336 337
337 338
338 339
339 340
340 341
341 342
342 343
343 344
344 345
345 346
346 347
347 348
348 349
349 350
350 351
351 352
352 353
353 354
354 355
355 356
356 357
357 358
358 359
359 360
360 361
361 362
362 363
363 364
364 365
365 366
366 367
367 368
368 369
369 370
370 371
371 372
372 373
373 374
374 375
375 376
376 377
377 378
378 379
379 380
380 381
381 382
382 383
383 384
384 385
385 386
386 387
387 388
388 389
389 390
390 391
391 392
392 393
393 394
394 395
395 396
396 397
397 398
398 399
