0 1
0 30
0 29
1 2
1 31
2 3
2 32
3 4
3 33
4 5
4 34
5 6
5 35
6 7
6 36
7 8
7 37
8 9
8 38
9 10
9 39
10 11
10 40
11 12
11 41
12 13
12 42
13 14
13 43
14 15
14 44
15 16
15 45
16 17
16 46
17 18
17 47
18 19
18 48
19 20
19 49
20 21
20 50
21 22
21 51
22 23
22 52
23 24
23 53
24 25
24 54
25 26
25 55
26 27
26 56
27 28
27 57
28 29
28 58
29 59
30 31
30 59
31 32
32 33
33 34
34 35
35 36
36 37
37 38
38 39
39 40
40 41
41 42
42 43
43 44
44 45
45 46
46 47
47 48
48 49
49 50
50 51
51 52
52 53
53 54
54 55
55 56
56 57
57 58
58 59
