0 1
0 150
0 149
1 2
1 151
2 3
2 152
3 4
3 153
4 5
4 154
5 6
5 155
6 7
6 156
7 8
7 157
8 9
8 158
9 10
9 159
10 11
10 160
11 12
11 161
12 13
12 162
13 14
13 163
14 15
14 164
15 16
15 165
16 17
16 166
17 18
17 167
18 19
18 168
19 20
19 169
20 21
20 170
21 22
21 171
22 23
22 172
23 24
23 173
24 25
24 174
25 26
25 175
26 27
26 176
27 28
27 177
28 29
28 178
29 30
29 179
30 31
30 180
31 32
31 181
32 33
32 182
33 34
33 183
34 35
34 184
35 36
35 185
36 37
36 186
37 38
37 187
38 39
38 188
39 40
39 189
40 41
40 190
41 42
41 191
42 43
42 192
43 44
43 193
44 45
44 194
45 46
45 195
46 47
46 196
47 48
47 197
48 49
48 198
49 50
49 199
50 51
50 200
51 52
51 201
52 53
52 202
53 54
53 203
54 55
54 204
55 56
55 205
56 57
56 206
57 58
57 207
58 59
58 208
59 60
59 209
60 61
60 210
61 62
61 211
62 63
62 212
63 64
63 213
64 65
64 214
65 66
65 215
66 67
66 216
67 68
67 217
68 69
68 218
69 70
69 219
70 71
70 220
71 72
71 221
72 73
72 222
73 74
73 223
74 75
74 224
75 76
75 225
76 77
76 226
77 78
77 227
78 79
78 228
79 80
79 229
80 81
80 230
81 82
81 231
82 83
82 232
83 84
83 233
84 85
84 234
85 86
85 235
86 87
86 236
87 88
87 237
88 89
88 238
89 90
89 239
90 91
90 240
91 92
91 241
92 93
92 242
93 94
93 243
94 95
94 244
95 96
95 245
96 97
96 246
97 98
97 247
98 99
98 248
99 100
99 249
100 101
100 250
101 102
101 251
102 103
102 252
103 104
103 253
104 105
104 254
105 106
105 255
106 107
106 256
107 108
107 257
108 109
108 258
109 110
109 259
110 111
110 260
111 112
111 261
112 113
112 262
113 114
113 263
114 115
114 264
115 116
115 265
116 117
116 266
117 118
117 267
118 119
118 268
119 120
119 269
120 121
120 270
121 122
121 271
122 123
122 272
123 124
123 273
124 125
124 274
125 126
125 275
126 127
126 276
127 128
127 277
128 129
128 278
129 130
129 279
130 131
130 280
131 132
131 281
132 133
132 282
133 134
133 283
134 135
134 284
135 136
135 285
136 137
136 286
137 138
137 287
138 139
138 288
139 140
139 289
140 141
140 290
141 142
141 291
142 143
142 292
143 144
143 293
144 145
144 294
145 146
145 295
146 147
146 296
147 148
147 297
148 149
148 298
149 299
150 151
150 299
151 152
152 153
153 154
154 155
155 156
156 157
157 158
158 159
159 160
160 161
161 162
162 163
163 164
164 165
165 166
166 167
167 168
168 169
169 170
170 171
171 172
172 173
173 174
174 175
175 176
176 177
177 178
178 179
179 180
180 181
181 182
182 183
183 184
184 185
185 186
186 187
187 188
188 189
189 190
190 191
191 192
192 193
193 194
194 195
195 196
196 197
197 198
198 199
199 200
200 201
201 202
202 203
203 204
204 205
205 206
206 207
207 208
208 209
209 210
210 211
211 212
212 213
213 214
214 215
215 216
216 217
217 218
218 219
219 220
220 221
221 222
222 223
223 224
224 225
225 226
226 227
227 228
228 229
229 230
230 231
231 232
232 233
233 234
234 235
235 236
236 237
237 238
238 239
239 240
240 241
241 242
242 243
243 244
244 245
245 246
246 247
247 248
248 249
249 250
250 251
251 252
252 253
253 254
254 255
255 256
256 257
257 258
258 259
259 260
260 261
261 262
262 263
263 264
264 265
265 266
266 267
267 268
268 269
269 270
270 271
271 272
272 273
273 274
274 275
275 276
276 277
277 278
278 279
279 280
280 281
281 282
282 283
283 284
284 285
285 286
286 287
287 288
288 289
289 290
290 291
291 292
292 293
293 294
294 295
295 296
296 297
297 298
298 299
