0 35
0 1
1 36
1 2
2 37
2 3
3 38
3 4
4 39
4 5
5 40
5 6
6 41
6 7
7 42
7 8
8 43
8 9
9 44
9 10
10 45
10 11
11 46
11 12
12 47
12 13
13 48
13 14
14 49
14 15
15 50
15 16
16 51
16 17
17 52
17 18
18 53
18 19
19 54
19 20
20 55
20 21
21 56
21 22
22 57
22 23
23 58
23 24
24 59
24 25
25 60
25 26
26 61
26 27
27 62
27 28
28 63
28 29
29 64
29 30
30 65
30 31
31 66
31 32
32 67
32 33
33 68
33 34
34 69
35 70
35 36
36 71
36 37
37 72
37 38
38 73
38 39
39 74
39 40
40 75
40 41
41 76
41 42
42 77
42 43
43 78
43 44
44 79
44 45
45 80
45 46
46 81
46 47
47 82
47 48
48 83
48 49
49 84
49 50
50 85
50 51
51 86
51 52
52 87
52 53
53 88
53 54
54 89
54 55
55 90
55 56
56 91
56 57
57 92
57 58
58 93
58 59
59 94
59 60
60 95
60 61
61 96
61 62
62 97
62 63
63 98
63 64
64 99
64 65
65 100
65 66
66 101
66 67
67 102
67 68
68 103
68 69
69 104
70 105
70 71
71 106
71 72
72 107
72 73
73 108
73 74
74 109
74 75
75 110
75 76
76 111
76 77
77 112
77 78
78 113
78 79
79 114
79 80
80 115
80 81
81 116
81 82
82 117
82 83
83 118
83 84
84 119
84 85
85 120
85 86
86 121
86 87
87 122
87 88
88 123
88 89
89 124
89 90
90 125
90 91
91 126
91 92
92 127
92 93
93 128
93 94
94 129
94 95
95 130
95 96
96 131
96 97
97 132
97 98
98 133
98 99
99 134
99 100
100 135
100 101
101 136
101 102
102 137
102 103
103 138
103 104
104 139
105 106
106 107
107 108
108 109
109 110
110 111
111 112
112 113
113 114
114 115
115 116
116 117
117 118
118 119
119 120
120 121
121 122
122 123
123 124
124 125
125 126
126 127
127 128
128 129
129 130
130 131
131 132
132 133
133 134
134 135
135 136
136 137
137 138
138 139
