0 45
0 1
1 46
1 2
2 47
2 3
3 48
3 4
4 49
4 5
5 50
5 6
6 51
6 7
7 52
7 8
8 53
8 9
9 54
9 10
10 55
10 11
11 56
11 12
12 57
12 13
13 58
13 14
14 59
14 15
15 60
15 16
16 61
16 17
17 62
17 18
18 63
18 19
19 64
19 20
20 65
20 21
21 66
21 22
22 67
22 23
23 68
23 24
24 69
24 25
25 70
25 26
26 71
26 27
27 72
27 28
28 73
28 29
29 74
29 30
30 75
30 31
31 76
31 32
32 77
32 33
33 78
33 34
34 79
34 35
35 80
35 36
36 81
36 37
37 82
37 38
38 83
38 39
39 84
39 40
40 85
40 41
41 86
41 42
42 87
42 43
43 88
43 44
44 89
45 90
45 46
46 91
46 47
47 92
47 48
48 93
48 49
49 94
49 50
50 95
50 51
51 96
51 52
52 97
52 53
53 98
53 54
54 99
54 55
55 100
55 56
56 101
56 57
57 102
57 58
58 103
58 59
59 104
59 60
60 105
60 61
61 106
61 62
62 107
62 63
63 108
63 64
64 109
64 65
65 110
65 66
66 111
66 67
67 112
67 68
68 113
68 69
69 114
69 70
70 115
70 71
71 116
71 72
72 117
72 73
73 118
73 74
74 119
74 75
75 120
75 76
76 121
76 77
77 122
77 78
78 123
78 79
79 124
79 80
80 125
80 81
81 126
81 82
82 127
82 83
83 128
83 84
84 129
84 85
85 130
85 86
86 131
86 87
87 132
87 88
88 133
88 89
89 134
90 135
90 91
91 136
91 92
92 137
92 93
93 138
93 94
94 139
94 95
95 140
95 96
96 141
96 97
97 142
97 98
98 143
98 99
99 144
99 100
100 145
100 101
101 146
101 102
102 147
102 103
103 148
103 104
104 149
104 105
105 150
105 106
106 151
106 107
107 152
107 108
108 153
108 109
109 154
109 110
110 155
110 111
111 156
111 112
112 157
112 113
113 158
113 114
114 159
114 115
115 160
115 116
116 161
116 117
117 162
117 118
118 163
118 119
119 164
119 120
120 165
120 121
121 166
121 122
122 167
122 123
123 168
123 124
124 169
124 125
125 170
125 126
126 171
126 127
127 172
127 128
128 173
128 129
129 174
129 130
130 175
130 131
131 176
131 132
132 177
132 133
133 178
133 134
134 179
135 136
136 137
137 138
138 139
139 140
140 141
141 142
142 143
143 144
144 145
145 146
146 147
147 148
148 149
149 150
150 151
151 152
152 153
153 154
154 155
155 156
156 157
157 158
158 159
159 160
160 161
161 162
162 163
163 164
164 165
165 166
166 167
167 168
168 169
169 170
170 171
171 172
172 173
173 174
174 175
175 176
176 177
177 178
178 179
