0 50
0 1
1 51
1 2
2 52
2 3
3 53
3 4
4 54
4 5
5 55
5 6
6 56
6 7
7 57
7 8
8 58
8 9
9 59
9 10
10 60
10 11
11 61
11 12
12 62
12 13
13 63
13 14
14 64
14 15
15 65
15 16
16 66
16 17
17 67
17 18
18 68
18 19
19 69
19 20
20 70
20 21
21 71
21 22
22 72
22 23
23 73
23 24
24 74
24 25
25 75
25 26
26 76
26 27
27 77
27 28
28 78
28 29
29 79
29 30
30 80
30 31
31 81
31 32
32 82
32 33
33 83
33 34
34 84
34 35
35 85
35 36
36 86
36 37
37 87
37 38
38 88
38 39
39 89
39 40
40 90
40 41
41 91
41 42
42 92
42 43
43 93
43 44
44 94
44 45
45 95
45 46
46 96
46 47
47 97
47 48
48 98
48 49
49 99
50 100
50 51
51 101
51 52
52 102
52 53
53 103
53 54
54 104
54 55
55 105
55 56
56 106
56 57
57 107
57 58
58 108
58 59
59 109
59 60
60 110
60 61
61 111
61 62
62 112
62 63
63 113
63 64
64 114
64 65
65 115
65 66
66 116
66 67
67 117
67 68
68 118
68 69
69 119
69 70
70 120
70 71
71 121
71 72
72 122
72 73
73 123
73 74
74 124
74 75
75 125
75 76
76 126
76 77
77 127
77 78
78 128
78 79
79 129
79 80
80 130
80 81
81 131
81 82
82 132
82 83
83 133
83 84
84 134
84 85
85 135
85 86
86 136
86 87
87 137
87 88
88 138
88 89
89 139
89 90
90 140
90 91
91 141
91 92
92 142
92 93
93 143
93 94
94 144
94 95
95 145
95 96
96 146
96 97
97 147
97 98
98 148
98 99
99 149
100 150
100 101
101 151
101 102
102 152
102 103
103 153
103 104
104 154
104 105
105 155
105 106
106 156
106 107
107 157
107 108
108 158
108 109
109 159
109 110
110 160
110 111
111 161
111 112
112 162
112 113
113 163
113 114
114 164
114 115
115 165
115 116
116 166
116 117
117 167
117 118
118 168
118 119
119 169
119 120
120 170
120 121
121 171
121 122
122 172
122 123
123 173
123 124
124 174
124 125
125 175
125 126
126 176
126 127
127 177
127 128
128 178
128 129
129 179
129 130
130 180
130 131
131 181
131 132
132 182
132 133
133 183
133 134
134 184
134 135
135 185
135 136
136 186
136 137
137 187
137 138
138 188
138 139
139 189
139 140
140 190
140 141
141 191
141 142
142 192
142 143
143 193
143 144
144 194
144 145
145 195
145 146
146 196
146 147
147 197
147 148
148 198
148 149
149 199
150 151
151 152
152 153
153 154
154 155
155 156
156 157
157 158
158 159
159 160
160 161
161 162
162 163
163 164
164 165
165 166
166 167
167 168
168 169
169 170
170 171
171 172
172 173
173 174
174 175
175 176
176 177
177 178
178 179
179 180
180 181
181 182
182 183
183 184
184 185
185 186
186 187
187 188
188 189
189 190
190 191
191 192
192 193
193 194
194 195
195 196
196 197
197 198
198 199
