0 15
0 1
1 16
1 2
2 17
2 3
3 18
3 4
4 19
4 5
5 20
5 6
6 21
6 7
7 22
7 8
8 23
8 9
9 24
9 10
10 25
10 11
11 26
11 12
12 27
12 13
13 28
13 14
14 29
15 30
15 16
16 31
16 17
17 32
17 18
18 33
18 19
19 34
19 20
20 35
20 21
21 36
21 22
22 37
22 23
23 38
23 24
24 39
24 25
25 40
25 26
26 41
26 27
27 42
27 28
28 43
28 29
29 44
30 45
30 31
31 46
31 32
32 47
32 33
33 48
33 34
34 49
34 35
35 50
35 36
36 51
36 37
37 52
37 38
38 53
38 39
39 54
39 40
40 55
40 41
41 56
41 42
42 57
42 43
43 58
43 44
44 59
45 46
46 47
47 48
48 49
49 50
50 51
51 52
52 53
53 54
54 55
55 56
56 57
57 58
58 59
