0 30
0 1
1 31
1 2
2 32
2 3
3 33
3 4
4 34
4 5
5 35
5 6
6 36
6 7
7 37
7 8
8 38
8 9
9 39
9 10
10 40
10 11
11 41
11 12
12 42
12 13
13 43
13 14
14 44
14 15
15 45
15 16
16 46
16 17
17 47
17 18
18 48
18 19
19 49
19 20
20 50
20 21
21 51
21 22
22 52
22 23
23 53
23 24
24 54
24 25
25 55
25 26
26 56
26 27
27 57
27 28
28 58
28 29
29 59
30 60
30 31
31 61
31 32
32 62
32 33
33 63
33 34
34 64
34 35
35 65
35 36
36 66
36 37
37 67
37 38
38 68
38 39
39 69
39 40
40 70
40 41
41 71
41 42
42 72
42 43
43 73
43 44
44 74
44 45
45 75
45 46
46 76
46 47
47 77
47 48
48 78
48 49
49 79
49 50
50 80
50 51
51 81
51 52
52 82
52 53
53 83
53 54
54 84
54 55
55 85
55 56
56 86
56 57
57 87
57 58
58 88
58 59
59 89
60 90
60 61
61 91
61 62
62 92
62 63
63 93
63 64
64 94
64 65
65 95
65 66
66 96
66 67
67 97
67 68
68 98
68 69
69 99
69 70
70 100
70 71
71 101
71 72
72 102
72 73
73 103
73 74
74 104
74 75
75 105
75 76
76 106
76 77
77 107
77 78
78 108
78 79
79 109
79 80
80 110
80 81
81 111
81 82
82 112
82 83
83 113
83 84
84 114
84 85
85 115
85 86
86 116
86 87
87 117
87 88
88 118
88 89
89 119
90 91
91 92
92 93
93 94
94 95
95 96
96 97
97 98
98 99
99 100
100 101
101 102
102 103
103 104
104 105
105 106
106 107
107 108
108 109
109 110
110 111
111 112
112 113
113 114
114 115
115 116
116 117
117 118
118 119
