0 20
0 1
1 21
1 2
2 22
2 3
3 23
3 4
4 24
4 5
5 25
5 6
6 26
6 7
7 27
7 8
8 28
8 9
9 29
9 10
10 30
10 11
11 31
11 12
12 32
12 13
13 33
13 14
14 34
14 15
15 35
15 16
16 36
16 17
17 37
17 18
18 38
18 19
19 39
20 40
20 21
21 41
21 22
22 42
22 23
23 43
23 24
24 44
24 25
25 45
25 26
26 46
26 27
27 47
27 28
28 48
28 29
29 49
29 30
30 50
30 31
31 51
31 32
32 52
32 33
33 53
33 34
34 54
34 35
35 55
35 36
36 56
36 37
37 57
37 38
38 58
38 39
39 59
40 60
40 41
41 61
41 42
42 62
42 43
43 63
43 44
44 64
44 45
45 65
45 46
46 66
46 47
47 67
47 48
48 68
48 49
49 69
49 50
50 70
50 51
51 71
51 52
52 72
52 53
53 73
53 54
54 74
54 55
55 75
55 56
56 76
56 57
57 77
57 58
58 78
58 59
59 79
60 61
61 62
62 63
63 64
64 65
65 66
66 67
67 68
68 69
69 70
70 71
71 72
72 73
73 74
74 75
75 76
76 77
77 78
78 79
